1.15503156836545
1.26380088888445
1.05211548941224
1.06810044930028
1.07014573797281
1.01909739251499
0.955620437896841
0.949344916057576
0.959669702794882
0.961686977820872
0.957912921215514
0.962292137676929
0.955549277445926
0.95296937308989
0.946526319588635
0.953408371871553
0.95361517269821
0.957854897329598
0.957367816397515
0.95732145688902
0.95715848498165
0.95733325170145
0.957398745126548
0.95745165616841
0.95745874523622
0.95684656102132
0.95254849021321
0.95102165540126
0.95002358498107
0.95121567892348
0.95102156909875
