19.9465493143624
11.0518446459545
6.96633001688774
4.62105717378241
3.49928649688738
2.14962947305266
1.29280682838054
1.07054643874431
1.00850398146732
0.95915030968888
0.930306239856495
0.881671090534307
0.868761536544288
0.822226341109567
0.773740952656456
0.780107735101439
0.820059790141571
0.830270540124042
0.835006752622506
0.792878713977017
0.786520739696815
0.765165035475541
0.766518400215349
0.761651650415587
0.768741654012456
0.765489750221445
0.761651654890098
0.768974516601474
0.759889465101424
0.758798796541123
0.765164681478522
