0.49649136797563
0.0252113007440502
0.0781704647949292
0.014990195195975
-7.84253073690885e-05
-0.00437553738481596
-0.000780720937406627
-0.000557060075980466
0.000434597719903885
-0.000274939217526631
0.00047712062882433
-0.00055534304470918
-0.000301937502651225
-0.000432437074699854
-0.000438254799742056
-0.000263656987409853
-7.98816764637582e-05
0.000138512749671836
-0.000169749422587115
0.000109093566520251
-0.000274872863069692
8.31361143276163e-05
-7.54366790855204e-05
-0.000209486153071596
0.000114600563752909
5.78566316846774e-05
-9.07288259646064e-05
-9.52608791473923e-06
5.28969461666669e-05
-0.000224819004868374
4.02429591338095e-05
-3.78076261946574e-05
-9.184536501248e-05
-4.95530450182721e-05
6.11940491984405e-05
1.03596095202632e-05
