0.496518139067665
0.0257131657768139
0.0792045532013576
0.000138829880935699
2.19286446804245e-05
0.000134637331689125
-0.000739019661888978
0.000390378031356931
-0.00051970765130375
-0.00165913029726668
8.10145104006357e-05
-0.000392070820498231
0.00019846003135723
-9.33158721277585e-05
-0.00063027191663774
-0.000139079166914244
0.000355030895054237
-1.23501250989004e-05
-0.000210791166193679
0.000182678953331786
-0.000336556258067484
-0.000207576121325712
2.94130868656126e-05
-0.00028712087816914
0.00014385373859582
0.000105812476551016
-0.000236477642895131
1.15718141280113e-06
-0.000117443331110187
-8.80093640541681e-05
-1.40300187078117e-05
9.54144869519592e-06
2.80886405053756e-05
-3.52095310055543e-05
3.82164388708391e-05
7.75763248035387e-05
