0.496515449449672
0.0264368120048979
0.0788132538144962
0.00490182821221432
-0.00123417160098684
-0.00182562690474191
-0.00061320592455201
-0.0016568794165863
-3.90599011052314e-05
-0.000902358197504016
0.000890387583873879
-0.000631834282036919
0.000169598539144423
-0.000233799992076014
-0.000280884093584696
-0.000215071710548274
0.000226506756606028
1.47664268953631e-05
-4.87819239015246e-06
-3.37805129013931e-05
-0.000120237136389573
0.000108910511684104
0.000145250546680709
-9.00818204756759e-05
0.000122198042599404
5.36817360204675e-06
-0.000136875332698453
-4.52056356128798e-05
-6.65209357343819e-05
-6.70309329822074e-05
5.01837930560393e-05
-6.66567490324851e-05
-7.16095694540181e-06
2.33855590807294e-05
2.26032053725999e-05
-1.78842019278129e-05
