0.496534817961907
0.0258018085019146
0.0788881096888232
0.00306510936183994
-0.00113011041919098
-0.00215630701132223
-0.000404058411031753
-0.000952516263708759
-3.75272462058533e-05
-0.000154054109192098
0.000549727336979271
-0.000416637784840783
6.34631269513454e-05
-0.000274001122688671
-0.000392071623353845
-0.000107191832617298
0.000156977923636582
0.000129554776800202
-7.71965357977691e-05
-3.3862222193191e-05
-0.000102698768595197
0.000148996847715155
5.08469040116349e-05
-0.000100027710897763
0.000125368360206244
-1.02638690501352e-05
-0.000116942471075193
-4.34614416006242e-05
-7.25643736458744e-05
-8.85353956617361e-05
4.16977784534196e-05
-2.64996320857005e-05
-1.39349288447644e-06
5.45861324803232e-05
1.79162571927906e-05
1.81175775208255e-05
