0.496558656638176
0.0245937152909244
0.0789728690844942
0.00340175043776992
-0.000652020740780928
-0.00184990657876252
-0.000292864054493861
-0.00107413504202073
-0.000183614190036369
-0.000391996725814324
0.000588886860474903
-0.00034677434124781
-2.49419649463035e-05
-0.00021849713169569
-2.33346441198025e-05
-8.18166376461188e-05
7.22445997194628e-05
5.05870768090057e-05
-3.70895280349325e-05
-3.05980493284865e-05
-7.74368185498995e-05
0.000113384942984881
9.9607189050924e-05
-3.29275817243966e-05
0.000102199488289924
-3.86573647867343e-05
-5.79032741392915e-05
-4.82504428716056e-05
-1.85060792772451e-05
-6.12984138873035e-05
3.93468162447059e-05
-2.06851026221999e-05
-5.40986447302014e-06
5.90643434314847e-05
-1.29746628257e-05
-8.77699343918251e-06
