0.158337560106481
0.101433824900692
0.0464274272250018
-0.0304954784560458
0.010395245670575
-0.00510029557524982
0.0217367432095907
-0.00865708184332131
0.00160324786605339
0.0187659354968373
0.00655188207399354
0.00184487387665353
6.9253957621222e-05
0.00308823639960103
0.000237429901660072
0.00125966950899286
0.0029413060108303
-0.000256817636278803
-0.00572744168435867
-0.00318385735956378
-2.91601360252291e-05
8.89207641993283e-05
0.000313564139312207
0.000883520568314559
0.000209970885773965
-4.55834923924637e-05
-0.00157190858362049
-0.000624183261943979
0.00160381749066229
0.000606168629385898
6.21049471880352e-05
1.22153398781408e-05
-0.000635532608750309
0.00023154361698663
-8.61174770343234e-05
