0.16328154267238
0.112041794405912
0.0195048590446178
0.000313959507253618
-0.000945248250052387
0.000302782697457627
-0.00107072686597869
0.000682982483884093
0.000470023383311376
-5.14321088023984e-05
0.000121066775881309
7.73755474171813e-05
0.000109046528782653
0.00015870584397633
-9.28139775528045e-05
0.000102535915583115
-6.25423848050626e-05
-1.67088227376269e-05
1.89012838611806e-05
-0.000105715471384505
-2.27723417487103e-05
1.76474918614979e-05
-7.68627271280343e-05
-1.91256464764021e-05
3.86691326764534e-05
-3.42542324349628e-05
-3.45068646801742e-05
4.41351681678054e-05
4.81658878867057e-06
-7.42333891028539e-06
6.53852274537742e-05
-2.41929984853179e-05
-7.76079193310882e-06
1.95762026711265e-05
5.91812173953243e-06

