0.16328154267238 0.161099110516328 0.164377423658394 0.158337560106481
0.112041794405912 0.116627349703653 0.112135348439539 0.101433824900692
0.0195048590446178 0.00580301316323257 0.00143814970224502 0.0464274272250018
0.000313959507253618 -0.00254468222108298 -0.00035842152404718 -0.0304954784560458
-0.000945248250052387 -0.000939125354063858 0.00038679131694632 0.010395245670575
0.000302782697457627 -0.000232886740464433 -0.000458584996038891 -0.00510029557524982
-0.00107072686597869 0.000905546988002375 -0.000509774652354284 0.0217367432095907
0.000682982483884093 -0.000681161105753302 -0.000160918153064844 -0.00865708184332131
0.000470023383311376 2.81146258064236e-05 0.000121692979764304 0.00160324786605339
-5.14321088023984e-05 0.000161797606894383 7.53589578464211e-05 0.0187659354968373
0.000121066775881309 0.000128109583175852 1.90896320382993e-05 0.00655188207399354
7.73755474171813e-05 -0.000261536778390071 0.000510786032878338 0.00184487387665353
0.000109046528782653 0.000230819208361136 7.54826421317819e-05 6.9253957621222e-05
0.00015870584397633 0.000195199164727023 -1.63379761586219e-05 0.00308823639960103
-9.28139775528045e-05 0.000281962528361695 -0.000304066071405487 0.000237429901660072
0.000102535915583115 -0.000157214213868775 0.000357479730819112 0.00125966950899286
-6.25423848050626e-05 0.000216673756876006 -0.000123541285230383 0.0029413060108303
-1.67088227376269e-05 -3.06929342404025e-05 0.000145020201270066 -0.000256817636278803
1.89012838611806e-05 -4.20427205510524e-05 -2.94531627660333e-06 -0.00572744168435867
-0.000105715471384505 0.000100632619971599 -3.19147985957726e-05 -0.00318385735956378
-2.27723417487103e-05 0.000143181708371448 -2.91603059350479e-05 -2.91601360252291e-05
1.76474918614979e-05 -0.000104229943610884 8.95668006547572e-05 8.89207641993283e-05
-7.68627271280343e-05 0.000219230832927977 -2.98428899146136e-05 0.000313564139312207
-1.91256464764021e-05 -1.47617817900272e-05 4.13337976537998e-05 0.000883520568314559
3.86691326764534e-05 -2.03425771691381e-05 -5.52967126624354e-05 0.000209970885773965
-3.42542324349628e-05 -5.23134419190029e-06 -4.55835896545822e-05 -4.55834923924637e-05
-3.45068646801742e-05 2.50292198228578e-05 1.83569187026866e-06 -0.00157190858362049
4.41351681678054e-05 -0.000101796284111669 9.49782253494642e-05 -0.000624183261943979
4.81658878867057e-06 7.28526465718034e-07 -2.73279785274701e-05 0.00160381749066229
-7.42333891028539e-06 5.42211716003376e-05 -7.1368325278217e-05 0.000606168629385898
6.53852274537742e-05 -2.87405523746451e-05 2.31795250588455e-05 6.21049471880352e-05
-2.41929984853179e-05 1.29272732337303e-05 1.22124985112924e-05 1.22153398781408e-05
-7.76079193310882e-06 1.79909807917306e-06 2.51449103337792e-06 -0.000635532608750309
1.95762026711265e-05 -3.99007969119445e-05 5.03730748392355e-05 0.00023154361698663
5.91812173953243e-06 -9.78829743318395e-06 1.87015423569368e-05 -8.61174770343234e-05
