0.0447229073394198 0.094722886363245 0.143195168465652 0.0954833358102682 0.145483333700112
0.0894458146788396 0.139445785658065 0.120346052470862 0.070363780616938 0.0728892377594014
0.0715566517430716 0.104325865138417 0.0603643253833517 0.0103667341457562 0.0603667285676033
0.0629348684949589 0.0129353398028407 0.0201814423100572 0.00474452982362873 -0.0452554614827018
0.0435718173797558 0.00182108966345044 0.0107649028691437 0.0324648987456706 0.0824648847891197
0.00672088332565748 -0.000854892882853763 -0.0143605241519578 -0.0351034168776492 0.0148965478884214
0.0191895249504058 -0.000136373729727246 -0.00755864021835693 0.00145313658117051 0.0240719747609647
0.0376820957792543 -3.10032557943596e-05 -0.000505243845513816 0.0440535911131323 -0.00594629385946505
0.0659756510598084 0.0159756659394465 -0.0204644009813647 -0.0379514992059269 0.0120481815660127
0.0664842766172454 0.0164842870574443 0.0081842304798684 -0.000526857587370096 0.00190921231374265
0.00543005297424456 -0.000246631908098324 -0.00172429274795385 0.00529050972518619 0.00208989743556515
0.0334386598198866 9.22338429922911e-05 -0.00801283532207248 0.00982358678084269 0.0002250888016695
0.0329761158073694 0.000194554849484954 0.000281335068410768 0.0502182482016547 0.00349183676623295
0.0167220604845821 -3.65507032036583e-06 -0.00277966976021004 0.00482672094269579 0.000692485748560418
0.027571095584628 8.38961307849315e-05 -0.00046001944527038 -0.0504411801863013 -0.00113213055845991
0.00488823850702699 -0.000235032107093694 -0.00245585727915517 -0.0509680783853425 -0.00249880658103495
0.0145304316289645 -2.86331585634958e-05 0.00337703353473498 0.0394400050807431 0.00171528670344079
0.0315487290728015 9.11960723289362e-05 -2.2776268743988e-05 0.00799328146927742 0.000770447457984397
0.0272929614744407 3.43780350292588e-05 -0.000306497911019441 -0.025568327474511 -0.00101887563422704
0.0330562326949419 -0.000102161655964446 -9.32366523548593e-05 0.00244115050828465 0.00207119512216898
0.0112957208116553 -6.25729838110035e-05 -0.000784850357775557 -0.0507470119196134 -0.00074705510287211
0.00061516564612881 0.000109210977195985 6.16783347976279e-05 6.16784454991401e-05 0.00106926507935798
0.0146270127573674 2.59959207718034e-05 -0.000353629875197752 -0.0309917908574795 -0.000896764497769882
0.0160888701589059 4.48089147077717e-05 0.000361843176950564 0.0473647427187087 0.00219753270765537
0.0116918209044979 -4.50907189026486e-05 0.000401907505777339 -0.011670432138403 -0.000167904042407742
0.0130527523666123 9.71730928787246e-06 0.000812059754153885 0.00914104277581083 0.000711089229286147
0.0128011222985123 6.84682699004565e-05 -0.000715617892283852 0.0141279289575071 0.000591759283616039
0.00675646168240608 -5.25039308073121e-06 0.000252229037578272 -0.0157378289394953 -5.06490101155124e-05
0.0112911936916249 -8.5211064789377e-06 2.45529807555839e-05 -0.0284369659218341 -0.000429039551603304
0.0029488440090397 3.44434866289102e-05 -0.00023051845462108 0.0336164830744021 -0.000671388515365169
0.0121622761873538 5.88582151849794e-06 -0.000497797152409453 0.0232795813069433 -0.000298375771835981
0.000548349287732397 -2.10094650772097e-05 7.4321678379233e-05 0.00439076236086654 -0.000153388728796618
0.00477024642281886 -4.12285771843324e-06 6.3979923556842e-05 -0.0050088053619227 0.000385886009572916
0.000795343553825769 2.02381273832677e-05 0.000145119448909334 -0.00855374112674209 0.000179334227450857
0.00167318192113148 1.18049407438006e-05 1.18076639825015e-05 0.00518321363691185 -0.000669070900870056
0.0141847985658367 -3.49461400329758e-06 -6.86662921177562e-06 0.00896008801385824 -0.000454654373074008
0.0119690453058299 -8.04419766493175e-06 -0.000323345680781167 -0.00331881128590289 0.000217514124480352
0.00546232253220754 -3.10779662195115e-06 -1.58146690537586e-05 0.00430543085641868 -0.000257537064800926
0.0163684257917231 5.72535671109625e-06 0.000339047492640783 -0.0142074575474734 0.000353476419692121
0.000593364585905852 9.76302375775974e-06 1.10604724682044e-05 -0.0256604941600462 0.000224393903324072
