0.496155685112327
0.0288791962927907
0.0825711211410497
-0.00035402168290408
-0.00180801274152137
-9.79234902121159e-05
-0.000921546096414719
-0.0005605696238536
-0.000567449579511365
0.000707357476283091
-9.62741117001287e-06
-0.000519704484562996
-0.0010245471993385
-6.78008127436183e-05
-0.000268499784126755
-0.000130658066907621
0.000345696122079213
0.000102091318346831
0.000146507792113691
-0.00010996702677163
-1.47889448045202e-06
-1.89221167764453e-05
-3.07373650780523e-05
0.000169469802120816
9.91876160846114e-05
-1.63939350204339e-05
-4.0987081767688e-05
4.70575132337414e-05
0.000102477643897027
0.000160022378841406
3.1165731092984e-05
-4.35811888442655e-05
-4.34494981723993e-06
0.000132211479364065
1.19950288107839e-05
8.2399631334448e-05
