-128.955
36.1653
34.8209
43.5331
38.451
39.5223
27.687
21.8042
30.3768
33.4191
37.9251
33.0312
26.3011
29.3096
33.4226
36.4892
29.2266
28.5645
31.6425
27.9824
26.9836
34.1127
28.8959
29.0895
25.6983
27.2102
30.3149
30.0127
25.7508
28.6514
36.6819
27.8806
27.4083
27.8387
15.4233
31.1695
27.8375
26.6764
31.2717
35.4352
25.181
33.0055
35.8775
22.8004
23.1539
36.7133
21.35
34.6038
32.5738
23.4108
23.606
31.3565
23.3779
24.3686
28.4933
26.9787
24.4822
30.7605
23.7307
27.3104
15.3001
21.9864
24.7497
22.4629
19.9614
15.5552
31.1812
24.3689
29.8209
25.353
18.6962
28.2447
17.1262
25.1688
16.9791
20.507
28.4004
22.6222
37.4043
29.3338
28.8999
23.1653
14.2744
21.1819
21.6738
7.28454
16.0362
8.06065
13.8986
16.5414
14.6208
19.6089
16.5292
9.93617
13.5457
18.272
23.9993
27.4995
18.3386
18.5588
24.0032
20.2428
14.806
19.4481
27.2086
27.6925
14.6906
12.6885
9.8734
9.25499
14.3024
23.6732
9.21653
10.5886
15.1104
16.655
27.4835
17.2167
17.1941
11.5225
23.8782
13.0934
24.5108
16.7476
9.46928
15.9427
12.6721
18.8996
20.8439
18.049
11.8757
16.7116
10.4619
10.8903
17.4172
14.3947
10.9999
15.7194
10.7502
13.2571
15.5214
27.2091
9.29834
9.31404
21.4974
20.0691
13.9746
11.741
11.1601
-0.297608
7.09231
11.8315
11.635
11.0835
12.2808
15.1296
8.07223
11.1436
10.5564
11.3509
18.1329
4.16834
15.9724
5.52892
13.9999
12.4354
12.1546
14.2586
9.38088
11.4081
15.424
8.03718
6.68831
3.4581
14.9641
8.31344
5.12142
16.3485
1.33245
15.7354
9.96983
11.6696
20.8627
16.6799
8.17675
6.60715
1.99409
5.19732
8.73618
4.8075
15.3818
7.86809
6.29146
4.89539
11.4526
19.1568
13.0747
6.88415
10.1634
7.43213
6.46583
8.62216
10.9997
8.53368
7.39241
5.74229
0.523299
11.3118
11.4051
-0.771495
4.25752
4.0738
11.6047
14.3087
11.5202
12.7799
4.06384
10.6811
11.5853
11.1825
5.68908
8.64268
12.1118
-0.587287
15.4761
-0.542095
0.474496
5.77472
-2.87327
6.23334
-5.92088
8.52673
5.61302
8.4068
6.15204
7.41392
3.31333
5.91604
9.61622
7.19113
8.74615
2.9901
6.24394
12.4853
-7.43999
-0.0219568
-2.03203
11.7028
3.03339
4.35581
2.77773
19.7264
-3.82175
7.97928
3.86109
10.8546
14.4714
-0.531346
1.39383
11.668
5.00617
-0.485083
11.2369
3.59381
3.62001
3.89654
4.41362
7.08424
6.2779
2.57284
2.50036
12.3313
-0.543988
7.26839
5.07048
11.3114
3.74776
4.43936
0.866145
7.88168
1.57293
7.67325
7.68101
0.1432
14.7406
6.40029
10.0192
7.43509
4.93641
10.4484
12.8226
6.2887
3.69886
4.79656
1.1987
8.40414
1.83869
8.51386
0.908713
-1.08309
-0.65136
4.37446
8.3407
3.36641
-3.64941
7.47357
3.94621
5.21338
9.7357
10.9397
0.977361
-3.44027
0.824238
9.13277
4.31112
4.7964
-0.521255
9.54102
18.024
4.39461
6.96262
1.85546
-10.0907
8.55956
-1.20605
-1.70878
-3.26714
6.20306
-1.38187
6.2571
3.5665
-4.0467
0.206546
2.07508
5.12723
5.28517
-1.01108
5.58123
2.64515
3.77856
3.84167
10.6335
-4.78534
3.29802
2.82634
-8.39838
-1.96907
4.23456
-2.31957
3.52405
4.09549
0.148571
14.7166
6.44253
-1.23053
-2.79374
-3.42917
8.37349
14.368
2.19246
8.35981
5.59189
9.71813
9.81333
1.42157
6.05406
2.64247
1.13287
9.30702
2.38917
3.98778
-0.509368
8.81528
1.58506
3.56914
5.5784
-5.11305
7.79009
-1.64171
1.87845
6.658
-2.09938
0.072745
-2.33947
2.60548
3.47357
3.29078
10.5304
3.45064
1.99582
5.82647
4.93663
10.8826
-9.67367
7.74739
0.512645
13.1627
-0.819799
6.02712
-9.28161
-10.0354
3.64016
-2.39485
5.97036
2.72473
1.6165
-6.62109
-6.86132
0.940565
0.622111
3.78851
2.60408
0.239649
2.51553
7.67378
6.1332
9.05243
-1.90377
9.48379
1.1765
1.16577
-3.39619
1.39565
5.80882
0.752718
0.0710459
3.57928
-0.815027
3.74048
1.50467
4.98264
4.22582
7.0241
3.75576
2.16473
0.651387
7.31572
2.69615
-3.80455
0.526123
-0.0476314
-1.79011
-3.30534
0.0902841
1.8578
5.53638
6.6421
-7.99931
-1.41467
-1.46244
2.62978
5.82948
-2.20243
11.0239
7.32651
9.99274
-3.62246
3.07432
0.421951
-3.35744
9.12291
-3.03061
13.7322
-5.06033
4.62376
-4.0836
-8.27534
-2.56082
-1.65901
-4.81149
13.5484
-2.93169
6.45288
2.86641
6.83681
4.70755
-1.84407
-7.33421
-4.23463
5.01317
-5.12731
4.19311
-0.461101
1.57484
5.86497
0.737828
-1.91563
-1.41757
1.86145
-1.44432
-2.96915
-2.8145
-3.94538
6.98355
-4.74492
3.89147
2.66256
7.50907
1.59646
5.6555
2.80033
0.77928
1.50455
-1.10769
4.79243
-5.72722
1.05523
14.0395
1.84094
-4.31852
4.72099
-1.13698
0.121436
2.54497
4.11511
-3.95077
2.51721
-3.79306
0.272002
-1.34869
-5.37137
-3.0191
4.29084
4.63242
-3.77943
-4.22901
0.171547
-2.13491
4.60319
5.8369
2.32162
-5.55387
10.6807
3.40599
6.39846
-5.7956
-4.39009
3.15462
1.27641
5.93643
9.92766
-4.70093
7.83951
2.55864
1.25288
-4.11406
8.8027
10.1426
9.80354
-0.102582
2.35045
-4.93814
-3.28326
-0.564165
11.5792
-2.43596
-4.59753
-1.12921
-2.56326
-2.61059
1.25543
3.70161
8.21032
-5.5188
5.25073
1.24938
6.11011
-4.518
1.07
0.679527
-5.22377
-0.129058
3.0098
-1.93908
4.25488
2.19808
0.192645
-1.36598
0.242509
1.80266
-4.34376
-2.81592
0.756435
-1.23942
-3.04378
2.67229
11.5444
-3.29975
1.80352
13.2995
2.61436
-0.0072966
-4.20133
-4.37899
-4.17061
-5.36091
-0.849186
-3.40513
-1.89076
5.29272
-6.27257
-1.17208
-5.13241
-3.65613
5.24138
3.71066
7.44755
-2.5323
-6.61132
-10.7796
-10.7865
-2.17718
3.88723
-2.04374
4.52623
-0.470193
5.49271
-3.63544
1.87347
3.94786
8.32374
-0.711634
0.700981
1.73776
0.850792
0.738018
0.338198
-9.00506
-8.05743
6.18816
2.75324
6.35841
0.668879
-7.75817
-4.39886
7.97665
6.95667
-0.135453
6.29706
-8.7464
-0.172037
-9.49958
1.70402
-0.573211
4.00987
2.74767
4.12515
0.759544
-2.58913
2.02781
0.389521
4.18946
1.28958
-5.66136
4.34645
3.00485
4.36097
-2.17304
8.74801
-0.336495
-5.85367
-2.15325
-11.4726
-13.1801
9.90229
-0.37538
5.05411
-4.08814
-4.87115
0.705613
-1.1416
1.58831
7.8688
-6.0496
-6.63218
9.70672
-0.785547
-0.159667
-6.27651
2.75282
0.638131
-4.99679
4.82372
-2.23182
-1.09168
-2.97949
6.00452
-9.0248
-2.5191
3.74499
-8.04156
1.20766
2.9664
8.34141
-5.9488
-0.481042
-1.69894
-4.05884
3.51884
0.812954
-2.61216
4.99368
5.20605
-5.21741
4.81653
0.747669
-9.38631
-5.02535
5.01883
-1.91577
-2.69021
-1.89872
4.17552
-7.9846
2.00161
-6.76081
-4.88575
9.73579
-3.90975
-0.301208
-6.36176
-2.43185
4.39906
0.270216
-5.83901
-2.83051
-3.70009
8.9636
14.0427
-7.25759
1.35192
7.56573
-4.10841
4.89743
1.6105
2.95332
-10.9222
2.98583
-2.29071
4.12816
9.5558
2.7355
-7.98013
-1.823
-2.38906
-0.832353
-4.637
1.25637
-1.24849
-3.4974
6.87122
6.93814
0.0798072
-1.19314
7.12505
-3.807
-3.0594
-0.230961
-3.67236
4.6745
2.56635
0.631399
11.8133
-3.91629
-1.3408
1.68016
-6.59773
-0.918548
2.43722
-2.00152
0.0927654
-1.98467
3.30509
4.78206
4.22264
7.65931
1.28375
1.11675
-2.73513
6.96736
-1.64733
5.833
-2.90814
4.77565
3.33538
-2.99187
1.34477
-0.35886
-0.676843
-5.71855
3.28229
-5.53233
5.29736
-5.17972
6.56699
-2.71168
1.53695
-9.39396
4.75149
6.43079
0.978207
1.43126
0.00133054
1.1774
-7.76395
-2.31071
2.76131
7.18828
1.85415
-6.80725
-1.84592
4.28393
5.97082
-1.44932
9.49671
1.73576
3.46463
-0.0799628
-1.19907
1.27533
6.20998
-0.137628
3.64222
6.86816
-10.2563
3.12695
-1.10002
4.04807
8.34835
-0.315373
-2.62862
0.15407
2.85168
-7.73905
0.0171916
4.02559
1.03015
-5.70181
0.998799
4.164
-3.47335
5.40739
-3.06074
0.261704
-3.74428
-0.170976
-0.91871
-2.51849
0.836485
-5.39488
-8.42378
7.61302
2.45841
-1.39879
3.62948
3.55248
-5.11393
2.16855
-6.48517
-1.38155
-0.428504
-4.38232
6.18572
-0.932539
-5.6314
-3.76626
2.91319
-10.8902
-4.75414
5.46329
5.22178
-0.585063
-2.45972
-1.69776
-8.60866
-0.305209
4.26254
0.897119
2.58719
-0.754486
3.0761
-0.601042
-2.89379
5.75113
-1.76482
-10.7249
-3.62944
1.04719
-2.40823
4.75801
-1.15232
1.54119
3.74431
8.105
5.30226
-0.166656
3.60733
2.92399
1.11806
-0.475788
-2.29291
-0.295865
-8.84465
-8.21542
-8.14088
-4.54979
-0.0229434
1.92628
-6.05086
-3.11033
-1.53208
-4.88282
3.1837
2.03794
10.1886
5.28641
-1.90789
-3.10783
4.29737
-8.39165
-3.37026
-2.87531
3.49613
4.67865
-1.44239
-0.559411
7.94898
2.06951
-2.09899
-7.77806
1.49348
8.08868
-0.530076
1.4111
3.14056
1.28088
-4.67623
8.77424
2.5598
-5.54474
-7.77644
3.99535
8.07001
6.02881
1.22619
7.86794
-0.748773
7.59152
2.52537
-7.41474
-1.66705
-5.90579
-3.87116
1.37142
5.99405
4.59425
0.183811
-3.96575
2.92893
6.10897
3.87934
-3.72544
-6.30757
-2.96299
-11.919
2.2801
6.60147
2.94913
-4.12217
-3.30465
-0.566448
-1.42383
-2.12521
2.38202
-6.99803
-0.430799
-3.19916
-10.8353
3.1282
4.773
-1.08482
8.39188
1.2762
1.10596
-2.07939
1.94157
5.65218
-2.50787
-5.00479
-6.6445
8.46614
0.958133
-1.64822
-0.233049
2.66749
5.42406
3.18218
-3.45467
6.78899
1.1755
-3.06361
-4.77268
-3.74744
0.680249
0.871726
-3.9089
-1.60724
7.20514
-1.8829
-1.02658
0.937762
0.383404
2.63525
-3.06868
8.73073
8.38676
-1.86988
2.08612
2.70586
4.46639
-1.29471
-8.18185
3.84431
-5.01392
-4.15785
-0.77823
2.86945
4.21102
0.0607801
-1.26879
-2.05045
-6.0642
-6.47989
10.2431
3.46668
-3.5103
2.94406
-2.94187
-0.419073
-11.3325
-4.18933
0.702442
-3.93865
-0.500455
5.80983
-4.03326
-5.77183
-4.06321
1.19072
-2.09023
-2.8437
-2.16477
7.42068
4.49223
-0.103899
-1.55159
-3.03442
0.435179
-0.704727
8.17288
-6.50452
-1.42084
-2.15922
9.49582
8.32668
-2.88657
4.43377
7.13398
-0.319363
-1.9047
1.01201
3.81594
3.57081
3.24794
-0.508406
-4.74234
-0.571418
-0.0420257
-0.970147
3.64023
2.3532
-7.7477
4.76922
4.83086
0.428784
-7.01844
-0.802191
8.29338
-6.14919
3.45233
2.72761
2.94524
13.533
-1.31933
1.23844
3.77899
-1.81068
6.67839
-4.17913
2.81576
7.99835
8.10251
-1.18554
0.192583
-0.820339
7.67953
1.41533
1.23869
8.97324
4.06385
-4.42608
7.05451
9.54394
6.39483
5.17096
-0.680273
-7.59807
1.07678
-1.77955
1.44946
6.70474
1.98898
3.04845
-1.84021
-4.66067
-0.364299
3.6929
-5.59397
5.22673
0.766135
0.518133
2.04707
-4.16331
6.51445
-2.42251
-5.38732
-2.08525
0.485521
5.45352
-2.78524
-9.80947
-2.21838
-3.77464
-5.12116
-5.28397
-2.2585
3.49695
-4.25951
0.985039
6.9693
2.66406
-0.748865
2.54186
3.98197
-3.12601
1.21778
5.44386
5.58436
-3.82367
6.51135
1.35175
-7.38446
-2.46327
8.07405
5.03918
8.17483
2.57677
-3.22327
3.92744
0.124005
-5.35278
-4.01886
-4.09528
1.49678
-5.45888
-4.7117
9.91607
-6.16374
1.08678
0.776239
2.87526
4.57025
0.550408
-1.2969
3.84763
8.61747
-4.41677
-1.03494
-1.48479
3.04374
-2.83004
-2.70545
0.813297
-3.53553
-5.14515
-0.930819
-2.08506
2.86163
7.42117
-4.9149
9.7608
11.1597
-6.57396
1.31638
3.23655
-7.60992
2.30412
1.30587
3.80799
0.0912083
-9.16956
-4.75259
-2.68007
8.43594
-3.61005
6.18359
6.06819
0.341598
3.34079
2.26255
1.61652
2.14439
-4.81196
-4.42483
2.88362
-1.70471
-1.81121
-3.32951
-1.4014
2.33849
2.92662
-2.95204
-0.74511
-0.0203383
0.792292
-4.99294
-3.23539
-1.71334
-9.98638
0.923827
-3.88388
-5.44633
-0.0482884
1.14771
3.87245
-0.342374
7.5185
-1.08217
-3.57182
1.69062
4.2414
-2.71152
2.60878
-3.15113
0.726802
1.45649
0.129698
4.8791
-0.628311
2.1844
-6.22217
-9.54309
5.16668
-4.85817
1.3859
6.25444
-1.31896
11.1963
1.62065
-10.6328
0.313922
-0.834505
13.9719
-1.64753
0.446514
-3.74341
-6.66707
-11.2027
1.08771
3.14235
-4.12376
4.94354
0.617468
7.11415
-8.03941
1.04701
6.23028
6.53673
-5.21755
4.71076
-0.67312
-2.12048
5.26567
3.55471
-1.7912
-0.265896
5.53777
-5.56208
-4.19951
9.83011
0.855935
-7.89855
-5.99071
3.82237
4.38459
-6.87119
1.25726
1.92784
-1.68073
0.241341
-6.46101
-2.45493
3.04068
-0.734283
-1.79041
-0.842517
-4.81957
1.42514
-0.470827
0.615695
1.83484
2.60546
2.00234
2.63918
-3.95811
0.0572541
1.63692
0.173854
1.92876
8.05717
8.24699
-7.29248
-1.0503
-1.4036
-4.20013
-0.985636
1.27632
5.37897
3.60244
5.06163
-1.42786
2.29046
-3.03737
-3.63037
-1.28257
0.936762
9.13067
9.43518
-1.99978
0.782013
3.93145
2.95632
5.97039
-0.634582
-7.07364
-4.6128
2.43943
0.588857
-7.35361
1.2355
-4.38756
-4.52497
-11.2483
-2.26505
10.5607
-1.59271
-2.26201
6.01841
1.29871
-10.5762
-1.54959
1.58027
0.632062
3.0414
-1.74586
-6.65908
-6.76669
-9.0581
-1.83141
0.000156158
8.24531
6.45326
3.80239
6.18172
1.72415
-3.79518
3.92561
10.7543
10.4228
-0.914372
-1.92252
-4.31457
-2.0024
-5.68354
1.59046
7.33873
-4.08036
-3.1202
1.977
1.55564
-8.90154
-1.94998
-6.64541
-0.808266
5.82601
-5.73965
2.006
5.19076
0.64804
-3.88892
-2.37748
-9.26889
-5.46681
6.35066
-4.97094
2.914
10.3088
1.85384
-2.47963
-0.812558
1.46408
4.73931
12.2585
-5.84906
0.626033
-2.45692
4.26535
0.566293
6.94615
4.98791
-1.78934
-2.19028
-0.183022
-1.69892
1.84944
0.892484
-1.85527
-1.09912
-0.188695
5.64372
3.34634
-1.05774
-4.78645
6.15442
-5.75765
-2.71042
-9.77227
-1.63897
4.52332
2.19284
0.325168
6.79612
-2.34282
-5.44775
-2.63127
1.33562
4.43714
-3.98939
1.51082
3.4305
-9.43934
-3.27123
0.365714
-7.37492
2.4218
4.06404
6.71266
2.7059
-0.0449573
0.595416
2.2568
5.19878
-7.27985
-0.532442
5.0762
-2.83773
-9.48793
-3.67682
-5.57138
1.24805
-2.91654
-0.641884
1.49179
-11.2573
0.145101
4.58798
-1.7735
-9.07022
2.62386
-0.516281
-1.92765
-11.0853
-4.90336
13.1376
-1.69852
-5.7725
11.6365
5.67567
-8.97329
1.85624
-6.83383
6.55479
-4.10566
-2.356
-2.68131
0.746382
4.95041
3.68778
5.93879
3.65679
-2.14054
1.13876
-0.151699
0.881083
1.21321
-1.55457
-1.71102
-0.383185
-7.54946
2.32765
3.01489
-2.24906
2.6124
5.72804
1.98951
3.38342
5.98147
-1.48499
-5.53368
0.925324
5.6252
3.14941
-3.88233
-2.53612
-6.85749
-1.01637
-0.366276
1.80417
6.75678
-1.84945
-3.71287
-3.65465
-0.0106198
12.858
-3.62069
-7.2774
-1.46916
-3.91592
-4.30078
-1.37209
-0.391042
-3.81472
0.0126879
2.1505
-1.17218
-6.87942
5.46303
-12.6824
0.892431
1.91837
1.48553
-1.22237
-9.37481
-5.18632
2.3066
4.40564
4.65996
1.62806
-5.94276
0.508657
-1.53975
2.37484
-14.5716
2.11197
-4.18078
-9.39972
1.79212
-2.38055
-0.856175
-1.5797
-1.28731
4.07247
5.50046
-1.68661
5.80939
4.16164
0.942902
7.09037
10.7463
3.06112
-4.22672
-3.83618
-4.02212
-3.98899
0.906041
-9.16725
0.0329571
-5.50224
2.81206
3.55673
4.47432
0.190602
0.440561
5.36834
-9.15664
2.32197
-7.16743
-2.77451
-7.86207
-5.98609
2.51889
5.54323
1.1102
4.2721
-7.74596
7.06069
8.26517
3.14119
10.4417
7.2606
3.4537
-0.626394
-5.29947
-1.23914
0.986388
-1.02388
-3.98299
10.4071
-6.62488
2.83056
-5.71423
-10.2662
7.88151
-1.53273
1.77583
8.48156
5.68312
-6.21927
3.94667
-0.21844
0.0894905
-5.05505
0.851517
8.65338
3.03589
5.39691
2.364
0.840197
-1.17339
-0.578149
-3.44198
-4.40371
-7.32878
-11.2053
-4.55737
-1.37688
8.03315
0.346463
-2.36369
7.51349
-3.7914
-0.0319857
9.1252
-1.90588
2.5288
-0.251394
3.89739
-2.28556
-2.45456
-3.80501
-4.89904
0.865949
4.76097
9.21064
3.38175
-5.59642
-1.12119
5.50712
-6.87899
3.4464
-7.75104
-6.82424
-2.47041
-1.2741
-0.167768
-1.65363
-1.35311
4.16419
-4.30023
2.41773
-7.29121
2.183
-2.80384
0.78884
-0.762673
5.35842
-4.7732
5.4496
1.87537
1.69729
-4.33606
-4.36585
8.69496
-0.543818
-6.6661
2.62352
7.03436
-1.05622
10.3732
-7.16524
-0.307898
0.485831
-13.5725
-0.0190614
5.83976
3.04458
-7.5729
-0.31981
9.56249
-3.46119
-6.67755
-7.87284
0.572279
0.281526
-11.1646
-0.012269
3.44221
-6.49456
1.11505
1.93483
-8.41513
-5.73448
1.60116
-3.70361
-1.54898
1.06869
1.85961
5.14416
15.2292
0.523579
1.26877
3.73161
-5.74343
-3.80737
-1.9722
-3.65331
-7.70603
-5.87038
-4.82618
-3.3279
4.44829
9.534
1.14494
-9.00963
-5.79318
-9.61382
0.0622631
7.67881
10.1044
-10.8288
-1.37547
-0.898856
9.0234
1.4856
4.93365
-0.272182
0.236957
1.08617
-8.06272
-3.90134
5.5093
-2.86288
4.2015
5.19973
-1.72427
1.38083
6.54981
3.25962
-5.82984
-4.73382
-0.277761
-1.80977
-8.21894
-11.7993
-4.0421
1.25465
1.91706
5.77587
-2.95759
-1.78838
3.90174
-6.67891
-1.08382
1.08821
2.25582
-4.04321
1.20713
-6.31512
-2.46212
-1.99114
7.70459
-0.506581
1.69107
-1.34213
-7.65468
-9.10238
-0.722897
2.52255
2.87307
0.742327
-11.6997
-4.87798
3.206
8.19652
13.7995
3.64456
7.17306
-2.13437
3.58453
1.16482
-1.25706
6.01257
0.47063
-0.7391
-1.26558
-1.62473
-10.7825
-4.85979
0.9399
0.807811
-0.154752
-5.68425
3.86143
-0.472381
-8.77588
6.09518
-6.73396
-5.45439
-12.4017
-0.661017
0.417192
1.81774
4.65025
0.187829
-2.76162
3.1401
1.58389
1.46542
0.458001
2.36918
1.81547
-0.0350729
-0.541426
-1.29251
4.50278
-4.53691
-10.1913
0.988731
2.62261
6.93307
9.07379
-1.27699
-3.77559
-3.42619
-0.722228
-1.38688
5.19357
-3.39486
3.20435
-5.5477
-8.60351
-3.95392
-3.10865
3.47967
-0.787381
3.8201
-3.13283
-4.13853
-1.08417
-7.98706
-4.17322
-3.88963
-1.52427
2.45239
4.47511
4.26608
3.52876
-1.40522
-3.19054
-0.464438
-0.42685
2.30868
7.65842
-0.538729
-1.18389
-2.28468
5.68434
0.0181113
-5.52358
-0.445106
-0.708881
-1.36212
5.68938
-2.5075
-8.74227
11.0305
0.696731
0.63921
-0.638668
-7.83691
1.17818
5.15261
-1.13058
2.7361
0.801189
11.2091
-2.80462
1.05029
9.1121
1.74909
2.47016
6.07882
2.73428
-3.11675
-3.00438
-3.21228
-2.87991
-4.61537
-2.39527
-11.3163
-6.80471
-2.0512
0.237957
-3.31389
-4.42604
-5.18123
-2.80931
-1.23317
-4.41331
-3.35504
-3.55174
-2.67791
4.85045
-6.04208
3.98246
4.2043
-3.67137
-0.445117
-6.59634
-4.64291
14.8461
-8.07519
-0.403851
1.90764
-5.70942
-2.84409
2.75426
0.785969
3.32671
1.30831
-3.48599
4.36384
3.84614
10.6305
7.6674
5.52095
1.43003
1.33523
-7.54138
-6.27464
-5.22624
-1.77393
0.253472
-0.223737
-7.9404
0.0487976
-4.64437
-0.173721
3.69031
-0.917916
-5.33268
6.86368
2.58062
-1.31379
4.95599
-2.65051
-1.69994
11.8681
4.06202
2.04117
-6.92514
1.21262
4.23651
15.6087
-1.88782
8.04635
-0.311001
-2.28218
5.20017
8.23276
-8.86283
-6.64601
1.78385
-0.921993
-7.67767
8.93153
-0.575307
9.14314
-7.87873
3.6641
1.09967
8.06454
7.5554
-8.14995
7.08779
-3.19212
10.7468
0.00072524
3.71624
-5.50734
7.16948
-3.99575
13.5541
4.91722
-4.65683
-7.30844
-1.97807
1.86233
-1.4234
4.46701
-6.48462
2.82617
10.2853
6.95599
8.05548
-4.99224
2.5224
-6.12003
-4.09288
4.87714
-1.75847
-4.19243
-7.38252
3.2348
1.27369
-2.47894
-6.37084
1.66451
6.10774
3.33017
6.24299
-2.05173
-3.71084
-1.35774
6.66354
-7.99676
0.422992
2.16036
-0.397127
3.90434
2.44718
1.43388
5.93849
2.0153
4.11554
-0.380355
-2.97989
1.44628
-4.90356
0.203311
-0.308589
3.97464
-9.62548
1.63989
-4.21079
3.79872
1.18134
-1.69895
-4.17851
-5.49521
-2.06625
3.95954
-6.93392
3.07328
-6.59066
9.92074
-6.61277
-9.21892
-3.59974
-5.13509
1.64397
1.0631
10.6758
4.94215
2.43577
3.58592
-0.597473
-3.75589
1.021
-10.7024
8.57768
4.3409
-6.71937
-3.06516
4.69416
7.12754
2.48639
-8.29707
1.49215
2.17038
2.63034
-4.75104
3.87962
-2.74169
-5.38965
1.74231
-5.12059
11.0173
4.64022
1.16459
8.13766
3.5316
6.30636
-10.1098
-0.94716
4.171
4.00897
2.27808
-0.31958
-2.0281
0.314639
-5.67374
1.40872
-1.26618
-0.28564
-8.93912
-3.60132
-2.68285
1.12758
-4.19679
-15.0821
-3.53576
-4.52707
-5.87387
-2.17144
0.321624
-6.69138
0.08326
-4.94257
2.17517
2.83034
1.19956
1.80665
-2.5454
3.81943
8.93758
-2.01634
0.631453
4.08214
-4.38163
1.20181
-6.80492
-7.84726
4.4723
-2.20447
-0.564662
-4.04305
-2.76039
-4.25402
-0.960439
-3.39999
-2.19431
4.36062
10.1607
-6.11439
-4.42775
1.3324
6.74864
-3.09992
-0.367524
0.912808
-2.51244
0.0345529
2.54177
11.0635
-1.53639
-1.83335
-3.24408
1.67919
-8.19888
-0.172476
-2.40704
3.50211
2.43472
13.7059
-9.99753
3.02364
1.24881
2.22663
1.68174
1.9322
2.55164
2.95373
-1.66382
2.43835
0.627759
-7.37006
1.68327
6.38975
6.87355
-1.57951
-11.3903
-4.5248
5.87977
-4.78068
1.05695
4.67352
5.46404
-3.58431
-7.41456
-3.92891
-1.32084
-1.82917
-1.50799
-6.86075
-2.12312
6.87612
-13.6795
1.52089
-6.62259
1.88958
2.09174
2.30154
-0.62462
5.23514
1.40607
1.26686
5.0917
-0.520391
-6.7405
2.7512
1.27069
6.94734
-4.79124
-1.23099
-4.73453
-5.7142
9.08606
-11.1102
4.56029
8.71889
7.57315
2.95199
-4.78566
7.10152
0.6005
-5.56635
1.81407
4.17616
1.51442
3.58354
7.27655
-1.73596
-7.10574
-0.969217
-11.0502
8.77488
0.495524
-0.476725
-6.18959
-0.21451
-7.45703
-0.948529
0.388046
-2.63425
5.32963
6.07902
-5.20916
-1.44334
-10.7404
5.04212
-1.80966
-4.17512
2.87034
1.45296
1.36923
2.11016
-2.17019
1.53584
-5.38738
-9.22279
0.00083657
1.2616
6.86149
9.59609
-3.2644
6.66977
-2.04603
10.6169
-3.55253
4.87276
2.22787
-0.523454
-3.27749
2.09835
7.57948
-0.744258
2.95663
-2.65412
-5.20294
0.294435
-1.999
-8.47592
-2.00662
5.9074
-1.04804
6.99197
-2.30152
5.28676
-2.94668
10.1154
-1.06175
-6.55788
5.88503
3.24014
-3.4092
-0.17564
9.25972
1.00556
2.86253
-9.50236
-3.20082
-0.302379
4.70182
-2.17067
-2.99109
8.37671
-1.75355
-1.23049
-0.209148
-1.50144
3.46536
0.343275
-4.28983
5.70519
-1.12304
0.854371
7.40637
-5.50055
-2.54609
-1.37518
0.861798
-3.69279
0.0583717
-0.914505
-0.695294
5.75192
2.38426
3.10447
4.237
4.07578
9.52641
-10.1824
-3.3701
-6.28795
1.92929
0.724171
2.07964
2.70136
-4.82074
-11.9805
-1.70068
-1.1287
4.97589
-6.04766
-1.09722
3.07431
4.07038
-6.29382
5.34054
-0.59416
-1.46827
6.1036
3.68201
12.3886
9.24717
1.08938
-3.5778
-5.89747
7.9112
2.22308
-1.21534
-6.8667
2.69764
7.23153
-0.167248
-0.118726
-9.95766
-1.96797
-0.147261
5.02637
-0.0614077
5.62192
-1.31333
-1.86961
4.38472
-8.11976
8.79883
-6.33377
-5.28835
-10.0428
-3.18917
1.48882
-2.09391
7.66567
6.40791
2.88627
4.80433
5.59682
-1.93738
-4.15383
1.29099
-1.35533
-7.6544
-0.561575
11.523
-0.568658
1.89834
6.63714
-0.11499
7.30797
1.55316
-8.32209
9.43632
2.20268
-9.40039
3.12035
-9.56684
1.25748
7.7981
-6.3037
-4.45292
7.00221
-1.21178
-12.3335
2.55909
-8.62483
4.88958
2.38862
-9.45509
-4.78937
-1.01167
-4.68356
0.871546
-0.979717
-8.32271
-6.62997
9.32759
0.863789
-2.47136
10.8389
8.02585
2.79798
-5.5044
-0.605907
-2.0989
7.37346
1.26603
-2.76933
10.173
6.0997
-0.610773
-0.573791
2.95647
7.38479
-0.95302
-6.07433
7.03516
-4.39448
1.76396
-1.57964
6.37228
-0.513803
-10.413
-5.38078
2.29963
0.413867
6.83569
1.08881
-3.95477
0.425502
-5.91105
-0.859338
-1.0096
5.48106
5.64878
-0.220523
-0.249642
-8.45626
1.8315
5.54941
-2.38937
-1.21236
3.65725
-15.5506
3.93614
3.27022
-3.22706
1.82069
6.95126
-0.499735
5.17144
9.81622
5.51501
11.9264
2.70809
4.74926
-6.89967
5.33624
-1.89111
2.85892
10.57
3.12965
3.09128
-3.59293
-0.857047
-8.41051
7.55777
-5.81961
7.5301
-3.30776
-0.313323
-3.49556
2.35079
-0.765189
8.23985
-1.18691
-5.06555
-3.24888
-7.12355
2.50375
9.09002
4.12741
-12.2875
2.12598
9.10137
-0.0470777
3.42735
-2.20634
-1.20869
4.93954
5.34875
-6.83174
-2.49813
-1.47756
-1.6305
-3.51262
-3.61183
-0.471394
4.96096
2.82968
3.68109
7.51973
5.86859
-6.58836
4.59712
-14.7542
-6.72248
-2.57894
0.30698
2.81807
2.50406
4.18277
-1.27754
8.40097
0.458477
-0.0561781
8.7969
-0.881586
-0.0188459
-0.564383
-6.58713
2.61817
8.03147
-0.0100178
4.80177
1.98006
-0.311755
1.14452
1.7972
0.753471
6.77438
-4.78438
-2.7574
7.22727
0.0857254
-5.5174
3.77164
-2.40065
-2.97325
1.60127
4.30146
-2.62942
5.63862
-1.10065
-2.05498
-0.732429
-1.90486
-6.29553
6.56708
8.74285
-2.15802
-1.30305
-2.63755
-6.29101
3.7694
-3.68738
-2.54049
0.0272671
7.87887
-6.7975
0.0554401
3.43869
-0.723067
-1.54175
-2.19981
-0.387464
4.98311
0.477558
4.42393
0.158181
12.2482
-3.11213
7.29174
0.0285566
-6.27639
-5.41183
3.51708
-4.79145
-5.34975
-1.09306
2.89869
-8.87145
-4.48725
-2.07174
-0.691103
7.95901
7.44521
-9.09084
-0.61386
2.11931
5.73282
0.887284
-0.80064
0.277613
-3.04119
8.8755
-1.14861
-0.0315085
0.571515
0.735682
8.33901
-13.1992
1.38774
-0.473891
-2.92966
1.66765
-0.403195
1.50295
2.9503
-0.570551
-4.53048
-3.40494
-0.348881
-4.91554
-3.10332
-2.49468
5.67106
-9.28699
-7.08175
2.86462
-6.27786
-1.89765
1.94962
2.55597
-6.59654
-5.45709
6.8561
-1.30625
-1.31274
-1.56246
-0.740251
4.98876
0.061456
6.91346
-4.15565
2.73638
-5.31749
6.7036
-1.84935
2.75449
2.28214
6.48789
-8.41132
5.01011
-0.998036
-5.79218
5.48064
-0.248768
4.605
-0.746358
-5.40687
-8.72453
10.1357
-9.42983
-6.54756
-5.51768
2.43544
-1.52798
10.9633
6.93544
-7.59612
-8.32922
-4.6248
-3.74676
7.38043
-10.1128
-7.3002
5.59845
1.70363
7.17066
0.077967
8.46647
-4.69684
-3.00457
-2.99419
0.00953405
-2.34636
-6.46407
-3.85559
10.3474
2.49094
-8.14147
-2.4452
3.11665
9.70869
0.670392
2.31642
-7.974
-5.28838
0.779622
-3.42454
-1.9038
-8.28714
-5.55712
3.37498
-7.65775
5.00003
5.73142
0.771405
3.3377
3.55688
-7.63299
-7.36833
-2.29231
10.9049
5.43854
-3.36949
12.5544
4.8614
6.7496
0.0435205
0.460425
-1.73407
-3.01401
2.6113
5.4268
-3.99461
-7.66354
-0.967887
3.94413
2.11706
1.01214
-2.24624
6.37003
-1.68951
1.17333
-1.9958
-2.97628
4.14296
7.4108
-1.36036
-1.86938
0.28531
4.08307
-1.4658
5.59188
-0.215643
-12.4214
0.881601
-1.85924
4.97146
-2.77222
0.819206
-4.96449
-12.2461
-2.6931
-5.44613
1.72661
1.46606
1.2007
6.04614
-6.61489
-3.97655
-1.55156
1.60057
6.40661
0.139043
7.70912
7.10259
-3.02001
-4.30058
4.77012
-0.455763
2.82744
-0.305987
4.40881
-4.17032
-11.5113
-0.312519
-7.39822
-4.58783
-0.0896187
-4.13746
-5.10829
2.45757
3.87264
-0.212109
-8.14883
-7.52653
-3.54647
-1.13247
-2.93014
-2.43153
1.33388
1.28515
-2.11998
-5.47057
-13.5152
-6.09034
-1.9147
-8.43935
-2.82873
5.37377
2.74955
-6.16342
-1.68532
-6.68052
-0.843153
-1.6461
-3.32644
-1.26483
-3.36233
2.14312
-0.921072
-4.87866
1.44791
-11.0827
0.318212
-12.0315
-2.47137
-1.72034
-2.80911
-4.53318
-5.28239
-1.17849
1.41636
-3.66483
8.89242
-7.55193
-0.739899
-10.524
8.21795
7.17122
4.71476
2.39813
5.59223
-3.03861
-11.5729
2.9177
-0.61333
3.93723
0.099348
0.158166
3.58999
-0.423947
0.571012
-7.1793
-2.09302
7.14087
5.26886
-0.0330274
-1.65856
15.2468
-1.60678
-3.62528
3.04563
9.40989
-3.55201
-4.06681
1.54381
7.75221
-5.31059
0.415327
-0.308853
-0.192289
0.682697
-6.20913
-5.39044
-12.6211
-1.876
-1.70999
-3.32715
5.05747
3.55347
-3.36327
1.43627
-3.95744
-2.58182
1.64693
-8.24756
-1.56134
-4.43972
6.72692
8.37501
-2.20258
7.04489
6.11939
4.78261
4.21949
-0.0907754
1.12259
-2.4879
-0.196787
1.03745
-8.01805
-6.37628
-5.97948
9.11097
2.35025
5.85202
-4.069
-1.27245
9.3315
4.46316
-2.66107
0.266262
-5.0004
4.71989
-10.4028
12.9386
4.67726
1.64131
3.45751
-2.08467
5.27891
2.25297
-4.3417
2.11029
-5.94913
9.41768
3.33535
2.09398
-2.90839
5.65126
-5.54731
7.68916
6.64815
4.71455
5.52561
0.304727
-7.21296
5.2564
-1.25004
1.17809
-3.23991
0.912272
-0.118229
-1.15917
-1.42846
-5.54374
1.69895
-1.41939
-1.34698
-2.43132
0.915537
9.06345
2.66892
10.3879
-0.820161
8.37059
3.07761
6.01966
-4.19758
-1.66184
3.54101
-0.872564
9.27409
4.65015
2.51397
7.37598
6.55514
5.05714
7.87484
0.483712
-3.54007
2.89179
-0.232741
-1.91178
-3.88685
4.32724
-10.281
-5.84116
8.46903
-2.18983
-2.26136
13.0823
1.35675
-3.25324
-6.01441
-2.62058
6.45166
-6.86354
7.55109
-4.09299
-4.66677
-0.819916
7.41444
-7.94086
0.585174
3.84688
1.91086
-2.5823
-2.22533
2.79619
2.11849
-1.14003
-2.38254
-4.26412
6.00794
8.78915
5.96982
-15.1863
-2.22519
-5.1233
-1.87165
8.404
8.7595
-5.11561
-4.41218
-5.58282
5.00877
11.4648
7.09044
-6.06868
-14.3504
-4.77954
3.51485
-2.43852
-7.61875
-1.84059
-0.766032
-6.92972
1.4147
3.82342
0.0513827
3.23895
-7.108
4.79551
-0.195869
-4.86935
-3.43009
1.669
2.04698
-6.85363
0.344621
5.2868
3.87767
-5.16891
-5.35068
-3.99784
-10.6015
6.57877
-0.140665
-6.00964
-5.28259
-2.33693
0.210366
-8.75584
7.68649
3.70156
0.92722
3.39048
4.96294
-0.379627
3.85369
-2.51122
-3.84317
-10.409
2.292
2.57477
8.72862
-11.2219
4.87945
1.966
2.9238
-4.29861
9.88837
-3.53663
3.38305
6.33421
-1.49924
4.69198
4.36107
-5.76381
-4.76781
-2.76087
-0.516275
8.3436
-4.40474
-6.34414
3.21223
-2.49952
5.28176
-0.238041
2.83773
-0.585566
3.63485
-2.80915
-0.474255
0.352175
5.58626
3.74737
-4.43353
-4.58379
5.86409
0.92481
2.23692
0.805531
-0.711816
7.86748
-6.24651
-2.72526
-0.392475
6.11074
-7.48517
9.00461
-13.2131
-0.227101
-0.862083
3.30215
-5.65408
1.13425
2.01535
5.46486
-1.12935
-12.9192
3.70175
9.40701
0.660084
3.1841
-1.13531
1.36982
4.73576
-1.11173
0.449324
0.43663
-4.22113
-1.30573
-6.7853
-4.34995
2.02288
2.81603
2.20695
-6.65525
7.18977
-1.17696
3.26515
-5.38395
-8.16533
-0.217477
-12.2255
3.86385
9.40718
-4.3347
-3.61822
0.288518
0.591106
4.48266
-0.886205
-6.18801
0.401323
8.40877
4.02297
-5.91419
-1.60483
5.6082
-7.58728
-9.87126
-6.27493
-0.0300803
4.52003
-2.2501
2.68031
-3.20317
6.84922
-6.50049
3.88145
9.53339
0.706766
4.14829
-3.5395
-7.81348
3.1006
0.180422
-0.986038
-7.94857
-8.08319
-1.01282
0.77184
3.58492
-4.97402
-4.51622
9.22479
-0.768846
-0.839083
-3.05995
-2.06946
0.989248
5.44285
-5.79262
-2.74882
-2.72767
9.11219
3.34097
-0.225174
4.65206
-4.16987
8.23025
2.00751
-3.02676
3.44937
-8.06546
-3.13344
1.56542
0.321762
-0.533242
-8.31005
0.507011
-0.0710266
0.247629
-2.57802
-1.09849
3.14685
-1.69761
11.2497
-1.16599
-3.381
1.62539
2.40176
8.52347
3.11322
5.45792
-9.09976
4.11746
3.94117
-8.20016
1.82797
0.977428
-4.43567
9.28078
3.87755
4.1917
0.705629
-13.7003
3.35914
3.74016
0.438761
-2.32721
4.6845
0.44464
-7.90515
-6.78876
3.22788
-1.9765
-3.39147
0.562783
9.44393
-1.99434
-6.26384
4.18363
2.3629
0.96285
-4.25573
-5.86101
-7.55926
-6.11527
-1.78831
1.0942
-1.14175
-10.6766
9.43271
13.3836
0.412722
4.13528
3.18851
5.18525
-6.63128
-3.2276
0.563522
-3.9232
1.09656
1.66536
-6.46382
-3.12932
-7.09143
12.6493
3.76074
-1.56944
2.04974
-0.438302
-4.70831
-0.974586
-4.58299
2.4812
-2.75942
0.0147847
1.47906
-10.3587
5.18278
-3.77108
14.0789
-1.28681
-6.75142
3.00216
4.35715
-1.55646
-7.30725
-0.896583
-3.8288
8.13826
-2.79708
-6.24162
-3.35204
-1.27468
-5.51053
4.50014
7.82631
-3.77096
6.22656
-3.21598
7.04209
5.00081
9.75209
10.051
-1.17404
-2.76392
1.10319
-6.8044
-5.31361
1.09296
2.64722
4.89699
-1.81474
-4.9994
-2.35949
1.16474
0.860668
5.62741
-4.21553
-0.9926
-11.2308
6.52256
-9.45067
4.66853
1.76656
5.89624
5.27945
0.728732
9.25679
-5.75935
-6.23377
12.3395
1.69107
5.78789
-5.28857
-0.955173
2.95771
-10.1811
-2.22314
3.34995
0.276809
2.51395
4.48575
5.21176
6.07008
-6.5374
-5.34563
0.7702
10.5079
-1.99205
-6.21954
-1.49094
2.92514
3.3097
2.00672
1.70353
-2.09894
6.4113
-6.51762
-0.0529991
3.69964
-4.78913
1.07119
4.2256
-0.218205
3.18078
-3.90281
3.2013
-5.65237
-5.41483
-4.92127
-15.5964
-4.1137
-4.62679
-0.0168396
2.69317
3.48233
-1.10018
1.34205
-4.41543
-0.0494491
0.876605
-5.67944
-5.43618
3.67645
4.69609
5.34887
-0.222935
-0.0821392
0.350911
0.668975
6.16617
-6.25999
0.10114
-4.65393
4.16205
0.884186
3.71847
1.32272
-3.07173
-0.310273
-3.03774
-3.12296
-7.43858
-2.81772
-2.59735
3.17043
-3.72322
2.77427
-0.0849411
-2.76782
5.85307
0.397816
6.46792
-9.50022
2.03594
-4.32701
-10.0175
-6.57436
6.39066
2.78369
0.597494
2.7383
11.7513
2.08318
-0.355407
-5.42309
-3.23098
2.01562
-4.22299
5.03128
-4.38182
7.92057
4.30538
1.65379
2.98881
-1.46327
6.92721
0.031179
2.98503
-8.97753
2.70843
0.444461
-1.97393
2.76916
4.74134
-4.83972
2.92276
10.3087
-3.64275
6.17542
3.21301
-6.27872
7.08688
-1.91802
-7.68263
3.68173
-3.28299
2.52912
12.6414
-3.56857
-1.13076
-4.48993
2.04271
7.20307
-2.01083
-4.76839
2.61303
3.73296
-2.8201
7.46698
4.45794
-4.46379
-7.31431
-4.64724
-4.79745
-6.89854
5.20855
-1.2467
7.02265
10.5673
10.9861
1.62319
4.89529
-8.02792
4.60745
3.93187
2.14887
3.07611
6.14595
-6.89278
1.4656
2.8355
-2.20963
3.04729
8.26093
-4.25801
-1.94212
-3.79927
-4.53991
5.26723
-2.87735
1.39362
3.74382
-3.13396
4.45211
-9.00431
2.64149
1.04378
3.32814
8.2693
-8.44564
-0.347221
-8.19258
-0.594558
-0.296115
4.91673
1.53291
-6.03883
-13.364
4.98389
-1.84569
-2.97162
5.16752
-1.92901
2.68344
-4.70744
3.02871
-1.37903
-1.03742
3.20021
-6.98541
-0.393576
0.0955768
-1.92756
7.50928
-1.04853
-4.69736
-1.92814
-1.31497
1.03932
7.47849
10.478
7.60664
1.98288
5.1491
-0.393125
-3.02226
-0.418386
4.09319
-9.03136
0.271322
6.3281
-4.82139
-1.7888
5.89173
9.73407
1.12191
-9.49846
-2.16836
-16.3194
0.35814
-9.23949
-7.91572
4.45548
3.31128
-3.80412
1.0437
-13.6678
-7.7535
-1.41329
-4.78657
1.35343
-2.04409
3.95058
4.76841
-5.77002
6.65672
-6.36647
-1.777
-1.88502
-1.14732
-2.07225
1.50764
-7.03447
-0.669075
-1.52041
-0.251907
0.591155
7.02982
0.528385
-2.43832
-0.0649534
5.44393
-1.87774
2.28189
1.10011
1.07898
0.034798
4.69884
0.770972
-4.79257
6.42687
4.24416
6.86257
-6.45287
0.426915
-1.93488
1.55545
5.81888
3.88201
0.24738
-2.70206
-0.430357
7.21301
-7.83989
3.93713
-0.193364
1.48966
-1.04023
-2.04924
-2.24039
-10.7949
-5.307
8.92403
1.18584
0.535329
1.16656
4.00473
1.4709
-7.51314
3.70431
-1.61807
5.00672
6.13285
-0.226866
0.112328
7.26128
-8.20572
0.852157
-1.20307
2.37239
-4.15314
5.74392
-3.07726
2.81002
-0.337092
-8.21415
6.30826
4.21642
1.16704
3.87036
-3.00993
2.92544
8.66571
-2.24014
-3.81561
3.72993
-1.32864
3.47576
-3.46957
9.30722
-0.85927
-9.13611
2.14138
6.31272
2.62067
-0.659519
3.48313
-8.75052
-2.34829
-1.10346
2.43523
3.22807
-8.7184
4.21305
1.06481
-2.81934
7.82816
-4.06389
-0.846656
-0.306236
4.98654
-0.764092
-1.68668
-6.37351
-8.57147
0.871475
-1.85345
-0.54182
-6.42226
4.65497
3.68049
-0.697222
0.0423723
11.1167
-2.17243
-3.24777
-0.624189
2.11285
-1.60283
-0.767737
-1.1763
-5.75169
-8.23568
3.07664
-2.86154
8.2932
3.33616
5.22386
1.77591
-0.395302
-5.69872
-5.27816
8.23439
1.05463
5.33348
1.3838
-4.1064
5.04601
-1.49261
1.23211
-3.79193
-3.63605
-2.83635
-2.32876
5.80452
0.060205
1.98329
9.87588
4.52909
-1.6408
-3.84054
-6.01447
12.5195
-11.3251
5.79969
-1.97806
1.10423
0.536539
9.06748
0.161973
-9.03729
9.94439
1.1159
7.29452
1.459
3.51628
-2.72775
4.89201
5.66677
-9.48264
2.80704
2.00557
-4.55021
10.0361
-6.81818
13.6209
3.05769
-0.886353
3.66905
-6.57484
7.65193
-2.99328
-18.3162
-1.26579
-3.50625
6.34947
5.82646
-1.8478
4.60294
-1.79567
-4.95362
-1.10708
4.97287
-4.59455
6.30008
4.10575
-2.40112
6.86544
-1.23449
-0.497895
4.09688
-13.2229
-2.02306
-0.198859
0.636791
-5.7021
-0.506813
-9.57151
-5.06412
9.36567
-2.85946
2.72399
-3.7859
6.96225
7.19432
-1.65766
-8.26052
7.39688
-0.389994
-2.08784
-3.34365
-0.635681
-6.20617
-0.463073
8.82606
5.89951
-2.69388
7.7995
-2.76564
1.96315
4.19083
-2.88824
-2.5539
-1.99768
-6.63634
1.93337
7.32234
7.14675
3.36843
-6.14396
6.28584
-4.03496
-1.67414
-1.60231
-2.33354
9.4846
9.49759
12.2596
9.21472
0.468122
1.09718
-3.23066
3.41365
6.90609
4.33004
-5.52296
-6.94563
2.83208
-6.05982
-1.61183
-4.1853
0.564056
0.609418
-11.7624
-0.806918
15.2641
-0.916623
3.81252
-7.26713
2.86416
-1.8605
-5.05768
-8.23813
-3.75473
-3.14742
5.09785
-0.286469
0.688525
-4.18083
4.75725
1.44912
-8.49195
-7.40697
-2.51036
-10.187
2.13271
3.12873
3.76268
-2.69401
2.08638
10.7
2.67209
-1.14386
-3.83997
4.2648
-3.9353
0.0954276
-5.98965
8.21722
1.3607
3.04222
7.41619
4.6515
0.377925
0.598412
-1.19437
-7.32851
0.941182
-3.29369
0.903218
-9.00856
-2.74514
4.41953
-2.5113
-1.95068
1.53114
-6.09393
1.77013
6.19865
5.27856
10.1107
1.44352
1.91363
5.18971
3.3484
-1.76938
-1.38969
4.357
-0.803607
-7.78207
9.09873
1.60269
-0.352747
13.3074
-0.416397
1.90419
2.16117
1.48974
-6.39321
-0.138871
-5.58841
-6.42807
1.81783
7.82732
-9.09519
-8.42168
4.11898
0.47224
-6.87405
-0.378046
-3.52144
-1.58581
-6.27898
-1.01373
-7.64225
15.9637
-7.0323
0.153667
-0.797517
-1.95866
6.46885
8.07934
5.52136
3.23834
0.572066
-17.3604
-2.93193
-3.45483
3.60682
-6.10333
5.80192
7.76924
4.08583
0.917787
0.399405
-3.72951
5.32928
1.60032
2.19069
-3.71237
0.316571
4.48263
-3.8679
-3.61676
-4.58692
6.10263
-0.686419
-8.281
-1.43461
-5.99455
5.34019
2.87731
-6.01298
-3.96815
-12.7894
-7.59771
-0.218895
-6.15055
-0.857164
-6.92907
1.80407
7.53639
-0.485591
6.65796
4.7066
-7.41179
-1.98575
2.2601
-0.911119
-8.87171
-10.9092
-1.82347
0.617637
-0.179831
4.05328
2.04605
-9.96181
0.626722
0.45808
1.64724
2.67819
3.87029
3.70985
-5.65035
4.6563
3.50168
5.28532
3.76853
-1.0803
-0.344558
4.85478
-9.26867
2.2477
4.80762
5.07697
-4.00735
-3.20114
3.02477
0.807488
-4.93493
-11.7465
4.84374
-2.37111
3.19795
-5.94709
1.86501
0.777123
3.40867
0.878568
1.32914
1.80629
-4.90169
4.29842
0.41558
-4.72666
6.3084
6.98327
-0.238507
-3.98941
9.38541
-8.58938
-10.4946
-4.01787
-5.77199
-11.3242
6.53356
-2.65771
-1.73123
-5.45936
-3.27344
-1.61505
-5.57724
4.4912
-2.12728
-0.442692
0.62725
0.027667
2.97206
1.18056
3.89485
4.58375
-5.2439
4.36843
2.16456
-0.579626
-9.81624
-7.21398
3.04603
-6.81728
6.28129
0.240309
-4.55557
2.09122
-2.39976
-3.83622
6.72872
-2.30288
-5.35329
8.4177
3.43517
0.96488
10.3358
11.6879
2.93543
-2.55254
14.6451
-2.01636
-6.89527
0.481518
-0.147497
0.260761
3.4588
-4.91923
-0.525796
-8.58552
-0.250592
-6.80145
7.83595
-8.95847
-0.058566
3.15224
4.5637
1.63607
6.85523
1.33407
2.78168
-1.08421
4.13101
-4.90186
12.9121
-3.59157
-5.1411
-0.996337
-7.3458
4.87731
-6.32614
-9.92083
-9.11401
-7.54453
-1.00796
-1.4569
2.7442
8.20447
-3.996
-2.25172
-0.657964
-2.40351
-5.9362
5.27791
-0.90254
-1.14889
-4.8066
4.63775
-2.31572
-3.08479
0.111821
-5.30303
10.651
5.48969
0.238035
3.22436
3.56291
10.2307
1.46679
-1.8841
-5.29127
-4.1231
-0.668667
3.515
2.85795
0.352106
6.88121
5.11963
6.90621
0.265103
-2.23022
-1.14623
2.22479
-6.2395
-5.94917
2.84925
6.55885
-1.37992
0.549934
-0.783467
0.0930387
5.07171
1.46509
1.66505
-0.609756
6.90782
8.48809
-10.7484
-0.684125
-4.12078
2.47047
-5.16841
-4.46452
-0.353529
4.61492
11.1106
-3.28036
-2.98495
3.07884
5.8625
-6.33608
4.13478
3.3123
2.48724
-4.86955
0.819085
-6.05433
-2.11282
-13.3543
3.44793
-4.96955
-2.7485
-8.21774
-5.04236
7.91536
2.69714
-3.37705
2.79353
1.42609
-3.48297
3.28114
0.233824
-1.23955
4.49187
-5.03679
-1.99348
7.35225
-2.02474
-1.26196
-3.08342
-4.74774
2.64544
-5.13854
0.53912
-0.466467
-3.64315
2.13068
3.74003
-1.51344
1.7044
-6.09879
-0.666596
0.169876
-9.92904
-10.1302
7.41596
6.01752
-2.2822
0.949664
-1.04522
-2.03419
3.19626
-7.26519
3.64295
3.24964
0.0945502
-10.5043
0.753942
-4.36186
4.36365
-2.05161
2.31181
-2.73695
-0.82013
5.17759
1.9251
1.79045
2.43872
-0.498646
12.9106
3.83798
6.13718
-1.92883
-2.77547
0.412624
-2.5764
-9.67058
1.57819
6.27747
3.99584
-8.58313
-4.3582
-0.270818
8.19236
3.61306
2.0819
9.43098
3.3844
-2.96345
-4.78477
7.99743
-0.0305577
0.00709553
0.397511
-3.63071
-5.54891
3.82388
-2.82128
-4.82034
-2.28149
1.70977
3.53126
5.26308
1.53153
-11.5353
0.774466
-0.287675
6.57176
6.86441
7.35152
4.36657
-0.210033
-16.8262
-2.13354
1.07003
-4.47752
0.39105
-1.16402
1.5512
-2.74655
-2.75818
1.41487
5.27875
-5.46743
-0.906458
2.559
2.28837
4.83572
2.19067
0.550063
8.4458
5.10598
2.87672
-0.607472
-4.22062
2.39594
-12.4077
-1.34261
1.56965
-0.105168
-0.00931071
-0.227078
-3.77306
1.42068
-8.05437
-5.46045
5.17555
-7.28463
3.33464
3.61451
-8.80601
1.29633
-1.29584
0.855243
-6.17309
-6.28171
-9.35053
-0.90531
-1.85997
-1.27045
-1.48327
-5.08767
2.72545
1.72037
2.88795
0.870738
-1.65432
-14.281
0.828003
-1.22515
-2.32216
-1.06637
-0.507516
0.157694
2.10111
2.03635
3.84958
-3.11176
-1.22332
1.51544
1.85979
3.47445
-8.3525
4.23509
-3.27381
7.09882
2.96995
-2.40278
-3.89691
0.622215
-3.71746
-10.1703
2.02901
-1.24646
-0.790599
-4.32977
-9.91341
-2.84047
1.48025
-0.281654
-1.72992
-2.54191
9.7043
-8.55951
-2.55868
7.33515
-0.489958
0.857353
-6.60935
10.9809
3.32385
4.0423
-1.08865
8.42544
6.30685
2.62914
-0.846594
-4.25945
-1.65695
-5.84861
-2.25701
2.18512
11.0953
3.25892
-9.87353
-7.65878
1.92919
-0.753564
-2.45706
3.52597
-7.24918
-0.490777
-1.25391
-5.57139
6.04282
0.63803
-2.06468
3.7759
6.07843
1.54529
4.49509
5.32241
-1.63381
0.870715
-0.63826
5.99568
8.61548
4.5555
5.27322
-10.3069
-8.15035
-0.289387
-12.7759
-1.68746
-4.22199
0.620704
2.61337
-1.59206
7.20141
2.11755
-6.42677
-10.5937
1.52676
1.11866
-9.55374
-2.65278
-8.26408
-8.02295
-0.488529
-2.27962
8.57995
-12.2231
0.748827
-3.58783
6.50761
3.30952
1.06406
0.0860587
-0.294208
-4.75154
-1.04175
1.64944
0.501528
-3.04996
5.69057
2.10017
3.67305
-6.66397
3.21791
-9.32432
-9.13883
-4.48377
9.91351
-3.35339
0.0582722
-3.30352
9.14402
-4.21205
0.729793
8.10491
-0.674
7.11352
9.66861
-2.4304
-7.48533
-2.9369
4.65356
-10.4135
-1.42491
-9.43953
-1.5925
-1.07173
-5.42413
-2.31684
-5.79078
5.63577
-1.13476
3.17024
7.26852
0.976274
0.206835
2.52305
-5.52137
1.5207
-14.6965
5.88069
-4.67668
-2.72358
-5.10244
-7.66604
6.49012
4.32104
-0.865653
2.78244
1.79651
1.35841
3.86728
-6.17953
-4.27497
-3.6766
0.746744
5.59494
-5.51289
-4.65819
-0.662404
11.3916
5.9919
3.62359
-6.85792
-5.01142
-7.78282
9.30718
-5.6092
10.5647
-2.93053
5.10801
-4.64507
3.67934
-0.534783
-3.35452
-7.78078
-5.43819
-6.12737
-4.02579
-0.120433
-2.72719
3.19807
3.59381
3.02967
2.40165
1.77319
1.52331
-3.31413
3.16032
4.99536
-2.60767
1.1495
-0.594302
1.3342
-1.15143
-3.02135
-0.991951
-10.9134
3.70332
3.96618
1.65649
-4.41316
0.750449
-1.63494
-0.584155
2.0841
-11.2451
-0.0903141
6.76817
-0.953133
-5.71984
4.25823
1.40811
-8.28496
-6.69686
-0.474762
-0.0469774
-5.67964
9.38327
1.32622
4.23801
1.91427
-2.58955
8.52468
8.88656
-0.280936
10.0118
4.35666
1.37892
-5.41227
1.8261
-2.00279
1.18797
-2.50757
-1.85425
2.58251
7.87318
-1.91205
4.65933
-0.193099
-1.05954
-5.0858
4.22007
2.81003
3.62137
4.2871
0.675995
6.44328
-1.81235
-3.20892
8.19015
-0.185485
0.48917
-5.84106
5.71915
-0.636688
-9.38486
4.32927
4.31414
4.1303
-8.31196
5.43861
-0.496668
-7.66726
-1.90985
1.85753
9.71286
-3.50037
-2.29815
-4.79057
2.29383
1.42362
-0.0196856
-7.2902
-0.371975
3.54911
7.45403
0.734452
0.821419
-0.488188
3.65195
-12.0785
1.13991
-5.85258
-5.25473
-1.09874
7.04592
-2.38058
3.67865
3.03576
7.47766
10.4537
5.60138
2.89657
0.855787
1.30563
8.2744
-3.32625
-4.40923
-7.26164
1.9413
-2.51105
2.5116
7.08415
3.1436
7.72338
12.3782
-2.52483
-2.63181
-1.7427
8.77482
1.99546
-2.28008
4.54082
0.785612
-5.72506
-0.015302
5.17322
8.03673
0.415996
-1.43939
-3.18891
-2.45999
-2.00106
-5.6985
-4.07066
5.12692
-2.71533
3.97838
3.98253
-3.65116
4.26025
-1.31902
-3.60292
-6.67851
-4.69992
-7.33108
-4.4318
-6.95489
-2.71656
2.81603
2.7406
-2.57391
0.413759
-2.94184
-2.23921
-4.92513
-11.9878
4.2932
-4.78917
-6.11775
1.41937
-1.32746
10.748
3.48655
3.76182
9.42591
-0.245618
0.236195
-3.08268
1.00142
1.24907
1.4663
2.85665
5.10697
-2.08835
-1.69495
0.814251
-0.392945
-0.815938
3.7502
-11.2069
-8.50849
4.51709
6.44979
-0.704363
-2.99738
3.355
7.95621
-6.24135
-1.22605
-2.861
0.13247
2.86667
2.43067
-1.22964
-9.0795
0.472456
1.9987
-6.57032
-2.37119
-3.002
-6.29697
-2.92327
-0.836379
2.49171
5.06986
-2.33177
-1.64349
7.0318
-6.8873
-5.75281
4.17217
4.67082
-2.10376
0.175307
1.63667
-0.27287
1.7021
-3.1974
-4.19023
-1.34303
-6.51804
6.79716
4.33605
0.67135
-0.515536
4.74058
5.71421
5.66766
0.647723
-7.60756
-3.53478
3.66942
-10.1972
-11.5588
-3.84445
1.25882
-5.62562
4.34762
-2.67574
-6.20758
2.03794
-8.85829
-3.05883
-4.94357
2.14016
8.53174
2.62784
0.291075
-1.16237
1.20964
-3.11285
0.38779
-0.733166
1.58868
-7.81542
-6.61886
3.78949
2.91383
-3.93527
-11.4054
12.3288
-8.36575
0.281707
11.6471
-5.44226
-2.34054
-1.33283
2.98947
3.77326
-2.62301
-6.85768
1.08172
-5.19611
0.110354
6.02042
3.00355
-0.834523
2.71684
-4.95695
5.25285
2.09549
-5.65601
4.6391
-4.29148
-6.87539
-2.81742
-1.4473
-1.50016
4.35623
4.09523
1.58456
-2.56504
-2.19989
14.7738
-0.173857
-0.946519
-2.79045
1.22798
1.49465
-3.56759
1.66683
0.447991
3.62751
-9.93779
3.9813
-3.01825
4.56099
0.494579
-5.48032
-2.29487
-0.319086
-0.252792
-2.41883
-1.06403
2.34182
-5.62175
-7.33394
-2.77915
8.06611
0.000956056
-4.31074
-0.761389
-3.81525
1.34644
0.0134036
1.64258
-5.57835
-9.09987
-3.83636
0.42854
8.24654
-2.60579
-0.135338
-5.71579
6.81975
-5.57024
-2.91991
-3.2675
-0.247543
3.3366
-3.57728
3.45562
-1.02423
7.13602
6.38387
1.56217
9.03627
-1.90144
7.56775
-5.44101
3.19243
11.3571
4.92172
1.8504
0.800594
5.21378
2.36533
0.321063
2.16829
3.96412
-1.71187
-4.48958
-1.69909
0.846253
0.789253
7.07951
0.0372993
6.42377
0.50976
5.49345
-5.98963
-4.92083
-4.60654
8.59234
8.11748
4.56039
0.971119
3.22061
-2.38013
3.8276
-7.47803
-0.997393
13.0255
-2.36655
-0.486092
-1.22652
2.16918
1.43821
8.66899
1.33215
-6.65601
-2.44717
-3.65383
-0.0816072
-2.48307
-3.94707
3.15178
-0.244385
-3.15001
-6.95634
-6.59746
-4.73372
4.52402
5.9862
3.09672
-4.88668
5.02976
6.60499
0.726691
-2.92219
5.86371
-1.75765
-4.93123
-7.21305
-6.18798
9.24641
4.22247
7.86137
-6.06597
0.676418
-5.17717
-1.34667
-5.74179
6.27591
0.125412
-0.186819
0.94123
-1.0099
-1.32877
5.79495
-2.81871
7.377
-7.66692
6.85631
4.7808
11.3018
1.13513
4.62752
0.678888
3.30758
2.17246
-6.69751
-2.983
6.92016
5.91685
0.770837
-4.20342
-3.34155
-4.67254
-3.73894
3.00032
-1.67447
4.85833
5.90399
-1.21739
-7.00205
6.09121
-16.9118
-9.96904
1.34755
13.0641
-0.914324
6.57876
-12.5565
2.51385
-0.993785
0.837557
-0.669281
1.90902
3.77495
6.14188
5.04743
-0.15608
1.67113
-10.2031
-1.3331
-0.114674
-8.43806
-0.869365
2.31781
-3.48052
2.01464
5.79478
-3.45455
7.19933
4.18021
-2.8271
2.43417
-5.82523
0.26062
-2.74176
-6.6389
0.384801
1.17192
2.46294
1.72106
-2.82583
-0.499823
-0.868739
-6.90317
7.61727
3.78495
-4.13063
-1.81675
-2.38504
-0.362979
4.92134
-1.18983
-0.396281
11.3094
-0.823318
-5.60528
-4.17017
-0.127882
8.28656
1.02961
-9.93392
-8.82535
-1.2032
9.56945
6.80792
-0.969677
0.435479
-3.13693
3.37663
0.729442
-1.83813
-4.18001
0.952381
1.53507
4.43236
8.44698
-0.999722
-1.52708
3.32437
-2.99018
4.55658
-6.19185
0.267835
-0.733093
0.768279
-2.38714
3.15797
12.4802
-0.668633
3.79176
5.60297
0.958099
-1.7299
0.0520224
3.71734
-0.351884
-0.847471
-0.482692
0.899731
-5.13944
-8.90818
-2.02102
7.41095
7.09647
3.92403
-2.54449
-4.67402
5.89787
1.16916
0.276754
-8.8986
1.12146
3.30427
-3.25322
5.83499
-6.64376
0.200866
-4.0563
3.10209
-8.898
-0.496508
-2.20501
-0.946615
0.134476
7.36805
-4.16233
2.7624
-9.20256
7.19173
-3.79061
-3.04968
3.94279
0.00316528
-3.82596
-0.797334
-8.46604
-13.8412
1.53271
-0.736911
-3.72166
5.38204
-4.03186
5.33284
-3.45239
5.80725
3.00529
4.23929
3.89159
-5.5484
-3.57474
-3.68599
-1.63462
6.15842
0.219941
-2.03305
-6.95029
-4.95075
-1.09259
5.50497
-0.0756129
4.43276
3.56608
0.372757
-4.10771
3.7834
1.11377
1.75944
3.30099
-11.1641
-4.54295
3.02515
-3.61976
-1.03103
-0.0717657
-4.45629
-3.91657
11.8181
6.02018
-2.68198
2.69161
1.31358
9.81046
11.2713
-2.03059
-0.617049
-6.46979
1.54762
9.07956
-2.74298
-4.09874
8.15729
-2.62334
-5.8937
-4.76264
1.96809
0.811124
8.59815
-1.60805
2.44863
5.69727
-4.09237
-7.46795
7.0757
1.05926
-1.4869
4.04633
0.537034
-0.00385301
0.215395
5.92663
-7.55901
1.55101
6.64764
4.22728
3.52913
6.69013
-0.544449
0.591939
-0.223179
12.1991
-2.78813
-0.489244
4.18111
-1.57517
3.6812
-0.520294
-8.27659
-8.13615
-3.11047
-1.44779
-0.819274
3.59281
-2.43348
6.80233
5.18258
-1.55492
3.15854
-5.45676
4.03157
0.936703
9.13405
4.3333
-0.862003
-1.76175
-7.01954
1.10601
-2.31558
-2.17089
3.66439
-2.22299
-5.07284
3.15418
-3.57215
12.8986
3.9799
-7.8968
-2.91983
-8.80898
-3.44294
-1.42926
-2.578
2.15898
0.126736
-3.03504
-3.64529
1.64575
5.62692
6.91346
4.66447
-5.53526
-13.267
-1.2132
3.49513
-5.24261
-7.73861
-0.374487
-8.16453
-0.620908
2.44069
14.172
-0.50249
-3.64573
3.3586
-0.67957
-0.908864
-1.90702
-2.66196
4.98459
2.31027
-6.0599
-3.6105
-0.579378
2.8685
7.84685
-8.4687
-7.24809
-7.65583
0.837818
2.49837
14.8012
0.91175
-0.900824
2.72271
5.35653
0.813794
-6.09166
7.93691
-14.0274
3.43961
-9.27945
-2.30365
4.98746
5.73807
-0.708199
4.62227
7.12575
2.46527
-4.32048
5.41548
-2.00667
2.85351
4.49188
-3.97577
9.00888
-2.06599
-0.0886849
-2.86778
4.30077
-4.23075
-1.47762
2.12811
-4.18658
2.01511
4.73624
-4.05038
-0.0912402
-5.47479
-10.3526
2.73824
-0.33057
-5.08335
3.96125
3.17102
5.2019
-9.85003
2.79303
0.620386
-3.14342
-3.86127
-5.599
6.36495
-10.7711
2.53965
-1.4319
-3.02066
6.37526
-3.32985
-1.64739
2.14379
0.125622
0.695842
9.95215
-10.8782
-1.73258
3.00424
5.44086
8.77665
6.40046
-3.71726
0.15219
-2.40901
1.61785
1.19833
-6.75373
-8.80782
-5.94464
-5.48934
-3.81166
6.16463
-2.88936
0.180002
-3.70588
9.43236
-5.35264
-2.43592
1.77839
7.19411
-4.03027
-4.79001
-3.78363
4.42326
-1.17939
3.57705
3.29381
10.0305
-2.23646
-6.08735
0.333917
-6.50133
-0.299544
-1.68961
10.0063
-4.71543
-7.59572
-0.0749543
-4.73062
-1.42903
3.89831
-1.39498
6.50903
-0.82488
1.23879
0.850369
-0.240746
13.2826
2.50014
-5.57794
4.41543
10.6849
6.7501
-3.86893
-2.8856
-1.36639
6.53449
5.45769
-5.4142
-3.77892
-1.64012
-6.60609
6.29671
0.204365
-2.66654
-2.59542
13.6446
0.910005
-4.32232
-3.33713
-6.42002
4.8477
-0.213911
-4.06373
2.90076
-0.678362
6.40734
0.457694
4.15848
5.61873
3.8183
-0.0873852
-0.520431
-5.22392
3.89285
-2.85623
-0.562178
-2.62109
8.78703
-7.55282
-3.58054
-7.37898
-4.16222
-0.887441
6.59982
0.24105
-3.02496
-8.85308
5.83392
-1.36563
-1.18319
1.11108
-5.55507
5.78063
2.20348
-4.45889
6.55091
-1.01913
7.82494
-8.21032
0.646398
-6.20221
7.29698
-5.88272
7.37294
-2.50727
3.45517
1.75417
-0.00650398
-4.27043
-5.96166
4.68304
6.50402
-2.69335
-1.70982
3.57755
-3.661
4.44948
2.17886
5.70666
6.04583
-0.803006
-2.19143
0.263172
4.03193
-6.35506
8.35056
4.57166
8.48551
-0.312528
-1.48502
-1.57719
-1.22682
-2.41366
2.20763
1.2711
-2.28007
2.05997
-9.3242
3.15795
4.25002
0.751389
3.79467
3.59332
-0.826647
-4.20758
4.94076
3.5879
-3.95937
-9.70455
0.864661
4.09935
-10.2152
5.07407
9.26054
-1.35172
-8.39534
0.460082
0.112722
2.23047
5.97204
-3.7931
-8.11539
2.93989
-4.31541
4.83061
-1.08505
-3.78619
7.71423
6.58509
-1.60292
-1.96914
-0.184871
2.47462
0.912372
0.677928
0.274023
-1.8445
-9.93145
-7.97841
-2.14524
-0.255459
-6.99116
-2.31492
0.850569
6.27307
2.4906
4.81019
2.68038
5.08674
1.71597
7.08726
3.17494
0.0544585
-3.0106
6.85767
-3.32141
11.753
-3.65456
5.26382
0.0850204
5.483
5.92973
6.20675
-2.06927
-2.20154
5.20668
2.37256
-9.95783
-2.74461
-0.447915
0.0964115
0.730492
-3.68427
2.58432
-2.1627
-4.86511
-3.25044
-1.51604
-14.7755
-7.79307
4.80691
1.73961
1.72693
-1.45236
-4.72764
-4.77711
-4.06063
4.89174
5.02673
0.0922622
-5.37146
1.07885
1.60979
0.947817
13.0983
5.51645
-4.0715
-16.2202
-5.40768
0.410053
7.31587
1.22663
1.7938
-1.91582
-0.605342
-6.85127
-5.4842
12.2612
5.34422
2.7718
3.42082
-1.80452
-0.373714
-6.00013
4.2443
-2.77434
-5.52505
4.45706
2.90248
-4.40691
-2.30787
-3.02964
-3.57351
0.358511
1.01282
-2.14268
5.37562
4.34686
-16.2131
2.46361
-2.35112
1.45678
-4.74574
-7.78129
1.17663
-6.32972
-1.97905
-1.54194
3.29161
-3.90301
-4.32596
-5.01071
6.10192
-3.26539
-8.5499
0.104406
-8.49955
1.92066
-3.08016
-3.82
2.82122
-1.36492
-6.65992
5.22767
0.581158
3.30131
3.80663
0.865856
4.32002
5.12302
-1.13808
-0.574169
-3.07463
-0.716064
4.56301
4.00317
11.4033
-2.68583
-6.62958
8.85688
0.660899
11.9526
1.65896
-2.3897
-2.00102
5.49792
6.7437
1.80054
-2.68377
-3.37908
-1.01566
4.27415
-6.3754
5.51266
-5.32813
-2.11191
-6.92946
4.85361
-4.1354
-2.60849
1.41703
-8.01296
-3.48874
4.24786
-6.93508
-4.10867
0.57907
-8.41945
7.37666
2.05972
0.796621
0.0266571
8.86118
0.970221
-3.98563
-7.48492
-3.62218
4.42123
-5.76339
-1.61383
2.50143
-2.73884
0.61748
7.52366
4.14444
-5.55527
-3.50202
-1.14754
-6.14549
5.32303
3.94575
2.32794
4.56182
2.03575
1.59585
1.63241
3.19655
-1.69663
-6.08333
-2.96988
8.48654
0.537126
-4.5599
0.333636
-0.639309
2.69141
-7.06679
-1.05724
-3.0783
2.8416
2.91
1.25114
-1.9423
1.90201
3.01845
6.47296
0.395535
7.37353
-1.85502
3.639
2.41748
-4.267
-4.32329
6.67811
10.446
0.621179
10.6752
-6.41748
5.96912
7.37898
-0.468611
1.90388
-1.44505
-2.84893
-1.62727
-7.12194
0.214108
10.1881
-7.99202
5.14159
7.5204
-6.61403
0.877367
-4.94687
2.88217
6.28183
-1.02004
4.71019
-4.84283
0.486132
-4.56735
-6.93797
-3.27232
-3.32246
-0.660049
3.32159
-5.85839
-2.62651
-9.40902
-6.03363
-9.74493
-1.87326
2.64225
-1.68188
-4.91516
1.96937
-0.651253
0.557988
2.44346
-0.0131238
-6.1186
-5.09914
5.63886
-1.08489
-4.78171
-11.2407
-6.3506
0.834369
-7.67863
9.97814
3.79437
-0.945647
9.53324
5.11212
-2.29794
1.57305
-6.36197
2.97082
6.88098
1.47708
1.26035
1.85367
4.64817
-6.53587
5.14166
-6.00231
-0.377039
-7.15668
1.53791
8.61884
2.97797
1.32264
-2.42989
2.60253
9.11535
-3.79117
-0.959663
-3.24209
1.22636
0.75407
6.16082
-2.54905
-1.89735
-1.25265
-0.578852
1.7035
2.32533
-0.43385
-3.32173
0.873648
-2.079
-7.73322
4.19459
4.88687
-9.47575
-1.72556
3.86169
-8.28104
4.84516
-1.22925
5.636
7.01749
-0.582679
-3.257
11.1247
-3.93182
-0.3878
7.48695
0.606622
5.14071
-1.62197
-3.12973
-1.76479
-3.63719
2.66465
-6.03905
6.71977
9.88794
-8.1323
2.28649
6.42758
8.98854
-4.60216
11.0431
0.106538
-0.0963105
7.78629
1.1382
3.18494
4.78996
-0.211707
9.28939
-9.24771
-2.97118
1.80197
-4.97693
5.51739
3.64967
-0.50572
4.52925
-1.89253
-1.06144
