-136.361
36.2231
34.8763
43.6012
38.5117
39.5844
27.7318
21.8404
30.4254
33.4722
37.9846
33.0836
26.3436
29.3564
33.4754
36.5465
29.2732
28.6101
31.6925
28.027
27.0267
34.1662
28.9417
29.1356
25.7395
27.2535
30.3627
30.0601
25.7919
28.6967
36.7389
27.9248
27.4517
27.8828
15.4492
31.2184
27.8816
26.7187
31.3207
35.4903
25.2211
33.057
35.9332
22.837
23.191
36.7702
21.3845
34.6577
32.6247
23.4483
23.6438
31.4056
23.4154
24.4076
28.5383
27.0215
24.5215
30.8088
23.7688
27.3538
15.3261
22.0221
24.7895
22.4993
19.9942
15.5817
31.2304
24.4083
29.8682
25.3939
18.7274
28.2899
17.1552
25.2095
17.0079
20.541
28.446
22.6594
37.4631
29.3809
28.9464
23.2035
14.2998
21.2174
21.71
7.29985
16.0643
8.0772
13.9237
16.5704
14.6471
19.6425
16.5583
9.95578
13.5707
18.3039
24.0395
27.5449
18.3707
18.5914
24.0438
20.278
14.8333
19.4822
27.2541
27.7388
14.718
12.7131
9.89395
9.2747
14.3295
23.714
9.23639
10.6106
15.139
16.6859
27.5303
17.2486
17.226
11.5462
23.92
13.1195
24.5537
16.7792
9.4904
15.9733
12.698
18.9347
20.8819
18.083
11.9007
16.7438
10.485
10.9141
17.4506
14.4238
11.0241
15.7506
10.7742
13.2848
15.5525
27.2573
9.32054
9.33634
21.5375
20.1072
14.0039
11.7671
11.1854
-0.288893
7.11183
11.8579
11.6612
11.109
12.3081
15.1612
8.09355
11.1695
10.5814
11.3772
18.1691
4.18427
16.0056
5.54695
14.0303
12.4636
12.1825
14.2895
9.40479
11.4351
15.4568
8.05929
6.7085
3.47362
14.9964
8.33612
5.1395
16.3829
1.34509
15.769
9.99513
11.6974
20.9039
16.7151
8.19964
6.62779
2.00803
5.21595
8.75997
4.82561
15.4153
7.89071
6.31181
4.91374
11.4805
19.1959
13.105
6.90552
10.1895
7.45433
6.48664
8.64613
11.0272
8.55755
7.41463
5.76212
0.53553
11.3397
11.4332
-0.761125
4.2752
4.09121
11.6331
14.341
11.5484
12.81
4.08129
10.7082
11.6137
11.2103
5.7089
8.66678
12.1409
-0.57663
15.5101
-0.531395
0.486647
5.79457
-2.86604
6.25379
-5.91815
8.55046
5.63249
8.43032
6.17226
7.43596
3.32937
5.93584
9.64139
7.21274
8.77
3.00554
6.26408
12.5145
-7.43983
-0.011048
-2.02409
11.7307
3.04862
4.37293
2.79251
19.7658
-3.81664
8.00153
3.8773
10.8809
14.503
-0.521648
1.40628
11.6953
5.02378
-0.475521
11.2635
3.60921
3.63539
3.91226
4.43004
7.10449
6.29693
2.58642
2.51376
12.359
-0.535135
7.28855
5.08738
11.3373
3.76262
4.45516
0.876665
7.90234
1.58434
7.69347
7.70117
0.152315
14.7709
6.41837
10.0425
7.45454
4.95215
10.4721
12.8497
6.30618
3.71249
4.81171
1.20852
8.42436
1.84926
8.53407
0.917754
-1.07705
-0.644784
4.38826
8.36019
3.37856
-3.64757
7.49151
3.95892
5.22784
9.75666
10.9623
0.985374
-3.43879
0.831819
9.15234
4.32358
4.80947
-0.516037
9.56079
18.056
4.40669
6.97833
1.86363
-10.1
8.57727
-1.20268
-1.70624
-3.267
6.21689
-1.3792
6.27079
3.57616
-4.04824
0.211091
2.08224
5.13872
5.29678
-1.00875
5.59305
2.65258
3.78752
3.85062
10.6523
-4.78918
3.30583
2.83334
-8.40784
-1.96928
4.24327
-2.32052
3.5315
4.10366
0.150872
14.74
6.45377
-1.23059
-2.79619
-3.43267
8.38708
14.3902
2.1968
8.37302
5.60094
9.73307
9.82828
1.42417
6.06328
2.6466
1.13468
9.32061
2.39255
3.99337
-0.510459
8.82765
1.58676
3.57361
5.58567
-5.12149
7.80033
-1.64535
1.87982
6.66621
-2.10406
0.0711078
-2.34475
2.60728
3.47651
3.29333
10.5434
3.45317
1.99609
5.83219
4.94093
10.8954
-9.69092
7.75541
0.509983
13.1783
-0.82467
6.0321
-9.29906
-10.054
3.6413
-2.40263
5.97465
2.72416
1.6142
-6.63551
-6.8762
0.936936
0.617898
3.78879
2.60251
0.234516
2.5136
7.67924
6.13628
9.05964
-1.91266
9.49138
1.17185
1.16099
-3.40774
1.39097
5.81045
0.746857
0.0640757
3.5773
-0.823526
3.73851
1.49932
4.98223
4.22419
7.02643
3.75319
2.15972
0.644059
7.31798
2.69156
-3.81874
0.518148
-0.0565559
-1.80168
-3.31923
0.0812455
1.85122
5.53506
6.64227
-8.0206
-1.42645
-1.47439
2.62369
5.82794
-2.21579
11.0298
7.3268
9.9968
-3.63836
3.06808
0.411733
-3.37327
9.12518
-3.04618
13.741
-5.07909
4.61903
-4.10113
-8.29906
-2.57629
-1.67325
-4.83041
13.5562
-2.94809
6.45007
2.85826
6.83435
4.70188
-1.85939
-7.35761
-4.25359
5.00762
-5.14774
4.18618
-0.474906
1.56392
5.8602
0.725494
-1.93191
-1.4332
1.85052
-1.46015
-2.98728
-2.83248
-3.96506
6.97972
-4.76593
3.88298
2.65219
7.50568
1.58436
5.64923
2.78981
0.765731
1.49198
-1.12414
4.78451
-5.75056
1.04173
14.0448
1.82839
-4.34011
4.71252
-1.15407
0.106114
2.53311
4.10546
-3.97225
2.50512
-3.81442
0.256518
-1.3666
-5.39519
-3.03953
4.28102
4.62302
-3.80116
-4.25143
0.155505
-2.15437
4.59351
5.82895
2.30847
-5.57855
10.6797
3.39425
6.39101
-5.82088
-4.41335
3.14232
1.26132
5.92808
9.92505
-4.72493
7.83375
2.54511
1.23739
-4.13741
8.79814
10.1399
9.80027
-0.12036
2.33621
-4.96305
-3.30578
-0.582746
11.5783
-2.45739
-4.62213
-1.14878
-2.58494
-2.63236
1.23927
3.68897
8.2042
-5.54497
5.24024
1.23301
6.10079
-4.54286
1.05327
0.662197
-5.24973
-0.147592
2.99581
-1.96031
4.24266
2.18282
0.174437
-1.38648
0.224341
1.78675
-4.36865
-2.83858
0.738973
-1.25981
-3.06681
2.65759
11.5426
-3.32323
1.78747
13.3001
2.5994
-0.0260949
-4.22625
-4.40415
-4.19546
-5.38748
-0.869165
-3.42883
-1.91225
5.28171
-6.30046
-1.19251
-5.1586
-3.68014
5.23034
3.69737
7.43969
-2.55473
-6.63967
-10.814
-10.8208
-2.19892
3.87434
-2.06528
4.51428
-0.489431
5.48217
-3.65929
1.85767
3.93509
8.31734
-0.731222
0.683468
1.72177
0.833515
0.720587
0.320198
-9.03665
-8.08758
6.17881
2.73888
6.34931
0.651478
-7.78783
-4.42357
7.97002
6.94853
-0.15393
6.28798
-8.7774
-0.190483
-9.53159
1.6884
-0.592128
3.99766
2.73363
4.11313
0.742636
-2.61089
2.01282
0.372164
4.17766
1.27358
-5.68747
4.33499
2.99144
4.34956
-2.19396
8.74305
-0.354696
-5.87987
-2.17399
-11.5069
-13.2167
9.89933
-0.393309
5.04414
-4.11141
-4.8955
0.689448
-1.16041
1.57352
7.86319
-6.07546
-6.65882
9.70395
-0.803597
-0.176753
-6.30245
2.7401
0.622368
-5.02072
4.81417
-2.25162
-1.10975
-3.00026
5.9969
-9.05428
-2.53901
3.73426
-8.06942
1.19337
2.95472
8.33761
-5.97339
-0.497587
-1.7172
-4.08047
3.50832
0.79854
-2.63151
4.98548
5.1982
-5.2404
4.80824
0.733496
-9.41519
-5.04776
5.01112
-1.93354
-2.70903
-1.91631
4.16686
-8.01092
1.98993
-6.7852
-4.90731
9.73563
-3.92976
-0.315878
-6.38519
-2.44945
4.39148
0.256684
-5.86137
-2.84839
-3.71915
8.96307
14.0496
-7.28167
1.34048
7.56341
-4.12769
4.89136
1.5997
2.94455
-10.9512
2.97729
-2.30687
4.12144
9.55704
2.72686
-8.00431
-1.8381
-2.4049
-0.845839
-4.65594
1.24611
-1.26232
-3.51442
6.8694
6.93648
0.0682155
-1.2065
7.12389
-3.82402
-3.07523
-0.242579
-3.6889
4.67021
2.55906
0.621372
11.8196
-3.93281
-1.35347
1.67199
-6.61787
-0.930315
2.43043
-2.01469
0.0827407
-1.99763
3.29993
4.77913
4.21897
7.66073
1.27595
1.1088
-2.7486
6.96811
-1.65905
5.83227
-2.92152
4.77356
3.33127
-3.00511
1.33794
-0.368079
-0.686431
-5.73538
3.27867
-5.5487
5.29687
-5.19539
6.56854
-2.72357
1.53136
-9.41538
4.75079
6.43261
0.972174
1.42598
-0.00593699
1.17194
-7.78234
-2.32104
2.75846
7.19198
1.85017
-6.82376
-1.85509
4.28379
5.97323
-1.45764
9.50443
1.73226
3.46375
-0.0859186
-1.20656
1.27155
6.21348
-0.143289
3.64216
6.87289
-10.2764
3.12644
-1.1066
4.04909
8.35572
-0.320535
-2.63705
0.149792
2.85143
-7.75464
0.0130154
4.02735
1.02764
-5.71403
0.996446
4.16635
-3.48202
5.41175
-3.06863
0.258762
-3.75296
-0.174349
-0.923073
-2.52508
0.834879
-5.40547
-8.43868
7.62159
2.45957
-1.40316
3.63254
3.55552
-5.12342
2.16977
-6.49646
-1.3853
-0.430772
-4.39024
6.19328
-0.93525
-5.64086
-3.7729
2.91638
-10.907
-4.76192
5.4705
5.22872
-0.586484
-2.46378
-1.70061
-8.62148
-0.30583
4.26867
0.898436
2.59106
-0.755385
3.08088
-0.601531
-2.89753
5.76008
-1.76673
-10.7397
-3.63387
1.04966
-2.4107
4.76608
-1.15278
1.54475
3.75117
8.1183
5.31157
-0.165222
3.61435
2.9301
1.12163
-0.474454
-2.29414
-0.294096
-8.85525
-8.22502
-8.15028
-4.55387
-0.0203489
1.9318
-6.05687
-3.11198
-1.53134
-4.88688
3.19147
2.04413
10.2067
5.29751
-1.90719
-3.10879
4.30727
-8.40015
-3.37137
-2.87562
3.50518
4.6895
-1.44037
-0.556028
7.96484
2.07688
-2.09761
-7.78488
1.50024
8.10511
-0.526115
1.41796
3.15002
1.28771
-4.67801
8.79212
2.5687
-5.54757
-7.78246
4.00655
8.08721
6.04311
1.23357
7.88506
-0.744132
7.60837
2.53492
-7.41961
-1.66349
-5.90834
-3.87069
1.37958
6.009
4.60723
0.190433
-3.96511
2.93967
6.1244
3.89158
-3.72422
-6.31005
-2.96055
-11.9296
2.29027
6.61799
2.96039
-4.12116
-3.30239
-0.560158
-1.41873
-2.12109
2.39276
-7.00091
-0.42407
-3.19641
-10.8436
3.14024
4.78749
-1.07881
8.41174
1.28575
1.11531
-2.07464
1.95222
5.66827
-2.50361
-5.00413
-6.64619
8.48649
0.967592
-1.64251
-0.225248
2.67955
5.44017
3.19508
-3.4514
6.8072
1.18558
-3.05967
-4.77121
-3.74445
0.689716
0.881501
-3.90605
-1.60103
7.22422
-1.87702
-1.01942
0.947799
0.39266
2.64781
-3.0644
8.75222
8.40778
-1.86376
2.09801
2.71867
4.4818
-1.28768
-8.18483
3.85885
-5.01226
-4.15494
-0.770387
2.88262
4.22616
0.0698953
-1.2616
-2.04439
-6.06398
-6.48027
10.2671
3.48081
-3.50631
2.95744
-2.93705
-0.410571
-11.3399
-4.18632
0.712569
-3.93527
-0.492074
5.8274
-4.03001
-5.77111
-4.06002
1.20156
-2.08416
-2.83873
-2.15881
7.4406
4.5079
-0.0949238
-1.54473
-3.02972
0.444925
-0.696645
8.19389
-6.50488
-1.41381
-2.15328
9.51873
8.34789
-2.88169
4.44931
7.15344
-0.310756
-1.89841
1.02253
3.83053
3.58504
3.26169
-0.500143
-4.74026
-0.563289
-0.0331442
-0.962635
3.65444
2.36552
-7.75011
4.78501
4.84672
0.438227
-7.01986
-0.794594
8.3142
-6.14942
3.46606
2.74026
2.95819
13.5614
-1.31262
1.24885
3.79307
-1.80477
6.69664
-4.17672
2.82833
8.01843
8.12272
-1.17888
0.201219
-0.813214
7.699
1.42565
1.24872
8.9945
4.07793
-4.4244
7.07287
9.56589
6.41216
5.18648
-0.673312
-7.60123
1.0862
-1.77433
1.45933
6.72222
1.99955
3.06053
-1.8353
-4.65992
-0.35734
3.70572
-5.59473
5.24169
0.77455
0.526141
2.05726
-4.16222
6.53104
-2.41898
-5.38816
-2.08134
0.493124
5.46831
-2.7825
-9.81701
-2.21492
-3.77351
-5.12205
-5.28514
-2.25532
3.50845
-4.25935
0.99279
6.98572
2.67416
-0.74378
2.55169
3.99384
-3.12454
1.22553
5.45771
5.59836
-3.82342
6.5266
1.35944
-7.38955
-2.46125
8.09135
5.05201
8.19218
2.58591
-3.22263
3.93844
0.129409
-5.35541
-4.01961
-4.09621
1.50394
-5.46191
-4.7137
9.93531
-6.16797
1.09306
0.782009
2.88403
4.58144
0.555685
-1.29437
3.85759
8.63432
-4.41895
-1.03226
-1.48282
3.05224
-2.83015
-2.70543
0.818378
-3.53684
-5.14886
-0.928455
-2.08443
2.8694
7.43553
-4.91856
9.77846
11.1793
-6.5802
1.32157
3.24448
-7.61785
2.31058
1.31082
3.81652
0.0942706
-9.18005
-4.7567
-2.68122
8.45093
-3.61266
6.19519
6.07956
0.344577
3.34808
2.26822
1.62119
2.14978
-4.81677
-4.42913
2.88991
-1.70516
-1.81187
-3.33244
-1.40158
2.34371
2.93265
-2.95463
-0.744539
-0.0187652
0.794997
-4.99872
-3.23866
-1.71444
-9.99958
0.926468
-3.88829
-5.45306
-0.0472082
1.15048
3.87915
-0.341861
7.53042
-1.08283
-3.57615
1.69391
4.24836
-2.71473
2.61327
-3.15508
0.728459
1.45917
0.130396
4.88668
-0.628806
2.18796
-6.23091
-9.5567
5.17446
-4.86504
1.38809
6.26367
-1.3208
11.2127
1.62301
-10.6483
0.314301
-0.835841
13.9921
-1.65014
0.446924
-3.74914
-6.6771
-11.2194
1.0889
3.1465
-4.13023
4.95024
0.617834
7.12394
-8.05172
1.0479
6.23868
6.54555
-5.22589
4.71685
-0.674909
-2.12441
5.27247
3.55898
-1.79475
-0.267256
5.54483
-5.57122
-4.2067
9.84333
0.856049
-7.91122
-6.00062
3.82672
4.38973
-6.88247
1.25779
1.92933
-1.68453
0.240313
-6.47182
-2.45993
3.04366
-0.736829
-1.79452
-0.845265
-4.82813
1.42566
-0.473096
0.614988
1.83589
2.60761
2.00359
2.64134
-3.96558
0.0556135
1.63756
0.172345
1.92979
8.06711
8.25718
-7.30495
-1.05368
-1.40752
-4.20814
-0.988976
1.27625
5.38487
3.60574
5.06703
-1.43193
2.2918
-3.04381
-3.63769
-1.28648
0.936073
9.1419
9.44684
-2.00479
0.781039
3.93505
2.95848
5.97693
-0.637678
-7.08612
-4.62171
2.44078
0.587504
-7.36655
1.23507
-4.39619
-4.53381
-11.2669
-2.27059
10.5738
-1.59729
-2.26756
6.02491
1.29833
-10.5939
-1.55412
1.5803
0.630705
3.04355
-1.75069
-6.67106
-6.77882
-9.07357
-1.83634
-0.00210942
8.25505
6.4604
3.80566
6.18846
1.7244
-3.80298
3.92907
10.7677
10.4357
-0.917972
-1.92759
-4.32312
-2.00758
-5.69408
1.59052
7.34717
-4.08855
-3.12699
1.97765
1.55568
-8.91673
-1.95503
-6.65729
-0.811637
5.83231
-5.75019
2.00676
5.19616
0.646831
-3.89673
-2.38307
-9.28451
-5.47688
6.35782
-4.98027
2.91618
10.3217
1.85449
-2.48528
-0.815765
1.4642
4.74422
12.2743
-5.85956
0.624979
-2.46246
4.26962
0.565186
6.95435
4.99327
-1.79384
-2.19535
-0.185158
-1.70326
1.85029
0.891954
-1.85979
-1.10253
-0.190755
5.65017
3.34945
-1.06102
-4.79515
6.16167
-5.76774
-2.71604
-9.78817
-1.643
4.52828
2.19442
0.324053
6.80445
-2.34779
-5.45722
-2.63662
1.33607
4.44213
-3.99666
1.51158
3.43408
-9.45449
-3.27737
0.364891
-7.387
2.42401
4.06867
6.72117
2.70859
-0.0462508
0.595076
2.25891
5.20519
-7.2916
-0.534339
5.08249
-2.84294
-9.5028
-3.68321
-5.58051
1.24888
-2.92175
-0.643753
1.49305
-11.2746
0.144458
4.59383
-1.77689
-9.08421
2.62693
-0.517758
-1.93116
-11.1021
-4.91114
13.1561
-1.70158
-5.78147
11.653
5.68343
-8.98683
1.8585
-6.8442
6.56395
-4.112
-2.35977
-2.68552
0.747193
4.95737
3.69293
5.94725
3.66195
-2.1438
1.1403
-0.152004
0.882309
1.21495
-1.55684
-1.71349
-0.383691
-7.56038
2.33115
3.01941
-2.25217
2.61639
5.73661
1.99265
3.38862
5.99049
-1.48682
-5.54139
0.927055
5.6338
3.15444
-3.88752
-2.53933
-6.86696
-1.0173
-0.366241
1.80739
6.76724
-1.85149
-3.7176
-3.65926
-0.00990128
12.8775
-3.62517
-7.28718
-1.47046
-3.92075
-4.30615
-1.37317
-0.390659
-3.81929
0.0137166
2.15467
-1.17282
-6.88834
5.47212
-12.6998
0.894914
1.92238
1.48893
-1.22288
-9.38716
-5.19254
2.31131
4.41344
4.66816
1.63188
-5.94994
0.510904
-1.54046
2.37986
-14.5912
2.11667
-4.18523
-9.41173
1.79644
-2.38228
-0.855657
-1.5802
-1.28736
4.08026
5.51036
-1.68714
5.8198
4.16968
0.946283
7.10274
10.7641
3.06767
-4.23076
-3.83962
-4.0258
-3.9926
0.90958
-9.17836
0.0352752
-5.50796
2.81848
3.56426
4.48321
0.193284
0.443634
5.37862
-9.16749
2.32786
-7.17534
-2.776
-7.87095
-5.99221
2.52518
5.55396
1.1145
4.28103
-7.75451
7.07373
8.27999
3.14858
10.4597
7.27403
3.46162
-0.624396
-5.30426
-1.238
0.990792
-1.02239
-3.98579
10.4253
-6.63148
2.83775
-5.71947
-10.278
7.89611
-1.53182
1.78158
8.4971
5.6946
-6.2251
3.95566
-0.215499
0.0928977
-5.05912
0.856066
8.66931
3.04365
5.40814
2.37082
0.844818
-1.17169
-0.575566
-3.44356
-4.40667
-7.33599
-11.2181
-4.56053
-1.3754
8.04835
0.350494
-2.36359
7.52799
-3.79335
-0.0284456
9.14209
-1.90504
2.53611
-0.248118
3.90672
-2.28523
-2.45446
-3.80687
-4.90248
0.870913
4.77162
9.22778
3.39041
-5.60082
-1.11907
5.51891
-6.88523
3.4552
-7.75854
-6.83039
-2.4702
-1.27215
-0.164196
-1.65221
-1.35125
4.1741
-4.30265
2.4251
-7.29797
2.19005
-2.80404
0.793873
-0.759893
5.37012
-4.77625
5.46145
1.88202
1.70369
-4.33845
-4.36827
8.71156
-0.540665
-6.67186
2.63129
7.04856
-1.05379
10.3923
-7.1717
-0.304376
0.490509
-13.5883
-0.0151224
5.85223
3.05299
-7.57996
-0.316304
9.5804
-3.46225
-6.6833
-7.88033
0.577081
0.285905
-11.1768
-0.00832149
3.45119
-6.50005
1.12064
1.94161
-8.42342
-5.73887
1.60745
-3.70505
-1.54727
1.07421
1.86628
5.15561
15.2554
0.528313
1.27459
3.74102
-5.74783
-3.80896
-1.97112
-3.65469
-7.71331
-5.87499
-4.82928
-3.32883
4.45869
9.55181
1.15053
-9.01884
-5.79771
-9.62392
0.0662496
7.69389
10.123
-10.8407
-1.37359
-0.896287
9.04042
1.49163
4.9447
-0.268715
0.241159
1.0916
-8.07062
-3.90319
5.52115
-2.86323
4.21143
5.2111
-1.72298
1.38663
6.56313
3.26814
-5.83457
-4.73697
-0.274426
-1.80868
-8.22719
-11.8128
-4.0443
1.26016
1.92353
5.78795
-2.95824
-1.78733
3.91106
-6.68501
-1.08177
1.09341
2.26271
-4.0455
1.21247
-6.32075
-2.46214
-1.99049
7.71935
-0.503788
1.69705
-1.34058
-7.66233
-9.11215
-0.720476
2.52968
2.88071
0.746852
-11.7133
-4.88167
3.21408
8.21186
13.823
3.65325
7.18688
-2.13412
3.59309
1.16985
-1.25557
6.02463
0.474601
-0.736906
-1.26417
-1.62386
-10.795
-4.86367
0.944457
0.812161
-0.151819
-5.68938
3.87018
-0.469955
-8.78556
6.10715
-6.7407
-5.45928
-12.4167
-0.658954
0.420811
1.82338
4.66001
0.191076
-2.76268
3.14762
1.58913
1.47047
0.461572
2.37552
1.82099
-0.0322665
-0.539372
-1.29157
4.51215
-4.54072
-10.2034
0.992932
2.62918
6.9459
9.08972
-1.27615
-3.77841
-3.42852
-0.720634
-1.38627
5.20375
-3.39721
3.21159
-5.55322
-8.6135
-3.95715
-3.11067
3.48723
-0.786051
3.82813
-3.13495
-4.14213
-1.08333
-7.99629
-4.17692
-3.89293
-1.52413
2.4583
4.48395
4.27461
3.53619
-1.40499
-3.19293
-0.462866
-0.42524
2.31426
7.67178
-0.537331
-1.18344
-2.28586
5.69475
0.0202516
-5.52953
-0.443673
-0.70785
-1.36206
5.6997
-2.50914
-8.75301
11.0485
0.699706
0.642086
-0.637671
-7.84642
1.18179
5.16199
-1.13036
2.74192
0.80418
11.2272
-2.80692
1.05359
9.12712
1.75336
2.47546
6.08936
2.73993
-3.11965
-3.00713
-3.21536
-2.88252
-4.62053
-2.39722
-11.3312
-6.81311
-2.05269
0.239783
-3.31725
-4.43104
-5.18734
-2.81198
-1.23356
-4.41834
-3.35854
-3.55555
-2.68046
4.85885
-6.04956
3.98958
4.21172
-3.67544
-0.444493
-6.60469
-4.64843
14.8689
-8.08574
-0.403231
1.91161
-5.71656
-2.84706
2.75943
0.788256
3.33269
1.31133
-3.48997
4.37129
3.85282
10.647
7.67961
5.53001
1.43312
1.33816
-7.55139
-6.28283
-5.23291
-1.77558
0.254758
-0.22316
-7.95107
0.0497494
-4.65027
-0.173117
3.69653
-0.918423
-5.33963
6.87449
2.58517
-1.31492
4.96398
-2.65362
-1.70168
11.8861
4.06864
2.04484
-6.93454
1.21506
4.24334
15.6321
-1.88996
8.05867
-0.310876
-2.28494
5.20829
8.24528
-8.87523
-6.6552
1.78693
-0.922868
-7.6884
8.94499
-0.575721
9.15687
-7.88982
3.66982
1.10164
8.07663
7.56673
-8.16151
7.09841
-3.19649
10.7627
0.000965317
3.72188
-5.51516
7.18012
-4.0014
13.574
4.92451
-4.66351
-7.31899
-1.98087
1.86511
-1.42542
4.47356
-6.49404
2.8303
10.3003
6.96609
8.06716
-4.99959
2.52599
-6.12905
-4.09896
4.88411
-1.76118
-4.1987
-7.39345
3.23933
1.27534
-2.48277
-6.38035
1.6667
6.11638
3.33475
6.2518
-2.05503
-3.71656
-1.36005
6.67291
-8.00876
0.423245
2.16313
-0.398098
3.90962
2.45032
1.43553
5.94669
2.01777
4.12106
-0.381405
-2.98474
1.44786
-4.91124
0.203064
-0.309596
3.97987
-9.64008
1.6417
-4.21752
3.80365
1.18244
-1.70206
-4.18524
-5.50386
-2.06991
3.96464
-6.94469
3.07708
-6.60095
9.9345
-6.62311
-9.23306
-3.60569
-5.14328
1.64566
1.06393
10.6906
4.94861
2.43857
3.59039
-0.599107
-3.76213
1.02171
-10.7187
8.5894
4.34643
-6.72996
-3.07042
4.7002
7.13712
2.48919
-8.30999
1.4935
2.17271
2.63333
-4.75881
3.88443
-2.74653
-5.39835
1.74399
-5.12891
11.0324
4.64611
1.16541
8.14863
3.53586
6.31465
-10.1254
-0.949442
4.17617
4.01389
2.28048
-0.320971
-2.03198
0.314166
-5.68294
1.40983
-1.26896
-0.286995
-8.95309
-3.6075
-2.68769
1.12829
-4.20384
-15.105
-3.54182
-4.53457
-5.88333
-2.1755
0.321211
-6.702
0.0825158
-4.95063
2.17749
2.83362
1.20047
1.80845
-2.54994
3.82417
8.94978
-2.0201
0.631561
4.08728
-4.38882
1.20277
-6.81562
-7.85947
4.47805
-2.20844
-0.566237
-4.04968
-2.76514
-4.26094
-0.962547
-3.40564
-2.19819
4.3663
10.1748
-6.12396
-4.43485
1.33371
6.75785
-3.10506
-0.368667
0.913539
-2.51669
0.0340277
2.54491
11.079
-1.53918
-1.83656
-3.24933
1.68112
-8.21133
-0.173217
-2.41102
3.50675
2.43781
13.7254
-10.0125
3.02762
1.25021
2.22948
1.6838
1.93463
2.55499
2.95767
-1.66659
2.44157
0.628343
-7.38112
1.68542
6.39876
6.88328
-1.58209
-11.4072
-4.53164
5.8881
-4.78787
1.05829
4.68014
5.47181
-3.5897
-7.42552
-3.93477
-1.32289
-1.83195
-1.51028
-6.87082
-2.12626
6.8861
-13.6994
1.52311
-6.63223
1.89237
2.09484
2.30496
-0.625446
5.24286
1.40823
1.26884
5.09926
-0.520988
-6.75014
2.75541
1.27275
6.95769
-4.79798
-1.23252
-4.74115
-5.72223
9.09961
-11.1261
4.56729
8.73196
7.58456
2.95668
-4.79222
7.1123
0.601814
-5.57401
1.81719
4.18273
1.51713
3.58928
7.28768
-1.73795
-7.11553
-0.970049
-11.0657
8.78828
0.496874
-0.476774
-6.19794
-0.21414
-7.46719
-0.949191
0.389347
-2.63733
5.33816
6.08866
-5.21594
-1.44462
-10.7552
5.05033
-1.81142
-4.18031
2.87544
1.45601
1.37218
2.1142
-2.17237
1.53909
-5.3942
-9.23518
0.00190379
1.26452
6.87259
9.61118
-3.26802
6.68064
-2.04784
10.6336
-3.55651
4.88107
2.23235
-0.522971
-3.281
2.10268
7.59182
-0.744037
2.96226
-2.65665
-5.20916
0.296231
-2.00053
-8.48686
-2.00813
5.91744
-1.04812
7.00361
-2.3034
5.29595
-2.94946
10.1317
-1.06176
-6.56588
5.89517
3.24644
-3.41257
-0.174289
9.27483
1.00866
2.86834
-9.51455
-3.20381
-0.301134
4.71037
-2.17212
-2.99372
8.39065
-1.75435
-1.23052
-0.207676
-1.50184
3.47221
0.345588
-4.29425
5.71534
-1.12283
0.85748
7.41903
-5.50668
-2.5479
-1.37527
0.864975
-3.69624
0.0604026
-0.91388
-0.694337
5.76227
2.38973
3.11099
4.24519
4.08374
9.54231
-10.1952
-3.37295
-6.29505
1.93417
0.727304
2.08476
2.70739
-4.82566
-11.9958
-1.70102
-1.1282
4.98529
-6.05431
-1.09665
3.08097
4.0785
-6.30079
5.35053
-0.592806
-1.46817
6.11473
3.68962
12.4089
9.2629
1.09324
-3.58073
-5.90378
7.92501
2.22861
-1.21482
-6.8744
2.70388
7.24437
-0.165177
-0.116578
-9.96984
-1.9685
-0.14514
5.03604
-0.0591517
5.63246
-1.31289
-1.86998
4.39347
-8.12922
8.81402
-6.34062
-5.29367
-10.055
-3.19143
1.49338
-2.09456
7.67924
6.41966
2.89288
4.81374
5.60739
-1.93779
-4.15746
1.2953
-1.35488
-7.66312
-0.559962
11.5422
-0.567054
1.90354
6.64924
-0.112723
7.32105
1.55785
-8.33178
9.4525
2.20832
-9.41165
3.12733
-9.57835
1.26174
7.81189
-6.31046
-4.45698
7.01484
-1.21113
-12.349
2.56524
-8.63497
4.89912
2.39452
-9.46644
-4.79392
-1.01072
-4.68796
0.875241
-0.978719
-8.3324
-6.6372
9.34361
0.867478
-2.47253
10.8571
8.03997
2.80449
-5.50999
-0.604361
-2.09954
7.38662
1.27029
-2.77094
10.1902
6.111
-0.609254
-0.572222
2.96318
7.39794
-0.952021
-6.0808
7.04779
-4.39851
1.7689
-1.57958
6.38392
-0.512204
-10.4258
-5.38627
2.30531
0.416798
6.84797
1.09271
-3.95822
0.428427
-5.91736
-0.858294
-1.00878
5.49132
5.65929
-0.218575
-0.247742
-8.46633
1.83642
5.55974
-2.39061
-1.21189
3.6648
-15.571
3.94409
3.27719
-3.22956
1.82554
6.96357
-0.498284
5.18114
9.83268
5.5252
11.9459
2.71417
4.7583
-6.90761
5.34611
-1.89178
2.86515
10.5874
3.13625
3.09781
-3.59615
-0.856292
-8.42077
7.57076
-5.82612
7.54302
-3.31064
-0.311856
-3.49874
2.35611
-0.764421
8.25372
-1.18678
-5.07108
-3.25178
-7.1321
2.5092
9.10505
4.1352
-12.3037
2.13083
9.11636
-0.0454238
3.43405
-2.20786
-1.20877
4.9484
5.35819
-6.84006
-2.50015
-1.4781
-1.63128
-3.51615
-3.61552
-0.470524
4.96973
2.83533
3.68796
7.53219
5.87863
-6.59649
4.60527
-14.7742
-6.73085
-2.58128
0.308829
2.82356
2.50909
4.19023
-1.27806
8.41454
0.46046
-0.0549582
8.811
-0.881603
-0.0176199
-0.563967
-6.59551
2.62319
8.04436
-0.0088589
4.80992
1.98408
-0.311085
1.1473
1.80091
0.755641
6.78531
-4.79032
-2.76039
7.23881
0.0868346
-5.52447
3.77809
-2.40321
-2.97666
1.60451
4.30861
-2.63238
5.64769
-1.10142
-2.05715
-0.732692
-1.90684
-6.30392
6.57741
8.75633
-2.16045
-1.30424
-2.6407
-6.2995
3.77555
-3.69211
-2.54356
0.0279268
7.89095
-6.80681
0.0560976
3.44426
-0.723576
-1.54346
-2.2025
-0.387523
4.99085
0.478727
4.43083
0.158854
12.2665
-3.11625
7.30276
0.02897
-6.28518
-5.41937
3.52254
-4.79812
-5.35723
-1.09436
2.9032
-8.8841
-4.49353
-2.07451
-0.69187
7.97083
7.45627
-9.10388
-0.614562
2.12257
5.74134
0.888727
-0.801667
0.278145
-3.04551
8.88854
-1.1502
-0.0314768
0.572413
0.736807
8.3512
-13.2184
1.38979
-0.474574
-2.93393
1.67006
-0.403804
1.50511
2.95456
-0.571438
-4.53714
-3.40997
-0.349467
-4.92278
-3.10793
-2.49841
5.67922
-9.30063
-7.09218
2.86868
-6.28713
-1.90054
1.95233
2.55956
-6.60629
-5.46518
6.86595
-1.3083
-1.3148
-1.56489
-0.741486
4.99587
0.0613786
6.92336
-4.16188
2.74018
-5.32542
6.71318
-1.85224
2.75831
2.28527
6.49713
-8.42378
5.0172
-0.99971
-5.80084
5.48841
-0.249359
4.61148
-0.747683
-5.41499
-8.73747
10.1502
-9.44381
-6.55733
-5.52595
2.43876
-1.53044
10.979
6.94531
-7.60742
-8.34159
-4.63176
-3.75244
7.39096
-10.1277
-7.31104
5.60641
1.70591
7.18091
0.077878
8.47861
-4.70389
-3.00914
-2.99874
0.00936125
-2.34996
-6.47367
-3.86138
10.3623
2.4944
-8.15349
-2.44891
3.12104
9.72269
0.671224
2.31966
-7.98575
-5.2962
0.780643
-3.42964
-1.90668
-8.29931
-5.56529
3.37983
-7.66896
5.00727
5.73973
0.772493
3.34254
3.56204
-7.64412
-7.37906
-2.29563
10.9208
5.44649
-3.37437
12.5728
4.86852
6.75948
0.043626
0.461145
-1.73654
-3.01833
2.61518
5.43478
-4.00035
-7.67461
-0.969191
3.94999
2.12026
1.01374
-2.24938
6.37945
-1.69182
1.1752
-1.99854
-2.98043
4.14919
7.42179
-1.36215
-1.87189
0.285942
4.08924
-1.46771
5.60027
-0.215712
-12.4392
0.883158
-1.86167
4.97899
-2.77596
0.820711
-4.9714
-12.2636
-2.69667
-5.4537
1.72951
1.4686
1.20286
6.05537
-6.62409
-3.98189
-1.55335
1.60338
6.41644
0.139748
7.72086
7.11346
-3.02388
-4.30629
4.77763
-0.455858
2.83215
-0.30584
4.41584
-4.17578
-11.5274
-0.312323
-7.40833
-4.59383
-0.0890476
-4.14277
-5.115
2.4619
3.87905
-0.211636
-8.1599
-7.53667
-3.55079
-1.13326
-2.93353
-2.43417
1.33674
1.28796
-2.12211
-5.47756
-13.5339
-6.09819
-1.91644
-8.45057
-2.83175
5.38271
2.7547
-6.17124
-1.68659
-6.68905
-0.843149
-1.64724
-3.33001
-1.26537
-3.36591
2.14759
-0.921042
-4.88437
1.45144
-11.0974
0.320148
-12.0476
-2.47344
-1.72129
-2.81163
-4.53818
-5.28845
-1.17855
1.42011
-3.66846
8.90712
-7.56116
-0.739182
-10.5375
8.23177
7.18354
4.72352
2.40354
5.60232
-3.04107
-11.5877
2.92397
-0.612181
3.94503
0.101584
0.160512
3.59736
-0.422402
0.574031
-7.18754
-2.09383
7.15353
5.27882
-0.0307698
-1.65864
15.2714
-1.60675
-3.62817
3.05248
9.42603
-3.55473
-4.07025
1.54857
7.76603
-5.31578
0.418496
-0.306719
-0.189963
0.686318
-6.21553
-5.39562
-12.6368
-1.87602
-1.70974
-3.32923
5.06762
3.56145
-3.36534
1.44122
-3.96032
-2.58268
1.65225
-8.25663
-1.56064
-4.44319
6.73974
8.39025
-2.20273
7.05824
6.13141
4.79271
4.22878
-0.0877403
1.12741
-2.48832
-0.193848
1.04221
-8.02646
-6.38228
-5.98489
9.12756
2.35701
5.86391
-4.07154
-1.2709
9.34852
4.4731
-2.66148
0.270128
-5.00419
4.73028
-10.4144
12.961
4.68763
1.64728
3.46615
-2.08409
5.29023
2.2599
-4.34436
2.11704
-5.9541
9.43511
3.34393
2.10077
-2.90888
5.66325
-5.55161
7.70415
6.66163
4.72523
5.53749
0.309013
-7.21962
5.26792
-1.24798
1.18369
-3.24073
0.917506
-0.114487
-1.15693
-1.42661
-5.54787
1.70538
-1.41749
-1.34497
-2.43087
0.920868
9.08066
2.67682
10.407
-0.817318
8.38683
3.08614
6.03249
-4.19962
-1.66019
3.55024
-0.869752
9.29168
4.66102
2.52173
7.39083
6.56879
5.06861
7.89043
0.488531
-3.54111
2.90012
-0.228966
-1.91045
-3.8884
4.33766
-10.2919
-5.84555
8.48548
-2.18891
-2.26055
13.1054
1.36284
-3.25386
-6.01905
-2.62029
6.46517
-6.86943
7.5662
-4.09484
-4.66947
-0.817007
7.42935
-7.94833
0.590127
3.85658
1.91774
-2.58197
-2.22448
2.80435
2.12566
-1.13761
-2.38193
-4.26625
6.02077
8.80603
5.98258
-15.2044
-2.22437
-5.12671
-1.87033
8.42029
8.77631
-5.11902
-4.41457
-5.58692
5.02009
11.4855
7.10479
-6.07351
-14.3673
-4.7825
3.52397
-2.43808
-7.62587
-1.83929
-0.763173
-6.93584
1.42072
3.83295
0.0554154
3.24762
-7.11441
4.80644
-0.192216
-4.8725
-3.43116
1.67536
2.05388
-6.85969
0.349031
5.2984
3.88722
-5.17255
-5.35458
-3.99978
-10.613
6.59222
-0.137007
-6.01454
-5.28643
-2.33648
0.214518
-8.76475
7.70153
3.71078
0.9324
3.39924
4.97399
-0.376365
3.86311
-2.51108
-3.84497
-10.4204
2.29912
2.58229
8.7451
-11.2344
4.89032
1.97261
2.93181
-4.30113
9.90651
-3.53806
3.39169
6.34715
-1.49772
4.7025
4.3711
-5.76854
-4.77109
-2.76125
-0.513387
8.35939
-4.40754
-6.34977
3.22052
-2.49957
5.29304
-0.234812
2.84543
-0.582863
3.64369
-2.80971
-0.47142
0.356203
5.5979
3.75632
-4.43651
-4.58699
5.87609
0.929605
2.24362
0.81013
-0.709439
7.88234
-6.25222
-2.72585
-0.389682
6.12299
-7.49274
9.02105
-13.229
-0.224127
-0.860049
3.31024
-5.65905
1.13916
2.02153
5.47606
-1.12778
-12.9348
3.71034
9.4239
0.664217
3.1919
-1.13381
1.37495
4.74578
-1.11024
0.453072
0.440345
-4.22422
-1.30458
-6.79214
-4.35326
2.02884
2.82313
2.21315
-6.66196
7.20321
-1.17572
3.27285
-5.38886
-8.17431
-0.214894
-12.2404
3.87235
9.42375
-4.33816
-3.62065
0.291768
0.594785
4.492
-0.884702
-6.19425
0.404679
8.42378
4.03157
-5.92007
-1.60445
5.61908
-7.59564
-9.88295
-6.28139
-0.0274618
4.52927
-2.25074
2.68684
-3.20522
6.86181
-6.50736
3.88969
9.54985
0.710353
4.15688
-3.54213
-7.82234
3.10763
0.183179
-0.984991
-7.95768
-8.0925
-1.01185
0.775405
3.59257
-4.97885
-4.52039
9.24063
-0.76758
-0.837928
-3.06204
-2.07012
0.993034
5.45312
-5.79873
-2.75051
-2.72934
9.12775
3.34812
-0.223234
4.66109
-4.1737
8.24447
2.01265
-3.02896
3.45659
-8.07503
-3.13583
1.56985
0.324376
-0.531885
-8.32003
0.509864
-0.0690277
0.250081
-2.5797
-1.09801
3.1535
-1.69804
11.2681
-1.16566
-3.38392
1.62976
2.40725
8.53787
3.11971
5.46782
-9.11108
4.12538
3.94881
-8.21021
1.83252
0.980722
-4.44028
9.29615
3.88502
4.19962
0.708457
-13.7184
3.36582
3.74737
0.441148
-2.32886
4.69305
0.446996
-7.91497
-6.79696
3.23426
-1.97771
-3.39476
0.565245
9.45932
-1.99563
-6.27136
4.19132
2.36792
0.965819
-4.26038
-5.868
-7.56874
-6.12265
-1.78939
1.09731
-1.1419
-10.6907
9.44794
13.4046
0.414785
4.14276
3.1946
5.19422
-6.63953
-3.2309
0.565738
-3.92753
1.09953
1.66915
-6.47188
-3.13253
-7.10042
12.6691
3.76753
-1.57042
2.05403
-0.437656
-4.71389
-0.974737
-4.58841
2.48607
-2.7622
0.016041
1.48244
-10.3726
5.19155
-3.77537
14.1006
-1.2875
-6.76009
3.0077
4.36465
-1.55758
-7.31676
-0.896754
-3.83325
8.15124
-2.80005
-6.24961
-3.35583
-1.27544
-5.51747
4.50778
7.83879
-3.77539
6.23669
-3.21962
7.0534
5.00912
9.76731
10.0666
-1.17476
-2.76697
1.10576
-6.81335
-5.32039
1.0955
2.65202
4.90506
-1.81647
-5.00577
-2.36202
1.16733
0.862814
5.63649
-4.2208
-0.993176
-11.2463
6.53292
-9.46359
4.67619
1.76997
5.90566
5.28796
0.730608
9.27108
-5.76695
-6.24206
12.3583
1.6943
5.79709
-5.29553
-0.95582
2.96275
-10.1952
-2.22565
3.35555
0.277925
2.51832
4.49299
5.22004
6.0796
-6.54626
-5.35275
0.771982
10.5239
-1.99431
-6.22797
-1.49249
2.93003
3.31514
2.01024
1.70661
-2.10141
6.42122
-6.52654
-0.0525047
3.70559
-4.79555
1.07331
4.2323
-0.217987
3.18594
-3.90798
3.20648
-5.66009
-5.42221
-4.92793
-15.6186
-4.11918
-4.633
-0.0163411
2.69761
3.48792
-1.10127
1.34452
-4.42135
-0.0490043
0.878398
-5.6872
-5.44358
3.68233
4.70345
5.35718
-0.222747
-0.0817463
0.351934
0.67046
6.17566
-6.2686
0.101797
-4.6602
4.16863
0.885982
3.72439
1.32515
-3.0757
-0.310218
-3.04166
-3.127
-7.4489
-2.82131
-2.60061
3.17558
-3.72812
2.77885
-0.0845274
-2.77131
5.86214
0.39894
6.47789
-9.51351
2.03946
-4.33276
-10.0315
-6.58336
6.40056
2.78833
0.598953
2.74288
11.769
2.0868
-0.355332
-5.43039
-3.23508
2.01917
-4.22852
5.03923
-4.38758
7.93274
4.31228
1.65683
2.9938
-1.46477
6.93794
0.0318601
2.99002
-8.98996
2.71302
0.445761
-1.97615
2.77386
4.74891
-4.8461
2.92769
10.3244
-3.64739
6.1851
3.21836
-6.28718
7.09789
-1.92013
-7.69313
3.6878
-3.28707
2.53351
12.6606
-3.57306
-1.1317
-4.49575
2.04641
7.21429
-2.01304
-4.7746
2.61757
3.73913
-2.82346
7.47861
4.46518
-4.46955
-7.32421
-4.65324
-4.80367
-6.90781
5.21693
-1.24772
7.03369
10.5835
11.0029
1.62635
4.90323
-8.03881
4.61497
3.93841
2.15282
3.08141
6.15572
-6.902
1.46856
2.84046
-2.21202
3.05257
8.2738
-4.26338
-1.94411
-3.80396
-4.54567
5.27577
-2.88068
1.39652
3.75015
-3.13766
4.45947
-9.01654
2.64623
1.04619
3.33388
8.28224
-8.45704
-0.346812
-8.20359
-0.594493
-0.29561
4.92483
1.53609
-6.04668
-13.3825
4.99213
-1.8474
-2.97496
5.17605
-1.93082
2.68836
-4.71328
3.03416
-1.38
-1.03788
3.20593
-6.99453
-0.393076
0.0967968
-1.92928
7.52132
-1.04896
-4.70309
-1.92982
-1.31575
1.04198
7.49054
10.4944
7.61888
1.98692
5.15776
-0.392536
-3.02549
-0.41782
4.10033
-9.04333
0.272915
6.33852
-4.82721
-1.79019
5.90153
9.74947
1.12477
-9.51107
-2.17028
-16.3419
0.35993
-9.25167
-7.92596
4.46327
3.31741
-3.80834
1.04655
-13.6864
-7.76344
-1.41397
-4.79216
1.3568
-2.04566
3.95776
4.77679
-5.77698
6.66787
-6.37428
-1.77811
-1.88627
-1.14749
-2.07375
1.51137
-7.04318
-0.668491
-1.52106
-0.250691
0.593612
7.04166
0.53077
-2.44024
-0.0634068
5.45352
-1.87881
2.28688
1.1034
1.08224
0.0365516
4.70739
0.773815
-4.79782
6.43798
4.25209
6.87432
-6.46051
0.429313
-1.93591
1.55951
5.82916
3.88947
0.249554
-2.70417
-0.429152
7.22536
-7.84947
3.94472
-0.191784
1.4937
-1.03987
-2.05034
-2.24176
-10.8088
-5.31281
8.93895
1.1895
0.538052
1.17021
4.01252
1.47501
-7.52211
3.71169
-1.61844
5.01601
6.14379
-0.225188
0.114508
7.27388
-8.21565
0.855436
-1.20278
2.37789
-4.15713
5.75435
-3.07967
2.81619
-0.335504
-8.22403
6.31955
4.22466
1.17084
3.87811
-3.01221
2.93182
8.68046
-2.24128
-3.81904
3.7375
-1.32844
3.48296
-3.47248
9.32293
-0.858375
-9.14727
2.14666
6.32408
2.62665
-0.658315
3.49037
-8.7611
-2.34953
-1.10289
2.44096
3.23495
-8.72891
4.22138
1.06856
-2.82125
7.84176
-4.06761
-0.845683
-0.304473
4.99602
-0.762994
-1.68692
-6.38057
-8.58174
0.874973
-1.85392
-0.540374
-6.42938
4.664
3.6881
-0.695988
0.044687
11.1352
-2.17334
-3.25024
-0.622838
2.11819
-1.6029
-0.766591
-1.17574
-5.7578
-8.2454
3.0834
-2.86343
8.30756
3.3433
5.23375
1.78078
-0.393595
-5.70474
-5.28356
8.24867
1.05845
5.34354
1.3881
-4.11009
5.05565
-1.4925
1.23619
-3.79517
-3.63907
-2.8382
-2.32987
5.81526
0.0625752
1.98846
9.89255
4.53796
-1.64092
-3.84386
-6.02096
12.54
-11.3394
5.8104
-1.97868
1.1081
0.539577
9.08295
0.164456
-9.04821
9.96112
1.11976
7.30738
1.46335
3.52363
-2.72951
4.90135
5.67722
-9.49426
2.81333
2.01067
-4.55465
10.0528
-6.82595
13.6429
3.06429
-0.885502
3.67653
-6.58229
7.66519
-2.99553
-18.3408
-1.26553
-3.50926
6.36081
5.83703
-1.84841
4.61171
-1.79622
-4.95877
-1.10664
4.98216
-4.5992
6.31129
4.11376
-2.4026
6.87745
-1.23429
-0.496629
4.10483
-13.2402
-2.02404
-0.197185
0.639676
-5.70845
-0.505604
-9.58352
-5.06955
9.38125
-2.86169
2.72989
-3.7895
6.9743
7.2067
-1.65818
-8.27067
7.40955
-0.388686
-2.08901
-3.34665
-0.634745
-6.21336
-0.461895
8.84076
5.90994
-2.69597
7.81269
-2.76786
1.96782
4.19873
-2.89066
-2.55584
-1.99881
-6.64423
1.93795
7.33476
7.15891
3.37508
-6.15118
6.29672
-4.03913
-1.67487
-1.60295
-2.33525
9.5001
9.51309
12.2792
9.22978
0.470431
1.10039
-3.23376
3.42022
6.91773
4.33791
-5.52946
-6.9542
2.83774
-6.06713
-1.61267
-4.18989
0.566368
0.611786
-11.7781
-0.806626
15.2878
-0.916519
3.81951
-7.2763
2.86975
-1.86181
-5.06365
-8.24874
-3.75881
-3.15062
5.10665
-0.285526
0.690882
-4.18557
4.76552
1.45256
-8.503
-7.41644
-2.51269
-10.2005
2.13713
3.13459
3.76947
-2.69664
2.09072
10.7168
2.67726
-1.14426
-3.8443
4.27227
-3.93978
0.0968119
-5.99713
8.23042
1.36391
3.04787
7.4282
4.65948
0.379667
0.600468
-1.19494
-7.33801
0.943719
-3.29733
0.905687
-9.02054
-2.74799
4.42711
-2.51382
-1.95239
1.5345
-6.10168
1.77383
6.2088
5.28736
10.1265
1.44672
1.9175
5.19835
3.35435
-1.77089
-1.39066
4.36439
-0.803741
-7.79237
9.11301
1.60604
-0.352251
13.3278
-0.416017
1.90794
2.16529
1.49287
-6.40157
-0.138125
-5.59561
-6.4365
1.82142
7.83965
-9.10752
-8.43303
4.12589
0.473834
-6.88316
-0.377694
-3.52568
-1.58722
-6.28723
-1.01431
-7.65249
15.9878
-7.04167
0.154778
-0.797795
-1.96063
6.47916
8.09198
5.53027
3.24392
0.573756
-17.3848
-2.93534
-3.459
3.61294
-6.11137
5.81123
7.7814
4.09262
0.919965
0.400827
-3.73411
5.33787
1.60348
2.1947
-3.71695
0.317855
4.48998
-3.87272
-3.62122
-4.59279
6.11234
-0.68661
-8.29225
-1.43588
-6.00247
5.34879
2.88231
-6.02093
-3.97311
-12.8072
-7.60795
-0.21838
-6.15867
-0.857568
-6.93831
1.80755
7.54823
-0.485439
6.66852
4.71432
-7.42172
-1.98777
2.26427
-0.911569
-8.88375
-10.9242
-1.82523
0.619445
-0.179179
4.0601
2.04995
-9.97539
0.628576
0.459693
1.65059
2.68305
3.87688
3.71622
-5.65761
4.66405
3.50775
5.294
3.775
-1.08089
-0.344073
4.86284
-9.28118
2.25198
4.81563
5.08537
-4.01218
-3.20479
3.03019
0.809682
-4.9411
-11.7626
4.85183
-2.37352
3.20366
-5.9547
1.86879
0.779321
3.41471
0.880923
1.33216
1.81
-4.90774
4.30578
0.417283
-4.73244
6.3187
6.99456
-0.237743
-3.99411
9.4002
-8.60077
-10.5088
-4.02258
-5.77925
-11.3396
6.54425
-2.66041
-1.73257
-5.46612
-3.27701
-1.61619
-5.58415
4.49897
-2.12914
-0.442086
0.629422
0.0289745
2.97766
1.18356
3.90181
4.59172
-5.25024
4.3761
2.16902
-0.579149
-9.82921
-7.22315
3.05182
-6.82585
6.29181
0.242034
-4.56082
2.09566
-2.40186
-3.84039
6.73994
-2.30481
-5.35965
8.43141
3.44163
0.967743
10.3523
11.7063
2.94117
-2.55479
14.6679
-2.01782
-6.90384
0.483705
-0.146224
0.262632
3.46533
-4.9249
-0.525058
-8.59651
-0.249439
-6.80983
7.84889
-8.96999
-0.0571087
3.15838
4.5719
1.64001
6.86678
1.33757
2.78729
-1.08422
4.13859
-4.90743
12.9325
-3.59523
-5.14701
-0.996205
-7.35491
4.88601
-6.33377
-9.93368
-9.12568
-7.5539
-1.0078
-1.45739
2.74983
8.21807
-4.00018
-2.25334
-0.657262
-2.40534
-5.94317
5.28728
-0.902171
-1.14887
-4.8119
4.64621
-2.31739
-3.08757
0.113705
-5.30903
10.6683
5.49942
0.240121
3.2308
3.56985
10.2474
1.47067
-1.88509
-5.29722
-4.12735
-0.667881
3.52188
2.86388
0.354385
6.893
5.12886
6.91803
0.267253
-2.23171
-1.14613
2.2298
-6.24683
-5.95607
2.85517
6.57017
-1.38016
0.552502
-0.782842
0.0949407
5.08087
1.46898
1.66924
-0.608883
6.91964
8.50221
-10.7623
-0.683368
-4.12504
2.47582
-5.17419
-4.46927
-0.352297
4.62339
11.1285
-3.2834
-2.98756
3.08506
5.87277
-6.34358
4.14253
3.31884
2.49258
-4.87493
0.82199
-6.06144
-2.11419
-13.3721
3.45465
-4.97509
-2.75081
-8.22801
-5.048
7.92859
2.70277
-3.38027
2.7993
1.42987
-3.48635
3.28762
0.235857
-1.23966
4.50011
-5.04244
-1.9947
7.36464
-2.02601
-1.26212
-3.08624
-4.75298
2.65097
-5.14435
0.541574
-0.46548
-3.64679
2.13545
3.74714
-1.51399
1.70854
-6.10602
-0.665913
0.171775
-9.94185
-10.1433
7.42841
6.02793
-2.28388
0.952694
-1.0451
-2.03551
3.20255
-7.27413
3.6499
3.25601
0.0963203
-10.518
0.756672
-4.36659
4.37163
-2.05297
2.3168
-2.73931
-0.819702
5.18676
1.92952
1.79468
2.44388
-0.497765
12.931
3.84517
6.14771
-1.93006
-2.77793
0.4148
-2.57858
-9.6831
1.58205
6.28817
4.00321
-8.59409
-4.363
-0.269674
8.20582
3.61985
2.08645
9.44624
3.39084
-2.96627
-4.79025
8.01056
-0.0291264
0.00857577
0.399552
-3.63454
-5.55555
3.83089
-2.82395
-4.82593
-2.28338
1.71368
3.53781
5.27215
1.53516
-11.5507
0.776981
-0.286716
6.58271
6.87577
7.36358
4.37427
-0.209003
-16.8494
-2.13532
1.07291
-4.48274
0.392922
-1.16442
1.55475
-2.74927
-2.76092
1.4182
5.28771
-5.47413
-0.906527
2.56397
2.29294
4.84399
2.19508
0.552077
8.4593
5.11461
2.8821
-0.607184
-4.2256
2.40059
-12.4246
-1.34342
1.57307
-0.1042
-0.00821055
-0.226303
-3.77746
1.42384
-8.06502
-5.46732
5.18416
-7.29417
3.34056
3.62082
-8.81779
1.29925
-1.2967
0.857515
-6.18107
-6.28984
-9.36314
-0.90562
-1.86167
-1.2713
-1.48443
-5.09409
2.73041
1.72386
2.89313
0.872983
-1.65576
-14.3009
0.830178
-1.22597
-2.32459
-1.06697
-0.507299
0.158877
2.10512
2.04027
3.85613
-3.11535
-1.22417
1.51858
1.86343
3.48043
-8.36375
4.24217
-3.27767
7.11007
2.97518
-2.40539
-3.9017
0.624009
-3.72199
-10.1842
2.03284
-1.24741
-0.790879
-4.33521
-9.92698
-2.84374
1.48328
-0.281201
-1.73157
-2.54475
9.71929
-8.57112
-2.56155
7.34669
-0.489821
0.859452
-6.61813
10.9978
3.32954
4.04903
-1.08941
8.43854
6.31686
2.63378
-0.847016
-4.26485
-1.65857
-5.85634
-2.2595
2.18909
11.1122
3.26444
-9.88714
-7.66917
1.93277
-0.753903
-2.45989
3.53185
-7.25899
-0.490747
-1.255
-5.57877
6.05236
0.639689
-2.06696
3.78212
6.08801
1.54826
4.50235
5.33086
-1.63549
0.872674
-0.638505
6.0051
8.6287
4.56279
5.28155
-10.3213
-8.16158
-0.289174
-12.7939
-1.68929
-4.22752
0.622224
2.61778
-1.59377
7.21251
2.12123
-6.43554
-10.6085
1.52957
1.12087
-9.56708
-2.65607
-8.27555
-8.03407
-0.488672
-2.28237
8.59302
-12.2403
0.750483
-3.59249
6.51765
3.3149
1.06617
0.0867381
-0.294085
-4.75792
-1.04272
1.65239
0.502801
-3.05386
5.6994
2.10376
3.67893
-6.67316
3.22313
-9.33738
-9.15162
-4.48978
9.92847
-3.35777
0.0588716
-3.30782
9.15785
-4.21768
0.731362
8.11721
-0.674486
7.12437
9.68318
-2.43346
-7.49576
-2.94071
4.6608
-10.4282
-1.42652
-9.45282
-1.59436
-1.07283
-5.43158
-2.31976
-5.79877
5.64442
-1.13597
3.1753
7.27955
0.978134
0.20757
2.52716
-5.52898
1.52334
-14.7174
5.88968
-4.68307
-2.72713
-5.10946
-7.67679
6.49998
4.32774
-0.866507
2.7869
1.79953
1.36078
3.87331
-6.18814
-4.2808
-3.68156
0.748217
5.60347
-5.52054
-4.6646
-0.662994
11.4086
6.00099
3.62923
-6.86755
-5.01836
-7.79381
9.32109
-5.61703
10.5805
-2.93447
5.11578
-4.65151
3.68502
-0.535248
-3.35909
-7.79181
-5.44581
-6.13599
-4.03135
-0.120311
-2.73087
3.20302
3.59934
3.03437
2.40543
1.77605
1.52581
-3.31869
3.16519
5.0029
-2.61122
1.15142
-0.594926
1.33638
-1.15288
-3.02552
-0.993175
-10.9291
3.70893
3.97217
1.65911
-4.41939
0.751736
-1.63713
-0.584822
2.08732
-11.2613
-0.0902729
6.77819
-0.954361
-5.72802
4.26459
1.41031
-8.29689
-6.70648
-0.475317
-0.0469145
-5.68779
9.39706
1.32827
4.2443
1.91716
-2.59322
8.5372
8.89959
-0.281267
10.0264
4.36307
1.38098
-5.42011
1.8288
-2.00568
1.18972
-2.51122
-1.85696
2.58626
7.88462
-1.91487
4.66608
-0.193435
-1.06114
-5.09328
4.22613
2.81402
3.62654
4.29323
0.676849
6.45253
-1.81515
-3.21376
8.2019
-0.185951
0.489675
-5.84979
5.72725
-0.637864
-9.39879
4.33531
4.32014
4.13602
-8.32438
5.44621
-0.49773
-7.67877
-1.91299
1.85986
9.72662
-3.50587
-2.30191
-4.79798
2.29674
1.42524
-0.0201809
-7.3013
-0.373006
3.55378
7.46437
0.734988
0.822069
-0.489461
3.65669
-12.0967
1.14097
-5.86173
-5.26301
-1.10097
7.05554
-2.38472
3.68333
3.03949
7.48784
10.4682
5.6088
2.90003
0.856254
1.30674
8.28564
-3.33193
-4.41651
-7.27308
1.94325
-2.51562
2.51434
7.09353
3.14723
7.73365
12.3952
-2.52953
-2.63668
-1.7463
8.78652
1.99726
-2.28453
4.54629
0.785587
-5.73459
-0.016532
5.17953
8.04718
0.415323
-1.44279
-3.19488
-2.46492
-2.00534
-5.70818
-4.07799
5.13297
-2.72072
3.98272
3.98685
-3.65799
4.26494
-1.32249
-3.60973
-6.68983
-4.70837
-7.34338
-4.43989
-6.96667
-2.72218
2.81845
2.74289
-2.57938
0.412631
-2.94788
-2.24423
-4.93408
-12.0071
4.29765
-4.79796
-6.12849
1.41959
-1.33125
10.7618
3.48973
3.76539
9.43771
-0.247932
0.234567
-3.08916
1.00088
1.24886
1.46639
2.85875
5.11233
-2.0935
-1.69954
0.813297
-0.395678
-0.819304
3.75347
-11.2254
-8.52311
4.52143
6.45692
-0.70767
-3.00404
3.35758
7.96546
-6.2528
-1.2302
-2.86755
0.130259
2.86842
2.43176
-1.23389
-9.09521
0.470657
1.9991
-6.58241
-2.37718
-3.00892
-6.30871
-2.93011
-0.840186
2.49273
5.07462
-2.33781
-1.64853
7.03938
-6.90002
-5.76388
4.17554
4.6749
-2.10957
0.172806
1.63628
-0.276057
1.70178
-3.20488
-4.19917
-1.34784
-6.53039
6.80419
4.33948
0.669421
-0.519208
4.74455
5.71958
5.67294
0.645671
-7.62165
-3.54295
3.67172
-10.2151
-11.5787
-3.85311
1.25757
-5.63691
4.35085
-2.68276
-6.21975
2.03778
-8.87434
-3.06643
-4.95393
2.14011
8.54099
2.62846
0.288287
-1.16728
1.20817
-3.12063
0.385098
-0.737503
1.58772
-7.8301
-6.6318
3.79171
2.91476
-3.94433
-11.4254
12.3434
-8.38129
0.278756
11.6607
-5.45358
-2.34734
-1.33818
2.99041
3.77533
-2.63027
-6.87112
1.07984
-5.20715
0.107043
6.0257
3.00443
-0.839247
2.71728
-4.9677
5.25697
2.09499
-5.66781
4.64229
-4.30132
-6.889
-2.82512
-1.45301
-1.50596
4.35896
4.09756
1.58323
-2.57243
-2.20675
14.7916
-0.177804
-0.951599
-2.79822
1.22605
1.49309
-3.57654
1.6655
0.444879
3.62902
-9.95606
3.98331
-3.02645
4.56382
0.491472
-5.49214
-2.30206
-0.323402
-0.257021
-2.42622
-1.06946
2.34135
-5.63384
-7.34852
-2.7871
8.07395
-0.00296793
-4.32095
-0.766435
-3.82475
1.34445
0.0094638
1.641
-5.59045
-9.11711
-3.84593
0.425181
8.25457
-2.61359
-0.139542
-5.72813
6.82566
-5.58238
-2.9282
-3.27629
-0.251942
3.33742
-3.58654
3.4566
-1.02979
7.14234
6.38908
1.56035
9.04533
-1.90833
7.57465
-5.45308
3.19293
11.3694
4.92471
1.8489
0.797556
5.21716
2.36455
0.317285
2.16719
3.96563
-1.71865
-4.50042
-1.70587
0.843169
0.786074
7.08548
0.0329953
6.42876
0.506115
5.49705
-6.00277
-4.93243
-4.61768
8.60042
8.12484
4.56256
0.968036
3.22079
-2.38813
3.82863
-7.49348
-1.00341
13.0399
-2.3746
-0.491414
-1.23293
2.1677
1.43565
8.67694
1.32939
-6.67042
-2.45545
-3.66389
-0.0864701
-2.49145
-3.95759
3.15159
-0.249536
-3.15941
-6.97129
-6.6119
-4.74545
4.52577
5.99006
3.09636
-4.89868
5.0322
6.6097
0.722823
-2.93138
5.8673
-1.76518
-4.94339
-7.22855
-6.20199
9.25488
4.2236
7.86779
-6.07986
0.67234
-5.18979
-1.35372
-5.75525
6.27995
0.120472
-0.192224
0.937456
-1.01653
-1.33588
5.79821
-2.82801
7.38254
-7.68332
6.86107
4.78251
11.313
1.1315
4.62896
0.674555
3.30706
2.17027
-6.71264
-2.99272
6.92485
5.92005
0.766526
-4.215
-3.35188
-4.68482
-3.74987
2.9992
-1.68242
4.85988
5.90705
-1.22473
-7.01782
6.09451
-16.942
-9.98916
1.34391
13.0775
-0.921295
6.58269
-12.5805
2.51185
-1.00092
0.833084
-0.675962
1.90609
3.77472
6.14508
5.04902
-0.162086
1.66778
-10.2238
-1.34085
-0.120663
-8.45619
-0.87647
2.31534
-3.49146
2.0117
5.79734
-3.46548
7.20391
4.18038
-2.83716
2.43177
-5.83968
0.255034
-2.75173
-6.65455
0.379371
1.16763
2.46051
1.71754
-2.83598
-0.506593
-0.876056
-6.91929
7.6223
3.78439
-4.14274
-1.82549
-2.39462
-0.369619
4.92239
-1.19769
-0.402998
11.3197
-0.830684
-5.61962
-4.18243
-0.134253
8.29243
1.0249
-9.9546
-8.84442
-1.21117
9.57717
6.8116
-0.977343
0.429854
-3.14777
3.37528
0.72422
-1.8471
-4.1924
0.947467
1.531
4.4325
8.45296
-1.00752
-1.53566
3.32285
-3.00091
4.55684
-6.20725
0.261839
-0.740555
0.762997
-2.39702
3.15616
12.492
-0.676047
3.79084
5.60468
0.953026
-1.7389
0.0456134
3.71627
-0.358901
-0.855218
-0.489915
0.894515
-5.15346
-8.92769
-2.0305
7.4152
7.10026
3.92317
-2.55477
-4.6874
5.89988
1.16427
0.270556
-8.91817
1.11649
3.30247
-3.26458
5.83687
-6.66007
0.194526
-4.06885
3.09997
-8.91761
-0.503873
-2.21487
-0.954641
0.128022
7.37213
-4.17505
2.75977
-9.22263
7.19554
-3.8028
-3.06079
3.94187
-0.00350011
-3.8382
-0.805164
-8.48504
-13.868
1.52829
-0.744637
-3.73373
5.38323
-4.04438
5.33397
-3.46407
5.80907
3.00302
4.23883
3.89062
-5.56313
-3.58659
-3.698
-1.64363
6.16076
0.213629
-2.04264
-6.96704
-4.96458
-1.10079
5.50638
-0.0823301
4.43261
3.56467
0.366698
-4.1203
3.78232
1.1088
1.75541
3.29921
-11.1869
-4.55614
3.02299
-3.6316
-1.03909
-0.0784247
-4.46934
-3.92881
11.8288
6.02242
-2.69242
2.689
1.30897
9.81823
11.2812
-2.04008
-0.624473
-6.48574
1.54336
9.08627
-2.7535
-4.11122
8.16267
-2.63367
-5.90879
-4.77608
1.96447
0.805819
8.6042
-1.61687
2.44572
5.69909
-4.10481
-7.4853
7.07955
1.05434
-1.49553
4.04577
0.531364
-0.0103067
0.209265
5.92883
-7.57646
1.54684
6.6509
4.22701
3.52784
6.69345
-0.551671
0.586376
-0.229928
12.2105
-2.79862
-0.496379
4.18078
-1.58388
3.68015
-0.527472
-8.29506
-8.15441
-3.1214
-1.4563
-0.82686
3.59166
-2.44341
6.80586
5.18375
-1.56357
3.15677
-5.47108
4.03108
0.931704
9.141
4.33325
-0.86962
-1.77068
-7.03612
1.10128
-2.3253
-2.1804
3.66339
-2.23257
-5.08656
3.15246
-3.58367
12.9111
3.97938
-7.91461
-2.93039
-8.82811
-3.45425
-1.43762
-2.58803
2.15586
0.120655
-3.04572
-3.65685
1.64191
5.62888
6.9173
4.66503
-5.54956
-13.2925
-1.22117
3.49402
-5.25645
-7.75607
-0.381208
-8.18259
-0.627966
2.4381
14.1865
-0.509363
-3.65717
3.35737
-0.686677
-0.916298
-1.9159
-2.67194
4.98577
2.30755
-6.0748
-3.62182
-0.586278
2.86663
7.85224
-8.48708
-7.26468
-7.673
0.833036
2.49602
14.8168
0.907087
-0.908118
2.7207
5.35836
0.809012
-6.1065
7.94252
-14.0538
3.43869
-9.2989
-2.31293
4.98882
5.74052
-0.715132
4.62311
7.13023
2.46297
-4.33265
5.41749
-2.01546
2.8518
4.49256
-3.98743
9.01615
-2.07485
-0.0946625
-2.8778
4.30119
-4.24275
-1.4856
2.12539
-4.1985
2.01224
4.73733
-4.06209
-0.0971741
-5.48856
-10.3735
2.73645
-0.336825
-5.09652
3.96127
3.16989
5.20373
-9.87013
2.79136
0.615559
-3.15372
-3.87261
-5.61286
6.36853
-10.7925
2.53767
-1.43966
-3.03073
6.37889
-3.34036
-1.65544
2.14127
0.120169
0.691227
9.96103
-10.8996
-1.74072
3.00301
5.44318
8.78384
6.40419
-3.72827
0.146824
-2.41811
1.61463
1.1945
-6.76914
-8.82621
-5.95885
-5.50288
-3.82275
6.16809
-2.89909
0.17475
-3.71679
9.4406
-5.36594
-2.44496
1.7755
7.19911
-4.04161
-4.80245
-3.7946
4.42426
-1.18656
3.57682
3.29317
10.0397
-2.24515
-6.10165
0.328983
-6.51622
-0.305388
-1.69748
10.0155
-4.7277
-7.61217
-0.0804435
-4.74288
-1.43648
3.89863
-1.40237
6.51316
-0.831432
1.23526
0.846267
-0.246434
13.2966
2.49845
-5.5914
4.41653
10.6951
6.75459
-3.8799
-2.89513
-1.37371
6.53868
5.4603
-5.42742
-3.78975
-1.64784
-6.62104
6.30056
0.199338
-2.67575
-2.60452
13.6592
0.906005
-4.33394
-3.34731
-6.43469
4.84945
-0.219542
-4.07496
2.89967
-0.684666
6.41135
0.453043
4.15922
5.62159
3.81854
-0.0928402
-0.526518
-5.23686
3.89319
-2.86573
-0.568331
-2.63024
8.79449
-7.56917
-3.59109
-7.39507
-4.17362
-0.894069
6.6041
0.236061
-3.0347
-8.87131
5.83708
-1.37296
-1.19025
1.10737
-5.5685
5.78371
2.20135
-4.47073
6.55511
-1.02595
7.83099
-8.22763
0.641994
-6.21659
7.30226
-5.89665
7.37833
-2.51628
3.45484
1.75137
-0.0118775
-4.28201
-5.97571
4.6845
6.50812
-2.70265
-1.71769
3.57739
-3.67172
4.45058
2.17664
5.70958
6.04923
-0.809586
-2.20004
0.258138
4.03238
-6.36975
8.35729
4.57288
8.49242
-0.318445
-1.49265
-1.58496
-1.23408
-2.42266
2.20536
1.26745
-2.2889
2.05746
-9.3433
3.15703
4.25068
0.746943
3.79465
3.593
-0.833416
-4.21928
4.94238
3.58753
-3.97073
-9.72429
0.860316
4.0997
-10.2357
5.07584
9.2684
-1.35934
-8.41321
0.4551
0.107225
2.22805
5.97507
-3.80431
-8.1329
2.93848
-4.3274
4.83194
-1.09235
-3.79743
7.71974
6.58894
-1.611
-1.97777
-0.190902
2.47245
0.907921
0.673127
0.268625
-1.853
-9.95173
-7.99585
-2.15418
-0.261654
-7.00717
-2.32412
0.845974
6.27637
2.48838
4.81134
2.67842
5.08828
1.71258
7.0917
3.17367
0.0486234
-3.0209
6.86173
-3.33219
11.7641
-3.66585
5.26551
0.0791525
5.48498
5.93235
6.20976
-2.07833
-2.21081
5.2082
2.36993
-9.97843
-2.75472
-0.454685
0.0904227
0.725415
-3.69579
2.58193
-2.17203
-4.87838
-3.26137
-1.52445
-14.8032
-7.81063
4.8077
1.73592
1.72321
-1.46072
-4.74077
-4.79032
-4.0728
4.8926
5.02778
0.0861138
-5.38558
1.07413
1.60583
0.942887
13.1111
5.51814
-4.08377
-16.2502
-5.42191
0.404291
7.32016
1.22204
1.79002
-1.925
-0.612624
-6.86766
-5.4986
12.2726
5.34557
2.76939
3.41935
-1.81361
-0.380727
-6.01535
4.244
-2.78487
-5.5396
4.45704
2.90019
-4.41986
-2.31776
-3.04059
-3.58526
0.352488
1.00774
-2.15236
5.37689
4.34662
-16.2433
2.46062
-2.36113
1.45231
-4.75925
-7.79922
1.17175
-6.34554
-1.98853
-1.5508
3.2898
-3.91532
-4.33888
-5.02463
6.1042
-3.27677
-8.56897
0.0979373
-8.51855
1.91684
-3.09127
-3.83218
2.81871
-1.37353
-6.67624
5.22867
0.575383
3.29949
3.80555
0.860491
4.31968
5.12385
-1.14638
-0.581643
-3.08575
-0.723747
4.56302
4.00235
11.4133
-2.69641
-6.6459
8.86312
0.655191
11.9633
1.65469
-2.39987
-2.01063
5.49923
6.74681
1.79645
-2.6944
-3.39073
-1.02386
4.27365
-6.39142
5.51396
-5.34264
-2.12173
-6.9463
4.85394
-4.14817
-2.61904
1.41234
-8.03138
-3.50057
4.2473
-6.95193
-4.1214
0.573168
-8.43846
7.38067
2.05598
0.791037
0.0199528
8.86735
0.964886
-3.99818
-7.50257
-3.6342
4.42093
-5.77853
-1.62292
2.49834
-2.74957
0.611648
7.52789
4.14375
-5.5701
-3.51385
-1.15594
-6.16117
5.32406
3.94478
2.32461
4.56175
2.03199
1.59145
1.62806
3.19449
-1.70582
-6.09891
-2.98092
8.49219
0.531192
-4.57326
0.327412
-0.646949
2.68863
-7.08379
-1.06548
-3.08948
2.83904
2.90754
1.24627
-1.95182
1.8981
3.01616
6.47571
0.389428
7.37759
-1.86441
3.63762
2.41432
-4.2799
-4.33627
6.68116
10.4545
0.6154
10.6841
-6.43352
5.97113
7.38304
-0.475987
1.89996
-1.45385
-2.85977
-1.63633
-7.13901
0.207728
10.1962
-8.01036
5.14239
7.52466
-6.63036
0.871952
-4.96076
2.87968
6.28429
-1.02822
4.71036
-4.85657
0.480149
-4.5807
-6.95476
-3.28377
-3.33398
-0.667686
3.31975
-5.8736
-2.637
-9.42939
-6.04907
-9.76577
-1.88262
2.63948
-1.69095
-4.92893
1.96564
-0.658796
0.552215
2.44044
-0.0197157
-6.13408
-5.11312
5.64053
-1.09301
-4.7952
-11.2636
-6.36635
0.829091
-7.6963
9.98621
3.79343
-0.95348
9.54068
5.11313
-2.30772
1.56892
-6.37765
2.96874
6.8846
1.47284
1.25581
1.85
4.64858
-6.55175
5.1428
-6.0174
-0.383921
-7.17343
1.53384
8.62509
2.97601
1.31828
-2.43972
2.60005
9.12236
-3.80295
-0.967311
-3.25305
1.22191
0.748944
6.16358
-2.55897
-1.90631
-1.26066
-0.585876
1.69981
2.32256
-0.440638
-3.33271
0.868786
-2.08815
-7.7506
4.19459
4.88789
-9.49564
-1.73415
3.86126
-8.29915
4.84619
-1.23707
5.63819
7.02171
-0.589525
-3.26773
11.1349
-3.94352
-0.394322
7.4919
0.601564
5.14227
-1.63026
-3.1402
-1.77327
-3.64839
2.66265
-6.05372
6.7237
9.89649
-8.14999
2.28399
6.43112
8.99582
-4.61468
11.0534
0.100894
-0.102241
7.79185
1.13408
3.18381
4.79117
-0.217777
9.29717
-9.26693
-2.98125
1.79886
-4.98991
5.51971
3.64927
-0.512164
4.53015
-1.90098
-1.06868
