-123.199
36.1167
34.7709
43.4733
38.3975
39.4678
27.6464
21.7706
30.3335
33.3726
37.8736
32.9856
26.2635
29.2687
33.3772
36.4406
29.1865
28.5254
31.6001
27.9443
26.9469
34.068
28.8574
29.051
25.6639
27.1742
30.2754
29.9738
25.717
28.6144
36.6358
27.8449
27.3732
27.8034
15.4023
31.1306
27.8026
26.6429
31.2331
35.3919
25.1497
32.9653
35.8342
22.7723
23.1255
36.6694
21.3239
34.5626
32.5351
23.3827
23.5778
31.3195
23.3502
24.3398
28.4599
26.9471
24.4537
30.7248
23.7032
27.2789
15.2825
21.9611
24.7213
22.4372
19.9387
15.5376
31.1456
24.3413
29.787
25.3244
18.6753
28.2129
17.1072
25.1406
16.9604
20.4842
28.3687
22.5971
37.3623
29.3011
28.8678
23.1398
14.2592
21.1588
21.6501
7.27745
16.019
8.0527
13.8839
16.5238
14.6054
19.5877
16.5115
9.92613
13.5316
18.2524
23.9731
27.4693
18.3189
18.5389
23.9771
20.221
14.7904
19.4272
27.1788
27.6621
14.6752
12.6754
9.86357
9.24586
14.2874
23.6475
9.20742
10.5779
15.0945
16.6373
27.4534
17.1983
17.1757
11.5106
23.8522
13.0797
24.484
16.7297
9.45974
15.9257
12.6588
18.8792
20.8212
18.0295
11.8632
16.6936
10.451
10.8789
17.3983
14.3792
10.9883
15.7024
10.7388
13.2428
15.5046
27.1788
9.28853
9.30421
21.4735
20.0468
13.9592
11.7282
11.1479
-0.296605
7.0848
11.8185
11.6221
11.0713
12.2672
15.1127
8.06336
11.1312
10.5446
11.3382
18.1123
4.16374
15.9543
5.52269
13.9839
12.4212
12.1406
14.2421
9.36998
11.3949
15.406
8.02768
6.68032
3.4538
14.9465
8.30345
5.11507
16.3292
1.33035
15.7167
9.95769
11.6555
20.8379
16.6598
8.16642
6.59859
1.9908
5.19032
8.72505
4.80085
15.363
7.85779
6.28293
4.88843
11.4381
19.1333
13.0581
6.87464
10.15
7.42189
6.45665
8.61046
10.9852
8.52195
7.38194
5.73367
0.520638
11.2967
11.3898
-0.772833
4.25038
4.06683
11.5891
14.2898
11.5044
12.7626
4.05654
10.6662
11.5693
11.1668
5.67966
8.62982
12.0949
-0.589665
15.4552
-0.544639
0.470775
5.76488
-2.87322
6.22291
-5.91739
8.5136
5.60318
8.3937
6.14147
7.40185
3.30592
5.9056
9.60147
7.17909
8.73227
2.98278
6.23285
12.467
-7.43548
-0.0259471
-2.03373
11.6853
3.02575
4.34662
2.77031
19.6994
-3.82174
7.96573
3.85221
10.8376
14.4502
-0.535388
1.38757
11.6499
4.99563
-0.489341
11.2191
3.58476
3.6109
3.88707
4.40351
7.07101
6.26555
2.5647
2.49227
12.3119
-0.548701
7.25468
5.05923
11.2929
3.73792
4.42869
0.859537
7.86698
1.56542
7.6587
7.66638
0.137189
14.7178
6.38695
10.0016
7.42044
4.92458
10.4302
12.8016
6.2751
3.68819
4.7846
1.19084
8.38796
1.82999
8.49747
0.900998
-1.08853
-0.657301
4.36272
8.32436
3.35572
-3.65205
7.45814
3.93477
5.20045
9.71752
10.9201
0.969099
-3.44345
0.816155
9.1151
4.29893
4.78362
-0.527965
9.52272
17.9958
4.38203
6.94705
1.84572
-10.0867
8.54215
-1.2123
-1.71445
-3.27102
6.1883
-1.38797
6.24222
3.55466
-4.04981
0.198566
2.06494
5.11354
5.27126
-1.01778
5.56694
2.63419
3.76627
3.82928
10.6133
-4.78792
3.28617
2.815
-8.39683
-1.97486
4.22163
-2.32499
3.51192
4.08266
0.140251
14.6915
6.42685
-1.23742
-2.79883
-3.43351
8.35559
14.3432
2.1815
8.34174
5.57694
9.6984
9.79341
1.41123
6.03839
2.63068
1.1228
9.28753
2.37757
3.97433
-0.517676
8.79625
1.57428
3.55607
5.56299
-5.1162
7.77213
-1.64888
1.86725
6.64128
-2.10607
0.0635781
-2.34587
2.59341
3.46048
3.27788
10.5091
3.43746
1.98429
5.81052
4.92166
10.8608
-9.67193
7.72917
0.502683
13.1382
-0.828325
6.01074
-9.28042
-10.0332
3.62664
-2.40146
5.95415
2.71221
1.60524
-6.62287
-6.86277
0.930195
0.612099
3.77485
2.59176
0.230041
2.50331
7.65561
6.11675
9.03259
-1.91107
9.46342
1.16562
1.15491
-3.4018
1.38456
5.79265
0.742327
0.0614473
3.56565
-0.823617
3.72667
1.49341
4.96738
4.2114
7.00644
3.74182
2.1526
0.641
7.29767
2.68337
-3.80986
0.515883
-0.0572073
-1.79766
-3.31113
0.0806265
1.84611
5.52046
6.62488
-7.99972
-1.42257
-1.47027
2.61726
5.81327
-2.20943
11.0018
7.3085
9.97163
-3.62796
3.06117
0.411836
-3.36319
9.10285
-3.03676
13.7068
-5.0642
4.60882
-4.08854
-8.2754
-2.56738
-1.66658
-4.8154
13.5234
-2.93782
6.43601
2.85362
6.81946
4.69262
-1.85148
-7.33526
-4.23918
4.99803
-5.13081
4.17895
-0.469929
1.56369
5.84889
0.727622
-1.92276
-1.42524
1.85004
-1.45193
-2.97497
-2.82046
-3.94999
6.96641
-4.74861
3.8779
2.65039
7.49133
1.58548
5.63987
2.78796
0.76923
1.49368
-1.11555
4.77782
-5.72975
1.04497
14.0143
1.82968
-4.32266
4.70651
-1.14475
0.112255
2.53302
4.10135
-3.95526
2.50534
-3.79767
0.262768
-1.35604
-5.37407
-3.02443
4.27713
4.61831
-3.78388
-4.23289
0.162663
-2.14112
4.58926
5.82154
2.31027
-5.55614
10.6598
3.39341
6.38243
-5.79761
-4.39365
3.14243
1.26638
5.92106
9.90766
-4.70414
7.82194
2.5471
1.24285
-4.1179
8.78406
10.1224
9.78364
-0.111121
2.33913
-4.94107
-3.28803
-0.572016
11.5574
-2.4417
-4.60072
-1.13634
-2.56871
-2.61594
1.24568
3.68905
8.19257
-5.52078
5.23643
1.23966
6.09482
-4.52108
1.06055
0.670544
-5.22594
-0.13702
2.99825
-1.94493
4.24194
2.18749
0.184383
-1.37242
0.234255
1.79263
-4.3467
-2.82056
0.747732
-1.24581
-3.04806
2.66148
11.5234
-3.30374
1.79372
13.2764
2.60356
-0.0150556
-4.20423
-4.38162
-4.17343
-5.3623
-0.855705
-3.40868
-1.896
5.27926
-6.27275
-1.17805
-5.13379
-3.65914
5.22817
3.6992
7.4318
-2.53659
-6.61087
-10.7743
-10.7811
-2.18155
3.87591
-2.04824
4.51421
-0.476469
5.47961
-3.63806
1.86457
3.93659
8.30743
-0.717571
0.693459
1.72907
0.843137
0.730516
0.33118
-9.0013
-8.05466
6.17461
2.74361
6.34465
0.661651
-7.75567
-4.40014
7.96118
6.94234
-0.141635
6.28351
-8.74265
-0.178057
-9.49485
1.69596
-0.578645
3.9992
2.73845
4.11436
0.752627
-2.59216
2.01951
0.383121
4.17871
1.28217
-5.66075
4.33563
2.99557
4.35013
-2.17635
8.73219
-0.341899
-5.85268
-2.15645
-11.4651
-13.1704
9.88547
-0.380416
5.04287
-4.08886
-4.87091
0.699499
-1.14556
1.58125
7.85452
-6.04787
-6.62971
9.69047
-0.789768
-0.164561
-6.27433
2.74468
0.632437
-4.99597
4.81331
-2.23412
-1.09523
-2.98083
5.99289
-9.01915
-2.52083
3.73609
-8.03689
1.20178
2.95851
8.32735
-5.94642
-0.484877
-1.70134
-4.05848
3.51054
0.807777
-2.61336
4.98378
5.1959
-5.21555
4.80692
0.742741
-9.37954
-5.0235
5.00918
-1.91744
-2.69093
-1.9003
4.16699
-7.97912
1.99569
-6.75664
-4.88365
9.72113
-3.90874
-0.304279
-6.35782
-2.43236
4.39074
0.266656
-5.8355
-2.83038
-3.69892
8.95026
14.0235
-7.25231
1.34738
7.55407
-4.10664
4.8889
1.60577
2.94708
-10.9125
2.97969
-2.29077
4.12078
9.54218
2.72972
-7.97354
-1.8234
-2.38877
-0.833796
-4.63402
1.25264
-1.24931
-3.49558
6.86117
6.92802
0.0775862
-1.19384
7.11483
-3.80464
-3.05782
-0.232583
-3.66998
4.66734
2.56164
0.628945
11.798
-3.91348
-1.34088
1.67666
-6.59166
-0.918935
2.43302
-2.00058
0.0913552
-1.98364
3.30008
4.77538
4.21663
7.64938
1.28117
1.11442
-2.73298
6.9584
-1.64635
5.82543
-2.90563
4.7694
3.33081
-2.98913
1.34259
-0.359032
-0.676594
-5.71244
3.27812
-5.52632
5.29099
-5.17402
6.55926
-2.70872
1.5351
-9.38319
4.74608
6.42347
0.97719
1.42978
0.00154343
1.17631
-7.7547
-2.30764
2.7586
7.18052
1.85255
-6.79883
-1.84312
4.27974
5.96472
-1.44685
9.48665
1.73464
3.46158
-0.0788908
-1.19665
1.27497
6.20399
-0.136286
3.63927
6.86154
-10.2432
3.12479
-1.09729
4.04494
8.34032
-0.313415
-2.62393
0.155628
2.85019
-7.72831
0.0191056
4.02295
1.03099
-5.69316
0.999819
4.16142
-3.46709
5.40351
-3.05485
0.263848
-3.73747
-0.168204
-0.915022
-2.5129
0.838283
-5.38586
-8.4112
7.60724
2.45858
-1.39413
3.62842
3.55155
-5.10484
2.16934
-6.47437
-1.37654
-0.424538
-4.37374
6.1822
-0.927835
-5.62122
-3.75815
2.91368
-10.8738
-4.74469
5.46105
5.21984
-0.580282
-2.45272
-1.69157
-8.59446
-0.300481
4.26206
0.900545
2.58872
-0.749062
3.07718
-0.595697
-2.88575
5.74929
-1.75799
-10.7077
-3.6203
1.05099
-2.40041
4.75765
-1.14586
1.54461
3.74524
8.10095
5.30146
-0.161124
3.60857
2.92606
1.12225
-0.469718
-2.2847
-0.289894
-8.8288
-8.20021
-8.12569
-4.53866
-0.0169739
1.93004
-6.03788
-3.10067
-1.52418
-4.87102
3.18627
2.04186
10.1832
5.28664
-1.89935
-3.09785
4.29888
-8.37552
-3.35983
-2.8654
3.49874
4.67993
-1.43404
-0.552027
7.94662
2.07392
-2.08974
-7.76223
1.4987
8.08633
-0.522492
1.4165
3.144
1.28649
-4.66373
8.77131
2.56402
-5.53116
-7.76024
3.99807
8.06805
6.0292
1.23213
7.86627
-0.740512
7.59022
2.52992
-7.39873
-1.65759
-5.89142
-3.85909
1.37749
5.99482
4.59665
0.191301
-3.95345
2.93334
6.10973
3.88268
-3.71334
-6.29244
-2.95167
-11.8974
2.28547
6.60187
2.95374
-4.10941
-3.29278
-0.557706
-1.41408
-2.11463
2.38744
-6.9818
-0.422087
-3.18725
-10.8146
3.1329
4.77581
-1.07526
8.39055
1.28305
1.11303
-2.06865
1.94772
5.65406
-2.4966
-4.99062
-6.62841
8.46487
0.965477
-1.63786
-0.224299
2.67291
5.42631
3.18701
-3.4422
6.7897
1.18265
-3.05156
-4.75865
-3.73457
0.688036
0.879292
-3.89582
-1.5968
7.20545
-1.87215
-1.0168
0.945284
0.391564
2.64082
-3.05655
8.7293
8.38569
-1.85916
2.0923
2.71132
4.46983
-1.28466
-8.16387
3.84848
-4.99958
-4.14448
-0.768739
2.87474
4.21475
0.0692721
-1.25877
-2.03953
-6.04866
-6.46386
10.2399
3.47123
-3.49773
2.94921
-2.92997
-0.410068
-11.3109
-4.17597
0.710167
-3.9256
-0.49136
5.81164
-4.02014
-5.75671
-4.05005
1.19783
-2.07936
-2.83198
-2.15383
7.42058
4.49546
-0.095405
-1.54144
-3.02257
0.443027
-0.695587
8.17179
-6.48876
-1.41092
-2.14847
9.49314
8.3253
-2.87509
4.43684
7.1339
-0.310905
-1.89443
1.01891
3.81959
3.57472
3.25219
-0.499867
-4.72894
-0.562827
-0.0340673
-0.961143
3.64391
2.35833
-7.73098
4.77155
4.83306
0.436021
-7.00265
-0.793555
8.29152
-6.13449
3.45599
2.73206
2.94941
13.525
-1.31035
1.24447
3.78207
-1.80122
6.67808
-4.167
2.81984
7.99641
8.1004
-1.17701
0.199518
-0.812267
7.6778
1.42075
1.24429
8.96991
4.06611
-4.41409
7.05329
9.53979
6.39425
5.17174
-0.672797
-7.58265
1.08221
-1.77086
1.4544
6.7036
1.99321
3.05144
-1.83164
-4.64887
-0.35745
3.69505
-5.58118
5.22707
0.771549
0.523806
2.05095
-4.15232
6.51315
-2.41359
-5.375
-2.07674
0.491047
5.45329
-2.77604
-9.79219
-2.20983
-3.76433
-5.10932
-5.27195
-2.24998
3.49882
-4.24876
0.989746
6.96708
2.66674
-0.742294
2.54463
3.98303
-3.11681
1.22197
5.44315
5.58343
-3.81382
6.5093
1.35558
-7.37061
-2.45507
8.07009
5.03864
8.17064
2.57896
-3.21443
3.92803
0.12893
-5.34158
-4.0092
-4.08555
1.50006
-5.44764
-4.70132
9.9096
-6.15178
1.09041
0.780184
2.87676
4.56976
0.554494
-1.29071
3.84787
8.61218
-4.40713
-1.02919
-1.47855
3.04475
-2.82231
-2.69787
0.816803
-3.52705
-5.13483
-0.925358
-2.07829
2.86268
7.41693
-4.905
9.75381
11.151
-6.56229
1.31898
3.2369
-7.59713
2.30553
1.30838
3.80758
0.0950422
-9.15509
-4.74318
-2.67306
8.43014
-3.60205
6.18032
6.06499
0.344944
3.34067
2.26363
1.61831
2.14555
-4.80283
-4.41615
2.88389
-1.6992
-1.80559
-3.32216
-1.39628
2.3393
2.92672
-2.94522
-0.740826
-0.0169083
0.794766
-4.98384
-3.2283
-1.70801
-9.97154
0.926133
-3.87607
-5.43672
-0.0448953
1.1497
3.87128
-0.338729
7.51308
-1.07774
-3.56454
1.69185
4.23967
-2.70529
2.60889
-3.14443
0.729043
1.45787
0.132581
4.8765
-0.624613
2.18485
-6.21207
-9.52915
5.16372
-4.84964
1.38725
6.25016
-1.31457
11.1863
1.62159
-10.6178
0.316394
-0.830738
13.9587
-1.64292
0.448722
-3.7364
-6.65668
-11.1871
1.08922
3.14147
-4.1163
4.94057
0.619439
7.10863
-8.02753
1.04847
6.22575
6.53181
-5.20899
4.70793
-0.669801
-2.1155
5.26216
3.55313
-1.78665
-0.263104
5.53388
-5.55324
-4.19221
9.82127
0.857361
-7.88705
-5.98137
3.82043
4.38197
-6.86088
1.25824
1.92804
-1.6764
0.243463
-6.45118
-2.44968
3.0396
-0.731045
-1.78596
-0.839151
-4.81163
1.42592
-0.46789
0.61738
1.83512
2.60483
2.00239
2.63849
-3.95123
0.0595344
1.63737
0.17598
1.92887
8.05021
8.23977
-7.28186
-1.04682
-1.39971
-4.19302
-0.982211
1.27714
5.37506
3.60055
5.05804
-1.42401
2.29005
-3.03167
-3.62397
-1.27885
0.937925
9.1224
9.42651
-1.99533
0.783278
3.92908
2.95506
5.96565
-0.63175
-7.06338
-4.60534
2.43879
0.590331
-7.343
1.23626
-4.38033
-4.51757
-11.2331
-2.26017
10.5508
-1.58866
-2.25717
6.01373
1.29944
-10.5618
-1.54553
1.58073
0.633602
3.04016
-1.7416
-6.64915
-6.7566
-9.04535
-1.82693
0.00252711
8.23819
6.44817
3.80032
6.1769
1.72443
-3.78855
3.92339
10.7442
10.413
-0.91114
-1.91811
-4.3074
-1.99786
-5.67476
1.5909
7.33254
-4.07343
-3.11435
1.977
1.55612
-8.88903
-1.94542
-6.63545
-0.804989
5.82165
-5.73073
2.00605
5.18713
0.649613
-3.88213
-2.37239
-9.25586
-5.45812
6.34578
-4.96283
2.91307
10.2993
1.85406
-2.47442
-0.809248
1.46477
4.73623
12.2467
-5.84003
0.627654
-2.45176
4.26279
0.56797
6.94049
4.98447
-1.785
-2.18546
-0.180497
-1.69465
1.84964
0.893773
-1.85082
-1.09553
-0.186143
5.63956
3.3448
-1.05422
-4.77863
6.14967
-5.74872
-2.70496
-9.75868
-1.63468
4.52051
2.19269
0.327165
6.79067
-2.33778
-5.43912
-2.62586
1.33648
4.43443
-3.98243
1.51148
3.42894
-9.42611
-3.26504
0.367724
-7.36401
2.42147
4.06181
6.70736
2.70518
-0.0425171
0.597123
2.2566
5.19518
-7.26911
-0.529431
5.07275
-2.83209
-9.47462
-3.67016
-5.56253
1.24908
-2.91073
-0.63868
1.49253
-11.2419
0.147446
4.5852
-1.76898
-9.0573
2.62336
-0.513185
-1.92293
-11.0701
-4.89515
13.125
-1.69407
-5.76335
11.6257
5.67161
-8.96051
1.8566
-6.82348
6.54976
-4.09846
-2.3508
-2.67573
0.748025
4.94721
3.686
5.9344
3.65499
-2.13568
1.13985
-0.149128
0.882463
1.2142
-1.55041
-1.70667
-0.380362
-7.5384
2.32738
3.0138
-2.2441
2.61176
5.72381
1.98954
3.38184
5.97688
-1.48102
-5.52505
0.926548
5.621
3.14803
-3.87564
-2.53096
-6.84735
-1.01293
-0.363594
1.80435
6.75124
-1.84513
-3.70639
-3.64822
-0.00838108
12.8454
-3.61438
-7.26686
-1.46528
-3.90922
-4.29364
-1.36831
-0.388391
-3.80813
0.0148771
2.15021
-1.16866
-6.86933
5.45894
-12.6657
0.893618
1.91835
1.48599
-1.21881
-9.36187
-5.17816
2.30614
4.40274
4.65673
1.6283
-5.93383
0.510189
-1.53588
2.3742
-14.5527
2.11168
-4.17387
-9.38679
1.79221
-2.3757
-0.853075
-1.57578
-1.28373
4.06987
5.49619
-1.68264
5.80473
4.15883
0.943771
7.08415
10.7359
3.05943
-4.22004
-3.82994
-4.01565
-3.98256
0.906841
-9.15488
0.0347751
-5.49407
2.81067
3.55445
4.47096
0.192134
0.441796
5.36389
-9.14441
2.32103
-7.1575
-2.7696
-7.85132
-5.97747
2.51773
5.53856
1.11059
4.26883
-7.73543
7.05421
8.25725
3.13911
10.4312
7.25369
3.45113
-0.624292
-5.292
-1.23633
0.986628
-1.02135
-3.97706
10.3965
-6.61598
2.82861
-5.70638
-10.2531
7.87377
-1.52971
1.77504
8.47303
5.67775
-6.21098
3.94329
-0.217071
0.090495
-5.04815
0.851642
8.6445
3.03341
5.3917
2.36223
0.840162
-1.17112
-0.576575
-3.43713
-4.39774
-7.31944
-11.1915
-4.55116
-1.37434
8.02485
0.346949
-2.3601
7.50572
-3.78623
-0.0311228
9.11551
-1.90294
2.52664
-0.25039
3.89361
-2.28227
-2.45107
-3.79997
-4.89274
0.865625
4.75614
9.20064
3.3784
-5.58946
-1.11936
5.5013
-6.87059
3.44294
-7.74166
-6.8159
-2.46706
-1.27214
-0.167089
-1.65126
-1.3511
4.15985
-4.29488
2.41537
-7.28243
2.18091
-2.80023
0.788313
-0.761438
5.3526
-4.76741
5.44364
1.87348
1.69558
-4.33086
-4.3606
8.68518
-0.543031
-6.65827
2.62068
7.0264
-1.05491
10.3614
-7.15698
-0.307501
0.485294
-13.5569
-0.0189738
5.83308
3.04106
-7.56423
-0.319455
9.55146
-3.45731
-6.66996
-7.86385
0.571571
0.281125
-11.1518
-0.0123019
3.43818
-6.48719
1.11368
1.93248
-8.40559
-5.72799
1.59921
-3.69948
-1.54732
1.06732
1.8573
5.13805
15.2115
0.522645
1.26698
3.72696
-5.73721
-3.80336
-1.9703
-3.64948
-7.69753
-5.86397
-4.82096
-3.3244
4.44284
9.52265
1.14318
-8.99972
-5.78693
-9.60316
0.0618213
7.66958
10.0924
-10.8169
-1.37435
-0.898306
9.01252
1.48332
4.92739
-0.272492
0.236053
1.08427
-8.05411
-3.89748
5.50233
-2.86027
4.19599
5.19303
-1.72304
1.37849
6.5415
3.25504
-5.82399
-4.72921
-0.278263
-1.80852
-8.21032
-11.7865
-4.03821
1.25245
1.91407
5.76841
-2.95504
-1.78716
3.8964
-6.67211
-1.08342
1.0861
2.25234
-4.03947
1.20484
-6.30878
-2.46018
-1.98975
7.69483
-0.506959
1.68816
-1.34157
-7.64686
-9.09286
-0.722979
2.51871
2.8688
0.740487
-11.6872
-4.87331
3.20138
8.18612
13.7826
3.63925
7.16367
-2.1331
3.57923
1.16227
-1.25683
6.00443
0.468821
-0.739523
-1.2654
-1.62413
-10.7714
-4.85542
0.93761
0.805652
-0.155816
-5.67896
3.85576
-0.473098
-8.76704
6.08695
-6.72748
-5.44934
-12.3887
-0.661401
0.415551
1.81447
4.64371
0.186385
-2.75968
3.13527
1.58082
1.46247
0.456197
2.36517
1.81207
-0.0363541
-0.542128
-1.29235
4.49627
-4.53305
-10.1809
0.986314
2.61829
6.92377
9.06198
-1.27694
-3.77266
-3.42364
-0.722777
-1.38666
5.18622
-3.39237
3.19926
-5.54274
-8.595
-3.95071
-3.10641
3.47435
-0.787823
3.81436
-3.1306
-4.13512
-1.08425
-7.9792
-4.16971
-3.88642
-1.52376
2.44832
4.46869
4.25988
3.52337
-1.40495
-3.18821
-0.465218
-0.427676
2.3047
7.64828
-0.53949
-1.18389
-2.28342
5.67644
0.0166985
-5.51861
-0.445945
-0.70942
-1.3619
5.68149
-2.50599
-8.73357
11.0165
0.694543
0.637095
-0.639315
-7.82927
1.17549
5.14534
-1.13065
2.73159
0.798892
11.1948
-2.80284
1.04767
9.10019
1.7456
2.46584
6.07034
2.72962
-3.1147
-3.00242
-3.21007
-2.87805
-4.6115
-2.39393
-11.3046
-6.7982
-2.05012
0.236406
-3.31135
-4.4222
-5.17649
-2.80727
-1.23293
-4.4094
-3.35231
-3.54877
-2.67592
4.84379
-6.03624
3.97682
4.19837
-3.66825
-0.445678
-6.58982
-4.63859
14.828
-8.06699
-0.404407
1.90442
-5.70388
-2.8418
2.75012
0.78408
3.3219
1.30581
-3.48297
4.35785
3.84072
10.6172
7.65751
5.5135
1.42726
1.33258
-7.53381
-6.26848
-5.22124
-1.77287
0.252209
-0.224448
-7.93222
0.0478387
-4.63993
-0.17439
3.6852
-0.917742
-5.32741
6.85496
2.57678
-1.31315
4.94944
-2.64834
-1.69883
11.8536
4.05644
2.03792
-6.91807
1.21038
4.23079
15.5899
-1.88661
8.03617
-0.311606
-2.2805
5.19326
8.22235
-8.85361
-6.63927
1.78093
-0.9218
-7.66969
8.92046
-0.575492
9.13179
-7.87054
3.65909
1.09759
8.05444
7.54585
-8.14145
7.07883
-3.18929
10.7336
-0.00014585
3.71112
-5.50186
7.16043
-3.992
13.5377
4.91069
-4.65236
-7.30087
-1.97657
1.85943
-1.42252
4.46114
-6.4779
2.82223
10.2728
6.94724
8.04545
-4.98729
2.51876
-6.11373
-4.08886
4.87087
-1.75712
-4.18824
-7.37463
3.23054
1.27167
-2.47663
-6.36403
1.66214
6.10025
3.32586
6.23532
-2.04988
-3.70704
-1.35661
6.65546
-7.98799
0.422143
2.15752
-0.397024
3.89951
2.44402
1.43189
5.93133
2.01264
4.11047
-0.380258
-2.97677
1.44433
-4.89819
0.202849
-0.308451
3.96987
-9.61461
1.63788
-4.20607
3.79427
1.17988
-1.69708
-4.17375
-5.4889
-2.06383
3.95504
-6.92589
3.06985
-6.58297
9.90949
-6.60505
-9.20813
-3.59535
-5.1289
1.6424
1.06219
10.6638
4.93674
2.43325
3.58209
-0.5965
-3.75126
1.02017
-10.6897
8.56825
4.3363
-6.71125
-3.06118
4.68925
7.11981
2.48397
-8.28707
1.49095
2.16841
2.62784
-4.74504
3.87574
-2.73796
-5.38284
1.74095
-5.11405
11.0053
4.63553
1.1639
8.12896
3.52817
6.29974
-10.0976
-0.945367
4.16692
4.00506
2.27616
-0.318499
-2.02503
0.315041
-5.66644
1.40792
-1.26389
-0.284455
-8.92796
-3.59623
-2.67879
1.12729
-4.19096
-15.0637
-3.53054
-4.52069
-5.86591
-2.16769
0.322528
-6.6824
0.0845018
-4.93554
2.17406
2.82847
1.19957
1.80597
-2.54107
3.81646
8.92872
-2.01263
0.63215
4.07888
-4.37517
1.2019
-6.79561
-7.83671
4.46874
-2.20037
-0.562424
-4.03679
-2.75558
-4.24746
-0.957636
-3.39436
-2.19004
4.35737
10.1508
-6.10564
-4.42089
1.33267
6.74268
-3.09458
-0.365289
0.913581
-2.50772
0.0363711
2.54072
11.0526
-1.53281
-1.82938
-3.23847
1.67916
-8.18754
-0.170318
-2.4023
3.50007
2.43389
13.6921
-9.98411
3.02216
1.24936
2.22606
1.6818
1.93198
2.55071
2.95233
-1.6599
2.43757
0.629054
-7.35955
1.68341
6.38447
6.8677
-1.57566
-11.3752
-4.51746
5.87516
-4.77305
1.05791
4.67031
5.45991
-3.57804
-7.40385
-3.92216
-1.31707
-1.8248
-1.50397
-6.85056
-2.11833
6.87057
-13.6614
1.52156
-6.61257
1.88986
2.09177
2.30133
-0.621464
5.23156
1.40688
1.26784
5.08828
-0.517369
-6.73031
2.75052
1.2717
6.94182
-4.78328
-1.22708
-4.72659
-5.7051
9.07817
-11.0949
4.55763
8.71142
7.56696
2.95109
-4.77765
7.09589
0.60231
-5.55744
1.81453
4.17389
1.51521
3.58195
7.27069
-1.73147
-7.09505
-0.965543
-11.0349
8.76741
0.497529
-0.47359
-6.17987
-0.211629
-7.44581
-0.944759
0.39028
-2.62854
5.32619
6.0747
-5.20051
-1.43899
-10.7254
5.03908
-1.80485
-4.16758
2.8698
1.45404
1.37041
2.11047
-2.16496
1.53683
-5.37843
-9.20939
0.00366356
1.26297
6.85641
9.58783
-3.2579
6.66487
-2.04094
10.6075
-3.54574
4.86989
2.22801
-0.520149
-3.27101
2.09866
7.57348
-0.740721
2.95592
-2.64839
-5.19425
0.296821
-1.99398
-8.46343
-2.00154
5.90338
-1.04409
6.98667
-2.29616
5.28341
-2.94058
10.1065
-1.05785
-6.54764
5.88098
3.2391
-3.4026
-0.172742
9.25176
1.00705
2.86188
-9.48879
-3.19445
-0.299337
4.6991
-2.16551
-2.98497
8.36977
-1.74889
-1.22642
-0.206244
-1.49705
3.46404
0.345526
-4.28225
5.70129
-1.11912
0.856029
7.40048
-5.49163
-2.54053
-1.37096
0.863441
-3.68592
0.060948
-0.910817
-0.691856
5.74793
2.38412
3.10349
4.2347
4.07365
9.51798
-10.1682
-3.36367
-6.27816
1.92965
0.725892
2.07979
2.70078
-4.81268
-11.9641
-1.69612
-1.12481
4.97275
-6.03814
-1.09338
3.07335
4.06825
-6.28404
5.33696
-0.590951
-1.46405
6.09911
3.68026
12.3768
9.23894
1.09049
-3.57132
-5.88831
7.9045
2.22287
-1.21161
-6.85646
2.6969
7.22555
-0.164756
-0.116287
-9.9439
-1.96336
-0.144754
5.02292
-0.0590411
5.61775
-1.30956
-1.8652
4.38194
-8.10818
8.79098
-6.32426
-5.28001
-10.029
-3.1832
1.48941
-2.08921
7.65914
6.40278
2.88515
4.80099
5.59254
-1.93303
-4.14691
1.29166
-1.35164
-7.64346
-0.558766
11.5119
-0.565925
1.89824
6.63157
-0.112832
7.30158
1.55335
-8.31055
9.42747
2.20209
-9.38763
3.11874
-9.55389
1.25802
7.79109
-6.29453
-4.44584
6.99611
-1.20848
-12.3174
2.55812
-8.61296
4.88593
2.3878
-9.44229
-4.7819
-1.00854
-4.67621
0.872518
-0.976634
-8.31118
-6.62036
9.31886
0.864733
-2.46658
10.8283
8.01848
2.79659
-5.49626
-0.603375
-2.09466
7.3668
1.26634
-2.76438
10.163
6.09439
-0.608396
-0.571455
2.95474
7.37794
-0.950325
-6.06574
7.02869
-4.38785
1.76353
-1.57625
6.36652
-0.511681
-10.3995
-5.373
2.29857
0.414955
6.82938
1.08906
-3.94872
0.426528
-5.90274
-0.856823
-1.00692
5.47626
5.64376
-0.218831
-0.247917
-8.4451
1.83087
5.54447
-2.38521
-1.20955
3.65446
-15.5313
3.93308
3.26788
-3.22195
1.82001
6.94465
-0.497816
5.16683
9.80624
5.50992
11.9139
2.70614
4.74495
-6.89061
5.33126
-1.88782
2.85675
10.5589
3.12709
3.08875
-3.58778
-0.855034
-8.39981
7.55014
-5.8119
7.52248
-3.30297
-0.311954
-3.49053
2.3491
-0.763314
8.23136
-1.1846
-5.05876
-3.24416
-7.11436
2.50188
9.08055
4.1236
-12.2725
2.12452
9.09186
-0.0461159
3.42432
-2.20291
-1.20639
4.93476
5.34346
-6.82304
-2.49438
-1.47497
-1.62773
-3.50768
-3.60676
-0.469929
4.95617
2.82731
3.67772
7.51193
5.86265
-6.58
4.59266
-14.7364
-6.71387
-2.57507
0.307529
2.81572
2.50206
4.17882
-1.27524
8.39216
0.458749
-0.0553093
8.78758
-0.879818
-0.0180577
-0.562968
-6.57879
2.61596
8.02301
-0.00926908
4.79699
1.9785
-0.310684
1.14392
1.79584
0.753304
6.76729
-4.77822
-2.75353
7.21966
0.086291
-5.51038
3.76801
-2.39721
-2.96913
1.60014
4.29721
-2.62571
5.63284
-1.09871
-2.05193
-0.730892
-1.90197
-6.28757
6.56027
8.73349
-2.15488
-1.30086
-2.63382
-6.28306
3.76581
-3.68242
-2.53682
0.0279961
7.87057
-6.78896
0.0561434
3.43549
-0.721489
-1.53922
-2.19651
-0.386235
4.97816
0.477768
4.41961
0.158744
12.2348
-3.10786
7.28407
0.0292055
-6.26847
-5.40487
3.5138
-4.7852
-5.34281
-1.09099
2.89617
-8.86044
-4.48123
-2.06848
-0.689418
7.95075
7.4375
-9.07955
-0.612264
2.11776
5.7271
0.887119
-0.798856
0.278167
-3.03682
8.86619
-1.14644
-0.0305991
0.571736
0.735717
8.3303
-13.1832
1.38708
-0.472427
-2.92536
1.66668
-0.401787
1.50218
2.94786
-0.568951
-4.52431
-3.40003
-0.34747
-4.90887
-3.0987
-2.49074
5.66562
-9.27525
-7.07248
2.86248
-6.2695
-1.89429
1.94857
2.55421
-6.58777
-5.44958
6.84947
-1.30353
-1.30999
-1.55941
-0.738133
4.9843
0.0626388
6.90677
-4.14964
2.7345
-5.31011
6.69718
-1.84596
2.75261
2.28079
6.4817
-8.40039
5.00566
-0.995608
-5.78422
5.47567
-0.247174
4.60102
-0.744196
-5.39933
-8.71313
10.1255
-9.41763
-6.53861
-5.50987
2.43412
-1.52475
10.9522
6.9289
-7.58596
-8.31816
-4.61795
-3.7409
7.37351
-10.0996
-7.2902
5.59365
1.70328
7.16402
0.0794588
8.45833
-4.68988
-2.99951
-2.98912
0.0111654
-2.34202
-6.45497
-3.84945
10.3372
2.48975
-8.13042
-2.44065
3.11481
9.69926
0.671314
2.31546
-7.96312
-5.28053
0.780514
-3.41881
-1.8998
-8.27578
-5.54884
3.37301
-7.64704
4.99622
5.72675
0.772415
3.33577
3.55469
-7.62231
-7.3579
-2.28769
10.8944
5.43422
-3.36368
12.542
4.8577
6.74373
0.0453389
0.461779
-1.73018
-3.00863
2.61023
5.42248
-3.9881
-7.65278
-0.964783
3.94159
2.11661
1.01296
-2.24167
6.36471
-1.68558
1.17399
-1.99149
-2.97082
4.14025
7.40431
-1.35679
-1.86519
0.287034
4.08043
-1.46207
5.58751
-0.213349
-12.405
0.882725
-1.85497
4.96789
-2.7669
0.820424
-4.95661
-12.2298
-2.68773
-5.43758
1.72694
1.46669
1.20163
6.0415
-6.60498
-3.96963
-1.5474
1.60111
6.40162
0.141238
7.70261
7.09676
-3.01422
-4.29328
4.76701
-0.452879
2.82657
-0.303265
4.40612
-4.16315
-11.4956
-0.309686
-7.38723
-4.58003
-0.0869694
-4.13015
-5.09984
2.45735
3.87078
-0.209274
-8.13685
-7.51521
-3.53969
-1.12845
-2.92404
-2.42599
1.33511
1.28644
-2.11477
-5.46149
-13.4969
-6.08044
-1.90958
-8.42671
-2.8225
5.37056
2.74935
-6.15337
-1.68039
-6.66983
-0.839141
-1.64116
-3.31956
-1.2603
-3.35538
2.14376
-0.916915
-4.86994
1.44938
-11.0668
0.321038
-12.0145
-2.46528
-1.71511
-2.80262
-4.52469
-5.27301
-1.17381
1.41806
-3.65729
8.88554
-7.53993
-0.735696
-10.5086
8.21189
7.16632
4.71266
2.39869
5.58911
-3.03182
-11.5562
2.91772
-0.609271
3.93606
0.102578
0.161334
3.58921
-0.42012
0.573702
-7.16769
-2.08723
7.13604
5.26615
-0.0296482
-1.6533
15.2326
-1.60164
-3.6178
3.04546
9.40238
-3.54464
-4.05882
1.54537
7.74662
-5.30119
0.418176
-0.305174
-0.188738
0.685245
-6.19865
-5.38087
-12.6032
-1.87039
-1.70457
-3.31986
5.05512
3.55283
-3.35596
1.43808
-3.94943
-2.57537
1.64853
-8.23459
-1.55601
-4.43108
6.72273
8.36889
-2.19656
7.04029
6.11583
4.78057
4.21807
-0.087241
1.12474
-2.4816
-0.193107
1.03972
-8.00537
-6.36544
-5.96908
9.10403
2.35104
5.84879
-4.06083
-1.26748
9.32428
4.46149
-2.65454
0.26944
-4.99116
4.71797
-10.3873
12.9272
4.67535
1.64289
3.457
-2.07881
5.27632
2.25383
-4.33325
2.11134
-5.93881
9.41035
3.33498
2.09503
-2.90159
5.64823
-5.53748
7.68379
6.64394
4.71255
5.52267
0.307775
-7.20125
5.2538
-1.24518
1.18017
-3.23274
0.914682
-0.114637
-1.15437
-1.42335
-5.53388
1.70052
-1.41425
-1.34191
-2.42499
0.918029
9.05656
2.66935
10.3794
-0.815756
8.36444
3.07751
6.01618
-4.18932
-1.65647
3.5404
-0.868106
9.26688
4.64823
2.51449
7.37091
6.55098
5.05469
7.86914
0.486486
-3.53265
2.89184
-0.229113
-1.90621
-3.87899
4.32567
-10.2658
-5.83098
8.46277
-2.18387
-2.2553
13.0707
1.35861
-3.24606
-6.00403
-2.61407
6.44775
-6.85216
7.54593
-4.08479
-4.65788
-0.81542
7.40947
-7.9282
0.588082
3.84603
1.91222
-2.57576
-2.21918
2.79658
2.11964
-1.13513
-2.37619
-4.25559
6.00468
8.78266
5.96653
-15.1653
-2.21897
-5.11374
-1.8658
8.39803
8.75309
-5.10609
-4.40342
-5.57269
5.00674
11.4553
7.08594
-6.05806
-14.3302
-4.77028
3.51458
-2.43196
-7.60621
-1.83465
-0.761326
-6.91791
1.41694
3.82288
0.0551691
3.23908
-7.09598
4.79388
-0.191785
-4.85987
-3.42225
1.67099
2.04853
-6.84184
0.348164
5.28465
3.87712
-5.15906
-5.34058
-3.98928
-10.5853
6.57523
-0.136515
-5.99873
-5.27249
-2.33019
0.214184
-8.74171
7.68175
3.70136
0.930201
3.39063
4.96127
-0.375173
3.85328
-2.50433
-3.83472
-10.393
2.29345
2.57588
8.72264
-11.2049
4.87793
1.96779
2.92449
-4.28962
9.88106
-3.52855
3.3832
6.33095
-1.49352
4.69059
4.36004
-5.75321
-4.75832
-2.75367
-0.511647
8.33804
-4.39568
-6.33282
3.21259
-2.49262
5.27973
-0.233752
2.83849
-0.580885
3.63468
-2.80193
-0.469696
0.355783
5.58384
3.74704
-4.42446
-4.57452
5.86136
0.927726
2.23833
0.808574
-0.707028
7.8624
-6.23539
-2.71815
-0.388044
6.10768
-7.47261
8.99823
-13.1939
-0.222829
-0.857094
3.30235
-5.64359
1.13695
2.01703
5.46256
-1.12409
-12.9004
3.70152
9.40019
0.66328
3.1844
-1.13006
1.3722
4.73425
-1.10653
0.452733
0.44005
-4.21236
-1.30029
-6.77355
-4.34097
2.02454
2.81675
2.20836
-6.64365
7.18547
-1.17168
3.26533
-5.37383
-8.15198
-0.213247
-12.2075
3.86343
9.40035
-4.32577
-3.61009
0.292168
0.594399
4.48147
-0.881244
-6.17695
0.404834
8.40306
4.02225
-5.90348
-1.59906
5.60568
-7.57466
-9.85597
-6.26374
-0.0260596
4.51881
-2.24356
2.68118
-3.19555
6.84529
-6.4891
3.88092
9.52633
0.70981
4.14737
-3.5316
-7.80063
3.10092
0.184065
-0.981056
-7.93558
-8.07001
-1.00775
0.774847
3.58468
-4.96444
-4.50714
9.21807
-0.764128
-0.834279
-3.05259
-2.06323
0.991953
5.44042
-5.78216
-2.74183
-2.72071
9.10553
3.3409
-0.221163
4.65045
-4.16135
8.22452
2.00889
-3.01961
3.44908
-8.05253
-3.12614
1.5673
0.325062
-0.528967
-8.29683
0.510117
-0.067275
0.251005
-2.5714
-1.09357
3.14688
-1.69204
11.2404
-1.16109
-3.37355
1.62709
2.40255
8.5172
3.11312
5.45511
-9.08586
4.1162
3.94007
-8.18732
1.82931
0.979725
-4.42716
9.27353
3.87645
4.19022
0.70813
-13.6812
3.35865
3.73918
0.441557
-2.32124
4.68241
0.447389
-7.8928
-6.77766
3.22747
-1.97095
-3.3843
0.565415
9.43632
-1.98884
-6.25342
4.18205
2.36338
0.96492
-4.24767
-5.85109
-7.54737
-6.10501
-1.78302
1.09617
-1.13723
-10.6611
9.4251
13.3714
0.415349
4.13363
3.18791
5.18233
-6.62063
-3.22084
0.565919
-3.91566
1.09834
1.66646
-6.45338
-3.12269
-7.08024
12.6378
3.75937
-1.5647
2.05033
-0.434877
-4.69998
-0.970536
-4.5748
2.48128
-2.75335
0.0176744
1.48025
-10.3439
5.17974
-3.76387
14.0656
-1.28253
-6.74085
3.00154
4.35493
-1.55191
-7.29608
-0.892761
-3.82162
8.13168
-2.79114
-6.2317
-3.34543
-1.27046
-5.50144
4.49772
7.82003
-3.76395
6.22208
-3.20964
7.03665
4.99765
9.74343
10.0419
-1.17023
-2.75828
1.10438
-6.79412
-5.30502
1.09419
2.64664
4.8938
-1.81025
-4.99123
-2.35435
1.16582
0.862082
5.62332
-4.20833
-0.989089
-11.2155
6.51746
-9.43745
4.66556
1.76688
5.89179
5.27567
0.730158
9.2484
-5.75053
-6.22436
12.3276
1.69129
5.78339
-5.28037
-0.951928
2.95644
-10.1672
-2.21842
3.34825
0.278614
2.51318
4.48269
5.20782
6.06513
-6.52788
-5.33745
0.771358
10.4979
-1.9878
-6.21041
-1.48723
2.92377
3.30786
2.00635
1.7035
-2.09462
6.40584
-6.50825
-0.0510283
3.69728
-4.78175
1.07185
4.22262
-0.216109
3.17896
-3.8965
3.19945
-5.64405
-5.40676
-4.91375
-15.5766
-4.10702
-4.61951
-0.0148585
2.69202
3.48025
-1.09701
1.34241
-4.40846
-0.0474801
0.877498
-5.67102
-5.428
3.67415
4.69258
5.34459
-0.220836
-0.0802016
0.352345
0.670035
6.16089
-6.251
0.102842
-4.64677
4.15909
0.884962
3.71597
1.32296
-3.06644
-0.308147
-3.03248
-3.11759
-7.42824
-2.81266
-2.59254
3.16861
-3.71714
2.7729
-0.083046
-2.76284
5.84814
0.399126
6.46224
-9.48756
2.03538
-4.32027
-10.0042
-6.56497
6.38516
2.78229
0.598597
2.73693
11.7395
2.08248
-0.353299
-5.41515
-3.22554
2.01504
-4.2164
5.02724
-4.37507
7.91319
4.30211
1.65355
2.98703
-1.45995
6.92089
0.0327534
2.98321
-8.9656
2.70696
0.445575
-1.97003
2.76761
4.7375
-4.83256
2.92102
10.2985
-3.63702
6.1699
3.21085
-6.26996
7.0803
-1.91429
-7.67225
3.67908
-3.27766
2.52779
12.6284
-3.56297
-1.12793
-4.48322
2.04192
7.19633
-2.00701
-4.76137
2.61158
3.7302
-2.81533
7.45994
4.45431
-4.45717
-7.30437
-4.64032
-4.79035
-6.88899
5.2042
-1.24365
7.0162
10.5568
10.975
1.62281
4.89116
-8.0172
4.60368
3.92886
2.1479
3.07407
6.14036
-6.88339
1.46542
2.83374
-2.2056
3.0453
8.25292
-4.25165
-1.93838
-3.79338
-4.53315
5.26274
-2.8725
1.39359
3.74108
-3.12881
4.44857
-8.99238
2.64007
1.04418
3.32592
8.26138
-8.43436
-0.345191
-8.18152
-0.592187
-0.294084
4.91277
1.53283
-6.0302
-13.3469
4.97996
-1.84179
-2.96641
5.16339
-1.925
2.68216
-4.70021
3.02707
-1.37561
-1.03437
3.19839
-6.97552
-0.39122
0.0973735
-1.92343
7.50257
-1.04543
-4.69004
-1.92397
-1.31149
1.04011
7.47187
10.4679
7.5998
1.98248
5.14507
-0.390798
-3.01689
-0.415985
4.09041
-9.01905
0.272991
6.32279
-4.81389
-1.78474
5.88696
9.72486
1.12257
-9.48557
-2.16384
-16.2986
0.35987
-9.22672
-7.90442
4.45259
3.30968
-3.79753
1.04473
-13.6498
-7.74225
-1.40929
-4.77869
1.35428
-2.03934
3.94846
4.76533
-5.76098
6.6515
-6.35674
-1.7725
-1.88038
-1.14352
-2.06737
1.50842
-7.02386
-0.665744
-1.5161
-0.249036
0.593063
7.02432
0.53034
-2.43294
-0.0622807
5.44027
-1.87299
2.28187
1.10145
1.08034
0.037367
4.69605
0.772686
-4.78444
6.42212
4.24189
6.85728
-6.44287
0.429057
-1.93002
1.55632
5.81484
3.88017
0.249718
-2.69631
-0.427203
7.20738
-7.82824
3.93529
-0.190467
1.49063
-1.03635
-2.04418
-2.23509
-10.7798
-5.29809
8.91659
1.18726
0.53751
1.16802
4.00292
1.472
-7.5017
3.7029
-1.61338
5.00381
6.12862
-0.223795
0.115024
7.25575
-8.19347
0.854041
-1.19882
2.37254
-4.14549
5.74021
-3.07084
2.80969
-0.333808
-8.20179
6.30397
4.2145
1.16861
3.86884
-3.00356
2.92501
8.65867
-2.23467
-3.80829
3.7286
-1.32417
3.47471
-3.46263
9.29948
-0.855352
-9.12265
2.14193
6.30846
2.62063
-0.655788
3.48211
-8.73747
-2.34255
-1.09914
2.43549
3.22741
-8.70532
4.21131
1.06667
-2.81301
7.82226
-4.05614
-0.842571
-0.302764
4.98393
-0.760105
-1.68161
-6.36303
-8.55843
0.8737
-1.8481
-0.537959
-6.41163
4.6529
3.67952
-0.693168
0.0455889
11.1072
-2.16671
-3.24078
-0.6202
2.1137
-1.59771
-0.763566
-1.17165
-5.74177
-8.22286
3.07649
-2.85488
8.28705
3.33567
5.22119
1.77719
-0.391521
-5.68883
-5.26872
8.22831
1.05677
5.33071
1.38555
-4.09833
5.04358
-1.48754
1.23406
-3.7842
-3.62848
-2.82967
-2.32266
5.80128
0.0635463
1.98442
9.86793
4.52724
-1.63556
-3.83274
-6.00415
12.5086
-11.3087
5.79645
-1.97238
1.10639
0.539343
9.06047
0.165166
-9.0235
9.9364
1.118
7.28952
1.46068
3.5156
-2.72126
4.88976
5.6636
-9.4684
2.8072
2.00663
-4.5416
10.0279
-6.80699
13.6087
3.05749
-0.882013
3.66816
-6.56396
7.64648
-2.98652
-18.2918
-1.26088
-3.49878
6.34562
5.82318
-1.84227
4.60106
-1.7902
-4.9445
-1.10236
4.9706
-4.58584
6.29629
4.10445
-2.39495
6.86097
-1.22967
-0.493908
4.09558
-13.2043
-2.01725
-0.19515
0.639539
-5.69206
-0.502716
-9.55699
-5.05472
9.35848
-2.85263
2.72442
-3.778
6.9578
7.18957
-1.65225
-8.2475
7.39194
-0.386025
-2.08191
-3.33625
-0.631386
-6.19547
-0.458941
8.8195
5.89627
-2.68725
7.79408
-2.75895
1.96443
4.18953
-2.88141
-2.54744
-1.99184
-6.62515
1.93473
7.31748
7.14206
3.36806
-6.13339
6.28214
-4.02683
-1.66869
-1.59694
-2.32732
9.47724
9.49016
12.249
9.20751
0.47095
1.09929
-3.22357
3.41312
6.90152
4.32841
-5.51328
-6.93427
2.83222
-6.04947
-1.60656
-4.17705
0.566854
0.612158
-11.7455
-0.802483
15.25
-0.912152
3.81158
-7.25535
2.86433
-1.85492
-5.0484
-8.22516
-3.74688
-3.14026
5.09554
-0.282617
0.691262
-4.17249
4.75533
1.45097
-8.47866
-7.39488
-2.50387
-10.1716
2.13392
3.12876
3.76198
-2.68731
2.08761
10.6913
2.67257
-1.13899
-3.83199
4.26348
-3.92722
0.0988987
-5.97918
8.21137
1.36269
3.04228
7.4112
4.64966
0.380982
0.601219
-1.1895
-7.31657
0.94364
-3.28637
0.905726
-8.99466
-2.73839
4.41804
-2.50484
-1.94485
1.53297
-6.08334
1.7717
6.19512
5.27606
10.1026
1.44536
1.91492
5.18723
3.34801
-1.76389
-1.38462
4.35545
-0.799234
-7.76966
9.09176
1.60429
-0.348898
13.2956
-0.412542
1.90539
2.16206
1.4914
-6.38248
-0.135305
-5.57857
-6.41724
1.8192
7.82176
-9.08132
-8.40852
4.11774
0.475165
-6.86267
-0.374103
-3.51389
-1.58046
-6.26823
-1.00901
-7.6299
15.9489
-7.02071
0.157044
-0.793053
-1.95286
6.46497
8.07357
5.5185
3.23808
0.574861
-17.3369
-2.92501
-3.44731
3.60623
-6.09277
5.79882
7.76383
4.08462
0.920213
0.402428
-3.72174
5.32665
1.60194
2.19163
-3.70464
0.319684
4.48095
-3.86
-3.60913
-4.57815
6.09912
-0.682158
-8.26799
-1.42943
-5.98413
5.3376
2.87751
-6.00256
-3.96004
-12.7711
-7.58535
-0.215
-6.13984
-0.852514
-6.91744
1.80569
7.5314
-0.4814
6.65394
4.70479
-7.39968
-1.97984
2.26113
-0.90646
-8.85789
-10.8929
-1.81767
0.620627
-0.175932
4.05231
2.04736
-9.94669
0.629708
0.461243
1.64903
2.67878
3.86949
3.70922
-5.64023
4.65458
3.50126
5.28283
3.76776
-1.0755
-0.340603
4.85275
-9.25448
2.2487
4.80565
5.07465
-3.99923
-3.19393
3.02482
0.810072
-4.92574
-11.7295
4.84175
-2.36483
3.19783
-5.93671
1.86643
0.779776
3.40829
0.881078
1.33113
1.80771
-4.89255
4.29699
0.41859
-4.71774
6.30465
6.9787
-0.234801
-3.98138
9.37806
-8.5761
-10.4791
-4.00976
-5.76185
-11.3077
6.52961
-2.65114
-1.7257
-5.44954
-3.26612
-1.60963
-5.56726
4.48962
-2.12128
-0.438617
0.630089
0.031187
2.97218
1.18273
3.89389
4.58197
-5.23439
4.3669
2.16553
-0.575507
-9.80149
-7.20218
3.04605
-6.80594
6.27759
0.243513
-4.54685
2.09231
-2.39352
-3.82832
6.72447
-2.29678
-5.34366
8.4115
3.43465
0.967185
10.3273
11.6778
2.93534
-2.54632
14.6316
-2.01082
-6.8841
0.48423
-0.144075
0.263709
3.45806
-4.91035
-0.521948
-8.5724
-0.247027
-6.79036
7.83023
-8.94492
-0.0552089
3.15189
4.5617
1.63741
6.85056
1.33571
2.78165
-1.0798
4.12941
-4.89309
12.9004
-3.58436
-5.13208
-0.992064
-7.33422
4.87485
-6.31575
-9.90627
-9.10033
-7.53263
-1.00355
-1.45198
2.74428
8.19825
-3.98824
-2.24593
-0.654013
-2.39755
-5.92617
5.27506
-0.898324
-1.14439
-4.79789
4.63561
-2.30989
-3.07807
0.114873
-5.29376
10.642
5.48649
0.240859
3.22375
3.56188
10.222
1.4681
-1.87894
-5.28218
-4.11533
-0.664865
3.51398
2.85766
0.354682
6.87626
5.11668
6.90117
0.267669
-2.22478
-1.14203
2.22511
-6.22946
-5.93944
2.84888
6.55419
-1.37548
0.552155
-0.779722
0.0957746
5.06871
1.4662
1.66593
-0.606271
6.90265
8.48107
-10.7333
-0.680579
-4.1133
2.47039
-5.15972
-4.45662
-0.350344
4.61238
11.1006
-3.2739
-2.97881
3.07801
5.85844
-6.32613
4.13271
3.31114
2.48702
-4.86132
0.820788
-6.04473
-2.10773
-13.3363
3.44668
-4.96114
-2.74263
-8.20557
-5.03381
7.90901
2.69675
-3.37047
2.79303
1.42714
-3.47629
3.28006
0.236218
-1.23546
4.48937
-5.02837
-1.98853
7.34645
-2.01981
-1.25788
-3.07725
-4.73964
2.64504
-5.13
0.541144
-0.4633
-3.63633
2.13087
3.73834
-1.50911
1.70503
-6.08919
-0.663217
0.172285
-9.91502
-10.1159
7.4101
6.01322
-2.27699
0.951173
-1.04143
-2.02926
3.19517
-7.25426
3.64136
3.24847
0.0969889
-10.4897
0.755667
-4.35427
4.36121
-2.0467
2.31171
-2.73126
-0.816636
5.17418
1.9254
1.79089
2.4384
-0.495606
12.8982
3.83595
6.13249
-1.92427
-2.76992
0.41451
-2.57108
-9.65709
1.57877
6.27262
3.99358
-8.57094
-4.35082
-0.268138
8.18529
3.61121
2.08179
9.42241
3.38273
-2.95783
-4.77704
7.99047
-0.0283333
0.00927927
0.399241
-3.62435
-5.54033
3.82169
-2.81585
-4.81259
-2.27665
1.71002
3.52939
5.2592
1.53191
-11.5199
0.775773
-0.285167
6.56638
6.85865
7.34516
4.3636
-0.207752
-16.8048
-2.12895
1.07092
-4.47026
0.392724
-1.16056
1.55153
-2.74129
-2.7529
1.41536
5.27478
-5.45906
-0.903314
2.55815
2.28781
4.83222
2.19018
0.551452
8.43809
5.10207
2.87536
-0.604842
-4.21383
2.39514
-12.3915
-1.33907
1.56983
-0.103075
-0.00732955
-0.22485
-3.76676
1.42103
-8.04314
-5.45216
5.17162
-7.27426
3.33283
3.61234
-8.7939
1.29685
-1.29235
0.856261
-6.164
-6.27246
-9.33773
-0.902185
-1.85575
-1.26691
-1.47949
-5.07974
2.72441
1.72046
2.88668
0.871775
-1.65038
-14.2626
0.829156
-1.22166
-2.31741
-1.06306
-0.504848
0.159592
2.10076
2.03607
3.84719
-3.10616
-1.21988
1.51573
1.85966
3.47245
-8.34091
4.23223
-3.26806
7.09265
2.96848
-2.39808
-3.89048
0.623457
-3.71124
-10.1566
2.02868
-1.24305
-0.787711
-4.32282
-9.90001
-2.83517
1.48058
-0.279319
-1.72592
-2.53698
9.69514
-8.54771
-2.55374
7.3287
-0.487445
0.858318
-6.5998
10.9703
3.32193
4.03953
-1.08554
8.4176
6.3014
2.62789
-0.843855
-4.25278
-1.65326
-5.8401
-2.25261
2.1844
11.0843
3.25688
-9.86047
-7.64822
1.92875
-0.750942
-2.45248
3.52367
-7.23911
-0.488446
-1.25071
-5.56322
6.03764
0.639025
-2.06058
3.77328
6.07314
1.54518
4.49158
5.31791
-1.63033
0.871319
-0.635932
5.99038
8.60711
4.55176
5.26863
-10.2936
-8.13946
-0.287516
-12.7597
-1.68393
-4.21555
0.621579
2.61193
-1.58867
7.19469
2.11663
-6.41788
-10.5799
1.52658
1.11893
-9.54121
-2.64814
-8.25299
-8.0121
-0.486326
-2.27537
8.57171
-12.2075
0.749605
-3.58208
6.50175
3.30729
1.0644
0.0875112
-0.292325
-4.74454
-1.039
1.6491
0.502481
-3.04493
5.68555
2.09924
3.6703
-6.65486
3.21569
-9.31214
-9.12682
-4.47709
9.90363
-3.34807
0.0596853
-3.29825
9.13497
-4.20579
0.730392
8.097
-0.671855
7.10671
9.65881
-2.42633
-7.47543
-2.93221
4.64952
-10.4003
-1.42194
-9.42735
-1.58931
-1.06914
-5.41655
-2.31281
-5.78276
5.63066
-1.13212
3.16792
7.26146
0.976409
0.207847
2.52139
-5.5138
1.52019
-14.6783
5.87521
-4.67006
-2.7192
-5.09532
-7.65595
6.48394
4.3173
-0.863449
2.78045
1.79562
1.35801
3.86398
-6.1713
-4.2689
-3.67122
0.747039
5.58963
-5.50545
-4.65171
-0.660515
11.3796
5.98604
3.62043
-6.84904
-5.00463
-7.77284
9.29752
-5.60176
10.5536
-2.92622
5.10308
-4.63881
3.67604
-0.533276
-3.34977
-7.77094
-5.43101
-6.11939
-4.02021
-0.119343
-2.72312
3.19533
3.59058
3.02706
2.39974
1.77198
1.52237
-3.30952
3.15749
4.99039
-2.60394
1.14891
-0.592898
1.33338
-1.14941
-3.01718
-0.990117
-10.9001
3.69979
3.9623
1.65524
-4.40745
0.750236
-1.63243
-0.582856
2.08232
-11.2316
-0.0895664
6.761
-0.951466
-5.71269
4.25392
1.40703
-8.2749
-6.68859
-0.473636
-0.0463616
-5.67256
9.37303
1.32519
4.23362
1.91251
-2.58614
8.51531
8.87671
-0.280294
10.0006
4.3519
1.37756
-5.40583
1.82423
-2.00028
1.18681
-2.5045
-1.85193
2.57971
7.86427
-1.90975
4.65407
-0.192815
-1.05826
-5.0799
4.21528
2.80682
3.6172
4.28214
0.675154
6.43579
-1.81039
-3.20535
8.18061
-0.185445
0.488431
-5.83453
5.7124
-0.636174
-9.37429
4.32411
4.30895
4.12529
-8.30269
5.4321
-0.496396
-7.65874
-1.90792
1.85511
9.70138
-3.49671
-2.29585
-4.78541
2.29086
1.42161
-0.0200506
-7.28221
-0.371914
3.54464
7.44504
0.733138
0.819997
-0.488118
3.64725
-12.0651
1.13813
-5.84635
-5.24916
-1.09794
7.03734
-2.37838
3.67389
3.03171
7.46847
10.441
5.59424
2.89251
0.854049
1.30337
8.2641
-3.32326
-4.40498
-7.25409
1.93829
-2.50898
2.5079
7.07516
3.1391
7.71358
12.363
-2.52296
-2.6298
-1.74171
8.76371
1.99208
-2.27855
4.53451
0.78358
-5.71961
-0.0163973
5.16614
8.02631
0.414295
-1.43896
-3.18647
-2.45838
-1.99997
-5.69315
-4.06717
5.11984
-2.71343
3.97259
3.9767
-3.64825
4.25408
-1.31881
-3.60007
-6.67212
-4.69577
-7.3239
-4.42793
-6.94811
-2.71463
2.8116
2.73622
-2.5722
0.412045
-2.93971
-2.23788
-4.9207
-11.9753
4.28709
-4.78488
-6.11191
1.41655
-1.32714
10.7344
3.48125
3.75619
9.41373
-0.246729
0.234532
-3.08054
0.998878
1.24622
1.46319
2.85191
5.09962
-2.08746
-1.6945
0.811811
-0.394013
-0.816525
3.74435
-11.1956
-8.5002
4.51041
6.44085
-0.705117
-2.9955
3.34959
7.94546
-6.23581
-1.22625
-2.85932
0.130707
2.86175
2.42622
-1.2299
-9.07073
0.470284
1.99475
-6.56443
-2.37011
-3.00019
-6.29137
-2.92153
-0.837032
2.48722
5.06237
-2.33078
-1.64328
7.02203
-6.88111
-5.74789
4.16568
4.66373
-2.10309
0.173357
1.63302
-0.274337
1.69836
-3.19553
-4.18721
-1.34327
-6.51233
6.78758
4.32924
0.668725
-0.516804
4.73326
5.70573
5.6592
0.644997
-7.60079
-3.53266
3.66325
-10.1875
-11.5475
-3.8419
1.25549
-5.62105
4.34074
-2.67459
-6.20235
2.03371
-8.85001
-3.05718
-4.93976
2.13584
8.52003
2.62287
0.288776
-1.163
1.20627
-3.11126
0.38536
-0.734322
1.58485
-7.80845
-6.61323
3.78316
2.90847
-3.93277
-11.3943
12.3126
-8.35818
0.279374
11.6317
-5.4381
-2.33992
-1.33337
2.98395
3.76681
-2.62213
-6.85192
1.07837
-5.19226
0.108119
6.01136
2.99792
-0.835755
2.71152
-4.95346
5.24461
2.09084
-5.65177
4.63152
-4.28882
-6.86974
-2.81641
-1.44787
-1.50068
4.34897
4.08823
1.58043
-2.56441
-2.19968
14.7544
-0.176078
-0.947844
-2.78965
1.22416
1.4905
-3.56594
1.66247
0.445015
3.62086
-9.92886
3.97427
-3.01727
4.55326
0.491488
-5.47655
-2.29474
-0.321227
-0.25502
-2.41857
-1.06533
2.3366
-5.61784
-7.32803
-2.77846
8.05432
-0.00161027
-4.30835
-0.763065
-3.81342
1.34234
0.0108156
1.63811
-5.57453
-9.09198
-3.83449
0.425509
8.2345
-2.60541
-0.137782
-5.71182
6.80931
-5.56647
-2.91917
-3.26635
-0.249868
3.33014
-3.57581
3.44901
-1.02572
7.12514
6.37379
1.5576
9.02309
-1.90208
7.55621
-5.43763
3.1859
11.3411
4.9131
1.84529
0.796678
5.20478
2.35957
0.317633
2.16272
3.95647
-1.71302
-4.48752
-1.70023
0.842181
0.785232
7.06824
0.0340824
6.4132
0.505954
5.48391
-5.986
-4.9184
-4.60445
8.57926
8.10488
4.55184
0.966668
3.21357
-2.38076
3.81984
-7.47281
-0.99959
13.0071
-2.36726
-0.48895
-1.22853
2.16327
1.43311
8.65556
1.3271
-6.65187
-2.44783
-3.65311
-0.0849767
-2.48369
-3.94599
3.1447
-0.247582
-3.14987
-6.95181
-6.5933
-4.73168
4.51542
5.97588
3.08968
-4.88454
5.02051
6.59389
0.722314
-2.92237
5.85343
-1.7592
-4.92911
-7.20829
-6.18436
9.23229
4.21406
7.84875
-6.06261
0.672059
-5.17481
-1.34869
-5.73876
6.26514
0.121675
-0.190196
0.936551
-1.01234
-1.33085
5.78468
-2.8191
7.36488
-7.66178
6.8448
4.77162
11.2851
1.13005
4.61842
0.674307
3.29997
2.16614
-6.69364
-2.98336
6.90841
5.9062
0.766079
-4.20246
-3.34155
-4.671
-3.73845
2.99307
-1.67637
4.84892
5.89334
-1.21988
-6.99787
6.08037
-16.8962
-9.96135
1.34226
13.0453
-0.917117
6.56736
-12.5459
2.50717
-0.996465
0.832774
-0.672339
1.903
3.76677
6.13095
5.03773
-0.159825
1.66529
-10.1953
-1.33543
-0.118418
-8.43224
-0.8722
2.3113
-3.48038
2.00848
5.78425
-3.45446
7.18717
4.17149
-2.82778
2.42745
-5.82246
0.256422
-2.74251
-6.63515
0.380498
1.1667
2.45622
1.71518
-2.82648
-0.503136
-0.871629
-6.89912
7.60465
3.7767
-4.1298
-1.81855
-2.38618
-0.366438
4.9118
-1.19237
-0.399724
11.2925
-0.826336
-5.60278
-4.16929
-0.131636
8.27311
1.02447
-9.92644
-8.81909
-1.20567
9.55458
6.79617
-0.97251
0.431042
-3.13726
3.36883
0.724659
-1.83996
-4.17914
0.947373
1.52938
4.42333
8.43331
-1.00257
-1.52931
3.31657
-2.99074
4.54736
-6.18872
0.263565
-0.736218
0.763431
-2.38836
3.15038
12.4619
-0.671905
3.78338
5.59248
0.952926
-1.73198
0.0479078
3.70901
-0.355553
-0.850563
-0.486196
0.894641
-5.13758
-8.90195
-2.02267
7.39845
7.08429
3.91546
-2.54562
-4.67268
5.88708
1.16377
0.272391
-8.8924
1.11619
3.29647
-3.25349
5.82429
-6.64014
0.19666
-4.05561
3.09457
-8.89173
-0.49985
-2.20639
-0.949427
0.130426
7.35568
-4.16147
2.75533
-9.19588
7.1796
-3.79015
-3.05004
3.93441
-0.000711132
-3.82542
-0.800256
-8.46013
-13.829
1.52723
-0.739793
-3.7211
5.37214
-4.03095
5.32301
-3.45215
5.79686
2.9981
4.23068
3.88336
-5.54578
-3.57436
-3.68546
-1.63643
6.14765
0.215974
-2.03441
-6.94598
-4.9487
-1.09496
5.49502
-0.0791726
4.42402
3.55831
0.368659
-4.10665
3.77541
1.10883
1.75376
3.29353
-11.1549
-4.54132
3.01809
-3.61919
-1.03341
-0.0752473
-4.45473
-3.91559
11.801
6.00968
-2.68249
2.68494
1.30849
9.7956
11.2547
-2.03193
-0.619987
-6.46598
1.54224
9.06551
-2.74348
-4.09764
8.14431
-2.62396
-5.89053
-4.76074
1.96228
0.806629
8.5847
-1.6098
2.44223
5.68713
-4.09127
-7.46293
7.06403
1.05447
-1.48876
4.03812
0.532848
-0.00740971
0.211593
5.91626
-7.55389
1.54571
6.63646
4.21886
3.5215
6.67886
-0.547428
0.58767
-0.226507
12.1815
-2.78856
-0.492282
4.17271
-1.57696
3.67338
-0.523298
-8.27065
-8.13032
-3.11038
-1.4496
-0.821795
3.58523
-2.43415
6.79106
5.17314
-1.55662
3.15143
-5.45396
4.02349
0.932166
9.12009
4.32482
-0.864513
-1.76321
-7.01493
1.10132
-2.31634
-2.1718
3.65678
-2.22384
-5.07038
3.14721
-3.5714
12.8804
3.97192
-7.89111
-2.91981
-8.80217
-3.44225
-1.43087
-2.57828
2.15327
0.123355
-3.03477
-3.6443
1.64068
5.61726
6.9023
4.65587
-5.53214
-13.2549
-1.21493
3.48798
-5.23972
-7.73281
-0.377118
-8.1582
-0.623205
2.43487
14.1527
-0.505002
-3.6446
3.35169
-0.681845
-0.910863
-1.90786
-2.66192
4.97586
2.30458
-6.05595
-3.60933
-0.58168
2.86223
7.83485
-8.46197
-7.24271
-7.64994
0.833976
2.49261
14.7813
0.90773
-0.902744
2.71664
5.34741
0.809879
-6.08763
7.92484
-14.0142
3.43276
-9.2717
-2.30387
4.97887
5.72858
-0.710289
4.61406
7.11463
2.45949
-4.31845
5.40633
-2.0073
2.8473
4.48378
-3.97415
8.99559
-2.06659
-0.0915337
-2.86743
4.29289
-4.22883
-1.47884
2.12275
-4.18469
2.0099
4.72788
-4.04865
-0.0940333
-5.47138
-10.3435
2.73227
-0.333025
-5.08033
3.95389
3.16455
5.19308
-9.84156
2.78702
0.616854
-3.14262
-3.85962
-5.59533
6.35488
-10.7615
2.53401
-1.433
-3.01992
6.36521
-3.32877
-1.64823
2.1386
0.122741
0.692308
9.93796
-10.8684
-1.73331
2.99806
5.43186
8.76379
6.39029
-3.71581
0.149214
-2.40905
1.6132
1.19415
-6.74876
-8.80045
-5.94052
-5.48573
-3.80996
6.15487
-2.88874
0.177109
-3.70431
9.41884
-5.34921
-2.43581
1.77366
7.18313
-4.02837
-4.7872
-3.78196
4.4155
-1.18074
3.57024
3.2873
10.0162
-2.23667
-6.08311
0.330799
-6.4966
-0.30191
-1.69039
9.99205
-4.71277
-7.58971
-0.0775713
-4.72789
-1.43008
3.89113
-1.3961
6.49883
-0.82668
1.23463
0.846639
-0.243227
13.2646
2.49443
-5.57436
4.40754
10.6697
6.73943
-3.8674
-2.88517
-1.36771
6.52409
5.44848
-5.41092
-3.77749
-1.64114
-6.6014
6.28659
0.201211
-2.66639
-2.59534
13.626
0.90598
-4.32032
-3.33624
-6.41557
4.83921
-0.216614
-4.062
2.89449
-0.680535
6.39701
0.454178
4.15071
5.60925
3.81086
-0.0903463
-0.522892
-5.22097
3.88533
-2.85601
-0.564582
-2.62112
8.77387
-7.54723
-3.57947
-7.37354
-4.16044
-0.889424
6.58922
0.237722
-3.02453
-8.84593
5.82421
-1.3671
-1.18486
1.10677
-5.55173
5.77096
2.19788
-4.45684
6.54032
-1.02105
7.81285
-8.20401
0.642566
-6.19817
7.2855
-5.87908
7.36136
-2.50753
3.44806
1.749
-0.00966141
-4.26868
-5.95795
4.67452
6.49337
-2.69345
-1.71104
3.57025
-3.66
4.44117
2.17313
5.69685
6.0356
-0.805385
-2.19221
0.259578
4.02399
-6.35108
8.33766
4.56305
8.47237
-0.315587
-1.48672
-1.57879
-1.22881
-2.41429
2.20169
1.26622
-2.28087
2.05418
-9.31691
3.15092
4.24171
0.747073
3.78685
3.5857
-0.829196
-4.20623
4.9316
3.58025
-3.95835
-9.6969
0.860195
4.09114
-10.2069
5.06477
9.24638
-1.35373
-8.38922
0.456046
0.109069
2.22438
5.96163
-3.79232
-8.10961
2.93299
-4.314
4.82152
-1.08737
-3.7854
7.70181
6.57391
-1.6047
-1.9705
-0.188274
2.46815
0.907682
0.673501
0.270053
-1.84604
-9.92368
-7.97284
-2.14635
-0.258748
-6.9867
-2.31581
0.846031
6.26228
2.48413
4.80103
2.67365
5.07722
1.7103
7.07541
3.16755
0.0506368
-3.01089
6.84603
-3.32138
11.7357
-3.65419
5.25395
0.0810697
5.47283
5.91902
6.19569
-2.07084
-2.20294
5.19677
2.36587
-9.95034
-2.74537
-0.451317
0.0923783
0.725724
-3.68396
2.57743
-2.16415
-4.86344
-3.25061
-1.51819
-14.7624
-7.78793
4.79758
1.73377
1.72109
-1.45455
-4.72605
-4.77545
-4.05977
4.8823
5.0171
0.0882849
-5.36915
1.07376
1.60407
0.942854
13.0793
5.50614
-4.07078
-16.2055
-5.40533
0.405721
7.30358
1.2213
1.78781
-1.91754
-0.608569
-6.84732
-5.48178
12.2432
5.33412
2.76464
3.4129
-1.80645
-0.377275
-5.99722
4.23545
-2.77514
-5.52267
4.44797
2.89515
-4.40585
-2.30919
-3.03013
-3.57337
0.354145
1.00769
-2.14418
5.36548
4.33787
-16.1984
2.45685
-2.35237
1.45115
-4.74424
-7.77627
1.17137
-6.32636
-1.98066
-1.54406
3.28394
-3.90244
-4.32487
-5.00882
6.09105
-3.26553
-8.54394
0.100445
-8.49362
1.91464
-3.08045
-3.81942
2.81416
-1.36718
-6.65608
5.21786
0.576654
3.29367
3.7984
0.860983
4.31117
5.11322
-1.1407
-0.57743
-3.07501
-0.71915
4.55385
3.99462
11.3862
-2.68676
-6.62595
8.84273
0.65612
11.9348
1.65297
-2.39103
-2.00278
5.48754
6.73185
1.79435
-2.68481
-3.3793
-1.01858
4.26514
-6.37218
5.50224
-5.32611
-2.11356
-6.92556
4.84399
-4.13471
-2.60954
1.41136
-8.00778
-3.48873
4.23897
-6.93112
-4.10792
0.574437
-8.41374
7.36424
2.05337
0.791723
0.0226443
8.84701
0.965078
-3.98506
-7.48031
-3.62198
4.4122
-5.76073
-1.61592
2.49461
-2.73964
0.612834
7.51106
4.13569
-5.55287
-3.50195
-1.15016
-6.14236
5.313
3.93728
2.32131
4.55261
2.02942
1.59003
1.62654
3.18888
-1.69868
-6.08032
-2.97042
8.47283
0.532519
-4.55863
0.3293
-0.642528
2.68437
-7.06262
-1.05994
-3.07867
2.83443
2.90274
1.24578
-1.94399
1.89591
3.01106
6.46159
0.391125
7.3611
-1.85687
3.63085
2.41072
-4.26607
-4.32227
6.6665
10.43
0.616458
10.6589
-6.41414
5.95826
7.36646
-0.472125
1.89765
-1.44743
-2.84968
-1.6294
-7.11774
0.20991
10.1724
-7.98683
5.13173
7.50777
-6.61042
0.872406
-4.94513
2.87494
6.27067
-1.02282
4.70083
-4.84121
0.481652
-4.56602
-6.93388
-3.2724
-3.32247
-0.663101
3.31396
-5.85547
-2.62726
-9.40196
-6.03039
-9.7374
-1.87473
2.63559
-1.68357
-4.91312
1.96352
-0.654095
0.553766
2.43707
-0.0166918
-6.11514
-5.09681
5.62887
-1.08717
-4.77973
-11.2313
-6.34672
0.830008
-7.6732
9.9633
3.78658
-0.947979
9.51886
5.10279
-2.29876
1.5678
-6.35809
2.964
6.86965
1.47194
1.25547
1.84811
4.63939
-6.53179
5.13234
-5.99883
-0.37999
-7.15183
1.5328
8.60558
2.97116
1.31774
-2.43048
2.59618
9.10149
-3.79021
-0.961927
-3.24171
1.22161
0.749865
6.1504
-2.54947
-1.8985
-1.25452
-0.581488
1.69825
2.31936
-0.436649
-3.32119
0.869382
-2.07987
-7.72756
4.18656
4.87803
-9.46808
-1.72675
3.85409
-8.27469
4.83647
-1.23098
5.62638
7.00626
-0.585186
-3.25641
11.1087
-3.93049
-0.390503
7.47519
0.602749
5.13163
-1.62328
-3.12928
-1.7659
-3.63613
2.65849
-6.03521
6.70897
9.87346
-8.12608
2.28078
6.4171
8.97509
-4.6
11.0273
0.103263
-0.0993329
7.77421
1.13374
3.17813
4.78129
-0.214629
9.27555
-9.24026
-2.97088
1.7968
-4.97431
5.50797
3.64237
-0.50824
4.52096
-1.89345
-1.0633
4.81344
-1.09763
0.287034
1.17258
2.67835
-3.29478
2.22107
-3.74515
-2.92826
2.48471
3.99407
6.74234
-5.37692
1.84358
-1.07905
5.20654
-5.8039
-4.17222
11.0487
12.6631
6.56688
-3.42687
-4.35443
-11.5518
-0.36572
-4.64083
-0.740464
1.98302
0.619569
2.37127
-3.09507
2.29672
3.77876
5.99136
3.85426
2.40672
-2.07469
0.318406
-4.92791
-2.21724
4.03704
-3.07299
0.691885
0.888932
4.07853
4.53956
0.846683
3.68851
-5.99167
-9.56489
0.36548
2.91648
5.35286
-0.443321
-5.90486
-0.639835
-1.65597
-3.42092
0.334787
11.3112
0.222879
6.78846
3.66639
6.25575
3.62859
-0.363433
-4.98991
-0.362272
-0.517733
-6.272
-15.1969
5.79347
-17.2932
1.6127
1.63717
-5.34015
-7.32714
10.853
5.028
2.32329
-0.773585
-7.50269
3.27372
3.3131
-0.187396
7.24733
5.46806
-1.95634
3.19093
-2.52548
2.90552
-7.11135
-2.03791
2.69379
4.3963
-0.0255908
-3.95273
1.63356
5.01815
9.96727
-9.53318
-6.82715
3.74399
-7.64031
1.60045
-1.15503
0.198017
7.59246
-3.27015
2.26905
0.794311
-2.64411
2.68099
0.11215
-3.55617
-2.83073
-1.59421
-5.19507
-0.515099
-2.37268
0.373137
-8.2342
-2.92754
9.05332
6.37741
2.26143
-5.06667
4.13229
-0.39766
8.72826
1.11017
3.07493
1.53719
1.82323
4.49649
0.574522
-5.63953
9.38399
-1.33964
4.88274
6.89294
-6.18758
2.46293
-7.13049
-8.831
-6.38944
-7.42007
-4.95293
-0.494518
-3.87277
-0.5648
-4.13459
-7.20559
5.55848
-1.85518
-0.418228
3.65235
-3.60678
1.61819
11.361
-3.05672
-3.05567
-0.44146
6.67733
-2.87515
1.43282
-4.46483
-0.654426
8.04422
-0.737573
-6.31143
-1.87535
-3.44446
-7.90607
-3.64767
-1.07642
2.31916
-7.40421
-1.2704
-10.4038
-4.36259
6.58527
2.01254
-5.99583
1.27312
-10.3705
-1.37081
2.58627
-0.43894
-7.35775
-2.17626
3.36976
0.311225
-9.60967
-3.12033
-5.31343
0.91396
1.25673
-5.76207
3.68443
1.5108
6.98413
-3.9075
-8.31212
-2.8077
5.36577
-1.9369
4.98434
6.08617
-3.92275
1.11668
0.31002
4.24094
-0.673303
-2.82735
-10.3982
2.18553
-8.48328
0.837966
1.07744
4.83769
8.59523
2.7677
-2.73404
1.52793
-0.472882
5.63607
-11.618
0.775341
5.20406
6.37079
3.93904
-6.6223
7.20543
-6.22272
4.04943
-0.298938
-4.37778
-2.23003
-2.36501
6.76791
-2.91135
-0.871254
-7.39187
2.57369
3.62173
0.756117
-5.49915
12.5504
-1.57903
5.45451
-7.29361
3.02906
-8.59464
2.64471
3.85654
-6.40905
0.428214
3.40975
1.4233
2.33788
-8.48424
-7.39597
-8.28531
-0.618893
7.57422
-5.17728
3.72397
1.33506
3.39115
-3.11508
-7.00513
7.25445
-5.43269
-0.488433
0.957935
2.45076
-2.85966
8.93292
-3.12906
-10.8595
8.30246
-2.35675
5.54033
-5.59315
1.62844
-8.34766
11.2867
3.72704
-0.0405491
1.36238
-2.15805
5.32992
0.844406
4.01699
2.4459
-2.50678
3.65335
3.82501
-1.75646
1.12181
-3.60684
3.24926
-3.73995
-1.28198
5.08753
-6.47016
3.30681
17.4644
2.82882
-7.59587
-3.55062
-3.75724
10.5609
2.26268
-3.64536
0.914232
2.91268
-1.65737
-1.69911
-5.18118
9.82956
4.49217
4.58649
-7.81751
-1.33658
-0.428771
-3.53776
-4.46519
1.75869
3.40911
-8.14024
2.57891
-4.52769
5.02923
-0.145638
8.62162
10.6147
4.11098
2.30406
1.6024
-4.66402
-6.14105
6.057
7.32973
-5.83242
-9.77061
4.37324
-3.61347
4.6487
-3.74392
-9.33657
11.023
-4.07794
0.463479
-2.31729
1.88072
1.89347
9.7905
0.45614
-7.39598
-2.50145
1.88271
2.59054
-0.849356
-4.70447
0.711036
4.82735
2.853
5.29676
-3.72666
4.08129
1.07445
3.42826
9.39253
-4.37309
4.77053
-2.79024
4.0524
-8.07771
-1.01256
1.97148
-2.3212
-7.48789
0.778664
-1.52235
4.58079
3.16446
1.07866
4.07393
4.90788
5.10839
-1.26093
-0.509078
-11.7977
0.784441
1.91222
-4.48542
-2.82016
-3.24389
2.33522
8.0307
2.49208
1.78739
-13.5545
1.35243
10.8659
1.98912
-1.41294
-1.75506
-10.8844
-4.23529
3.19597
6.06297
2.22669
8.27364
-2.08576
4.83978
2.63653
5.60562
1.09832
-5.49372
4.71972
-1.38291
4.64995
-4.05546
2.00262
-2.50867
3.5801
-6.25048
6.26274
-1.08885
4.46346
-1.61763
-3.34133
-10.01
-4.32157
10.3378
-2.93445
4.58953
-7.61259
-1.14386
-1.04258
6.11856
9.01132
-1.14689
0.471174
-3.10853
-7.66194
-0.0979534
2.00163
4.81786
-0.636161
2.44822
-4.64952
6.27751
-5.78215
5.09175
-10.9613
-0.380478
-5.95343
-0.390922
7.35521
-0.0682226
-1.28171
-2.5556
-3.23146
2.00164
1.22863
6.33653
7.73294
0.163088
5.97294
0.901023
-6.06037
-4.31171
0.986349
-1.45053
-1.40508
-6.94368
0.091156
-6.18683
-0.934187
1.09946
-6.17689
3.27664
-4.42707
-2.24185
-0.503189
-3.48491
-1.89182
-5.34716
0.205942
-5.14661
-2.59093
-5.50138
1.7539
3.9355
4.26886
-8.88433
9.70833
-0.649764
-5.56049
-0.756144
-5.14937
3.45963
-7.28541
0.120391
1.73556
-4.10577
0.913002
-8.78123
2.67285
-5.40795
4.98084
1.07859
-1.28669
4.77664
6.53386
9.92095
9.37975
-3.13823
0.108964
-1.33627
16.066
4.00594
-6.59432
-1.01964
11.6406
1.31849
-7.8557
-4.07004
-4.76669
-0.147392
-5.80894
-0.771895
2.94836
-4.58285
-1.37891
-3.55798
10.3665
-3.98351
3.31461
1.49816
-2.08302
-9.65695
7.70263
-7.87577
-9.41073
-5.67239
-10.5577
6.62742
3.82516
4.03119
1.62266
-8.86226
-0.897482
-0.45577
-0.849718
-5.91673
-0.476225
0.764953
-1.11347
-1.63348
0.300715
-2.80479
-11.5891
-7.33402
1.27439
5.65364
-7.49248
-12.0893
-3.29771
3.99918
1.81378
-2.24216
2.93623
-6.89394
5.72486
3.53354
-2.67308
5.11009
6.68267
-2.40359
-6.51302
-2.73896
4.74442
-0.215996
-1.78642
8.0809
-1.74366
-0.148946
-0.735212
-3.33344
5.20656
-8.37315
-3.34596
4.64436
0.221908
5.6712
3.39713
-6.08698
1.03441
9.08734
7.07176
3.01951
-0.919475
3.57096
0.194018
-0.930677
-0.254636
9.79141
6.10807
-13.0059
-3.21271
2.94917
-2.66976
-1.2157
-7.84283
5.20553
-2.17195
2.14388
2.15652
-2.55422
-14.5421
-3.4879
1.92571
-2.98206
1.88993
-3.69319
-2.90967
-3.3423
2.66771
2.27558
1.29181
1.10343
0.664048
-0.706521
-3.48461
11.4879
1.55789
-3.20825
2.60883
-8.83974
0.535551
1.50345
5.44135
-10.8613
8.83456
-1.45222
-1.51258
-2.9479
-2.04961
-4.11646
6.73946
-8.17155
-0.687989
-0.697676
-6.24833
1.59011
0.841972
0.319117
8.13923
-2.81767
6.40032
-3.59394
7.21922
9.69727
-0.821579
-4.93109
-4.12144
1.21031
4.96706
-1.82081
3.77336
4.51403
-2.31293
2.87788
-6.92488
-1.64535
2.006
9.66844
1.94267
-0.454641
1.00587
-0.872055
6.27164
5.26977
1.40675
-0.16216
1.13786
7.15841
-5.48645
6.98213
8.30669
-11.0129
-6.54121
-0.447553
-0.186157
0.0838544
-6.82238
0.689066
1.25784
3.67973
7.10309
-2.58463
-5.53174
2.45125
-0.571036
-1.97408
0.749825
-1.42918
-5.14525
2.11162
5.88216
-0.890392
2.91769
2.20364
0.780273
2.34225
5.64184
-3.97765
-6.18888
5.93883
-1.85015
-5.82921
2.88386
-0.168856
-3.55234
-1.00837
-4.44795
9.02144
-4.51023
3.87569
3.50951
-1.00137
-7.45033
3.22913
-0.727745
3.54142
-3.92347
-3.55728
-3.09079
3.43217
-0.277747
1.23535
-0.221858
-4.75169
-2.2268
-2.13312
-1.77337
4.43716
0.247396
5.26891
-6.17179
-0.591572
2.59961
6.82517
0.684016
0.985672
-2.55311
4.87137
6.58568
-11.6106
-5.90234
5.3368
-1.29106
8.46227
2.78249
-6.92661
-3.23084
-1.49989
-2.93675
1.68024
3.26322
-9.01906
-0.550636
2.2367
-5.14216
2.15434
0.376246
3.90467
4.19078
2.17806
7.2883
5.24147
-1.68328
-3.93692
-2.83947
-2.83234
-0.389377
4.64464
-13.3343
-6.75204
-0.827934
2.98758
-0.185826
-1.82947
-2.54477
-0.124675
0.430434
5.03047
-2.95299
8.07538
-9.0457
-4.78708
-1.10532
1.04516
2.85054
-7.60457
0.460915
-3.2275
10.7918
-2.97395
8.47492
7.76362
7.57064
0.322291
6.49598
1.53799
0.194088
-14.1436
-1.24173
0.861679
-3.22967
1.5692
3.70685
0.806618
-3.54474
5.6455
-4.82615
3.10656
8.96973
0.901078
6.05442
-9.43949
2.42424
-0.986603
0.371429
0.383843
5.11425
1.905
-10.14
-6.73226
2.37646
2.91662
19.3284
-0.552113
6.06581
-1.95726
-3.25938
-8.991
-6.96513
1.77683
-1.34141
0.661682
2.39254
-1.35143
-2.00075
4.16483
3.06555
2.40752
-6.93121
1.75374
-6.4209
1.93553
5.13865
-2.05202
-3.99729
-8.43792
-3.56238
-1.1737
-0.439557
-2.87169
-0.241433
1.34762
-5.56778
4.79229
7.91668
12.5541
-8.22132
6.44924
-5.05549
7.42119
-0.487145
-3.64329
-0.309617
-5.44837
1.87507
-1.83602
2.26657
3.9219
-3.83916
7.41764
-4.34603
6.79173
3.84313
-2.67741
-3.26089
0.475791
-4.95187
-8.93492
-7.16595
2.15152
-1.56725
-2.1537
-6.66387
4.55824
3.21965
-0.86773
-1.64456
0.633897
2.68327
-9.31796
-2.63772
0.295899
5.29976
2.0122
10.9686
-0.630162
2.30999
-6.47428
4.61227
-7.85631
-0.866771
3.73584
9.94202
-4.75678
7.00353
-0.357248
-12.8188
9.38396
-6.03325
-3.55745
2.32968
8.71568
2.35526
-4.92971
-9.81224
0.519977
0.0206027
0.756462
5.22389
-2.37448
-6.6697
-4.53335
4.95839
-6.48363
0.433649
8.85795
-0.0259267
-1.40284
-2.27715
-3.62484
1.08845
3.32586
-2.38981
-6.61116
1.10448
-1.8107
2.12523
5.20001
-1.03371
-1.94852
-6.40565
4.55633
6.40229
-1.78947
3.1502
-2.31749
0.370215
6.23825
-8.94515
-4.688
0.471162
-11.609
7.27755
-3.36443
-0.880683
-0.234614
8.45656
-5.39465
-0.52257
-7.21872
4.58136
3.19992
0.600196
1.64711
1.29497
-4.76782
4.32343
5.27254
-1.29055
-1.36022
6.85354
0.532268
-3.30489
-3.09042
-6.71536
1.60329
-2.21251
-8.15874
2.58507
0.0667869
1.88458
-4.40046
-2.26469
1.82294
-3.78781
-4.51595
-2.74335
4.26053
4.40509
8.29976
0.524511
-2.0023
0.777024
0.552715
6.15199
-0.807761
-5.80959
-3.83714
2.64125
2.15091
6.36923
-4.05185
7.05415
-3.29944
-3.19854
5.23552
8.0743
-4.9337
2.7593
11.8889
0.342373
-1.20421
-9.98093
-2.18847
-5.66843
-3.77798
-4.66668
5.79828
3.51101
-2.86945
0.89755
2.85237
3.26387
-0.778917
-1.28525
6.14478
7.95491
2.62747
3.78579
9.81301
4.07929
3.38284
3.66194
2.24141
0.524506
7.10334
-1.04431
3.26923
-4.73915
4.74675
5.02323
-6.31273
3.50538
2.31961
5.55665
1.07062
1.23557
-1.28109
5.79191
-9.88057
-3.96797
-5.76694
2.06454
0.546957
2.35132
2.82499
-1.00305
-2.68266
6.84027
-5.04246
-1.80696
-4.50534
0.922333
1.16508
0.8387
-2.35809
-1.88192
6.30216
-3.5087
4.14377
0.421719
-5.3394
-3.11172
-2.13328
1.83865
-2.73213
5.90663
5.10379
-1.34727
-3.07119
-10.8181
-2.11895
0.911355
3.772
-1.34527
-2.77734
-0.926277
-7.48331
-2.80158
-8.94507
-0.0672968
12.8289
-5.46679
-6.10235
-8.13323
4.17873
8.40822
-3.58382
-14.798
-5.28425
0.174544
0.868501
-1.87106
3.36839
-4.09646
-3.89443
-2.65665
3.30626
3.72618
-10.1885
3.97745
-6.00017
-3.58149
-11.071
0.604201
2.12418
0.838065
-4.11314
13.1391
4.75781
3.79525
4.49772
0.311002
6.054
1.17518
-10.0683
3.14146
2.43908
5.75943
-5.16093
4.94965
-2.20788
-1.72608
-1.48514
3.34401
4.75695
5.11278
-11.5074
-1.59811
-3.75709
8.35374
1.37698
-2.73468
4.3558
-7.59035
-0.673068
-1.63394
-0.900648
4.46218
11.2036
-0.952884
3.19061
3.57228
-1.14353
-3.21853
0.769395
-1.84016
-8.60101
-7.1663
8.49542
2.45349
-0.850705
-1.62807
-1.65567
3.49736
-3.17399
-2.33667
7.26666
-4.69567
-0.307139
4.8234
-1.53267
-5.233
-4.55301
-4.28495
4.54167
-5.13978
2.66669
-0.294693
4.70407
-3.43142
-2.74433
-6.93452
-0.881819
6.84064
6.17862
6.50141
-4.84684
-0.956944
-4.79267
4.00574
-1.99714
-0.0464999
-1.88463
0.414576
-0.301673
6.21918
0.908333
-3.1023
-2.53882
4.08236
-2.30928
6.4637
3.08531
-2.1506
6.19241
-13.2266
2.21951
-11.5175
3.39705
-4.56352
0.515594
-4.93797
0.506277
-4.28089
0.541751
-1.02913
-2.26556
3.82156
-5.48201
4.7399
-5.03928
-2.62222
3.20534
-4.22121
-1.34424
-9.34947
6.01349
0.280816
8.55137
3.31231
4.22854
0.973249
-0.166331
-2.7477
-10.2431
5.41947
-8.40757
-2.87013
-2.53915
-1.73529
-3.12454
0.0277974
-5.86466
-0.759259
6.54709
-0.251697
-5.49951
3.69411
-0.139321
-1.67579
3.10199
6.26854
2.17784
-4.61201
0.220602
6.29889
1.78013
6.30176
1.39907
0.241621
-4.0947
5.16705
3.30349
-4.65591
1.24991
2.70171
-4.39041
-1.99969
-1.00483
-2.35185
-5.91838
-0.598489
5.15914
4.47226
3.28526
0.977037
-0.398413
-0.771114
-1.72661
2.3869
-3.51811
-0.412242
-4.49661
-4.30196
0.810202
1.65583
-0.936666
-3.19631
0.298106
9.57053
-9.52908
-0.156061
4.55207
-9.02791
-0.234758
0.277153
-0.520985
5.3575
-5.98647
3.33443
1.15549
-10.226
-4.14477
-2.95646
3.98676
-4.8541
9.33263
-1.96052
-6.18745
6.96178
-1.42822
-0.37976
-0.299943
0.99935
-2.92478
-3.54493
3.65134
3.31391
0.00273599
0.492607
-3.87978
-3.88544
7.57936
10.0554
-5.61443
2.15051
6.20645
0.644407
5.18395
6.39021
-5.33483
5.97858
-0.271942
-0.159195
2.54961
-0.453024
0.232305
5.61382
-4.08879
-2.88894
-0.990805
3.57243
10.874
11.0325
4.76338
0.480134
4.99701
8.79854
3.44815
14.0868
4.5858
-10.5785
2.63357
-1.38349
-1.75684
-0.478172
4.38004
-1.04347
2.96853
-0.928285
-2.17334
0.697625
-4.60643
-10.8304
-2.90912
-8.63142
6.61412
-4.76116
-6.87725
4.08598
1.63293
-5.09237
7.59356
-1.37297
5.35194
-0.765944
-9.53783
2.68862
1.02478
3.33947
-4.50617
5.14848
-0.73194
2.49272
-4.17348
-2.48413
-0.199453
2.59277
6.05029
-2.42872
2.3946
-2.31961
3.80976
1.82099
1.78702
3.35463
-8.04717
6.06288
-1.15394
2.72322
-4.15345
2.65736
6.17615
3.41636
2.53173
-3.4036
-5.84885
-0.596503
0.77515
1.97224
-6.59136
-0.32715
-5.46821
4.92855
-3.3337
4.04809
3.24186
-0.775838
4.54555
-5.20719
-5.99088
-4.19123
0.87125
-2.7481
-1.13908
1.81532
-1.21235
5.12589
-0.257936
0.852131
10.3528
9.94342
-1.37986
2.24884
8.25513
5.77813
-5.15114
-7.21314
-2.99387
2.36943
-1.93205
-7.8931
-1.96272
2.44343
-2.04707
0.0391538
-9.59562
-8.73297
0.572588
-6.25146
-4.1468
-2.58735
-0.108924
-6.99192
1.37876
1.57909
-3.84046
-2.24851
-4.7783
-0.117058
4.24114
4.88648
0.704352
-0.612652
2.96599
-1.81366
-6.11913
-4.16525
-3.7381
-1.4475
-0.915732
10.0049
-1.49178
8.46852
1.89518
-6.48889
1.43316
1.61597
2.37914
5.73725
-1.64159
-1.10031
1.31007
-6.641
-2.26264
1.05701
0.802111
-9.45573
-0.988643
4.03397
1.11227
0.875504
-1.09467
-0.817519
-3.02408
5.668
1.16961
-1.87783
-1.89475
-1.99007
-2.29003
1.88655
3.78628
-1.04158
-1.85009
5.82718
7.83044
0.206355
1.43221
-2.03621
-0.930241
-1.63904
-1.51106
-2.89636
8.78513
11.7262
7.27734
-0.681823
-5.17627
2.62304
-2.80452
3.36622
0.125885
-2.89008
6.38151
3.03689
0.293694
6.89818
3.50956
2.70695
7.0145
9.11895
2.07741
4.51937
-3.95953
-4.21864
-3.88958
-0.305048
-2.04101
-8.16407
4.85197
3.85817
3.74158
-0.682973
-2.7641
0.716933
5.73152
-0.403145
-2.09501
-0.106014
1.25927
1.72222
2.43504
5.39736
-3.05296
1.68165
3.08997
-3.61332
-12.1296
-5.68185
7.38382
1.35336
3.37534
3.47795
4.54983
-3.83213
-0.832442
1.30913
7.47819
-3.10906
2.01357
2.70474
0.144885
-5.09949
2.15607
-0.443923
5.76376
0.890309
9.27955
-1.55844
-11.3969
-1.83568
13.0706
1.38289
-1.83907
7.02141
8.58987
-1.28492
-5.1149
2.80073
5.33275
2.61633
0.32694
-10.072
0.894086
-2.4004
3.30185
-2.7294
-5.43447
3.28216
-3.22746
1.40318
3.94792
9.97615
0.834399
-1.19233
-1.49498
-8.66016
3.33728
0.88373
-5.01035
-10.0657
1.90013
3.19131
0.964423
-4.8093
3.57549
-3.85418
4.29745
2.39868
-1.42903
-10.1766
2.77394
0.280404
7.08705
-7.69607
-5.42016
-1.9684
-1.12841
5.01624
2.09872
-4.72972
-3.40554
2.44742
0.680556
4.44838
-11.2987
-2.80992
7.61105
0.286599
2.77636
1.3057
-4.97124
-0.426245
8.88331
-7.09853
1.98069
-9.58568
6.12177
4.96236
-5.53877
-4.95662
-8.79699
0.264527
4.93653
-2.68027
5.88249
-3.90657
0.400162
-4.98763
2.99854
5.13021
-5.84422
6.46124
-2.84858
3.06197
0.457975
2.44738
0.901443
-0.345547
6.32295
4.31765
-1.42432
-1.52465
-2.57956
8.29702
2.42044
-5.03156
3.63883
1.69965
-7.93371
-1.74729
8.27666
4.99261
7.70675
-4.00955
-8.2954
-6.05477
-6.47519
5.8179
-2.99186
-4.6665
4.81717
0.00086654
-0.0285005
-2.7362
-1.64011
16.9381
5.94484
-6.73799
-6.85567
-7.51346
-2.56533
1.45676
8.75358
-8.47717
4.15645
1.45976
-3.78599
-0.215851
6.78572
1.46911
0.548498
11.0277
8.60028
-14.3281
1.67579
-0.703865
-6.82999
-0.0584702
2.071
-6.35192
6.73883
-6.73344
11.6722
-1.66837
0.593685
6.71476
-2.20287
1.44797
-0.381787
-1.41188
-6.36952
1.08587
-0.333348
0.279632
4.79297
-3.62297
1.96747
-3.61637
-12.0125
2.35306
-2.64657
-1.68495
-6.81807
-3.49384
-4.08605
-0.11381
1.62173
4.50394
2.33823
-4.23364
7.74512
5.96193
0.233424
-6.94218
-10.1302
-10.3075
-2.66878
1.95244
1.9607
1.9259
-1.59514
-4.54379
3.67532
0.129154
-7.42463
4.48601
-1.0011
-4.22754
2.7536
3.15559
-1.94986
14.0706
-2.41529
4.73569
-5.39073
-4.64957
-2.87649
4.9429
2.32975
-0.836544
1.04345
-7.82994
1.38115
2.00757
5.71678
-5.57556
-7.35471
3.1376
-5.26168
2.46438
5.7984
-7.41135
5.24321
-2.25372
-0.330481
6.57698
2.92235
-3.38489
0.829316
4.49307
2.54201
-2.43637
4.41119
11.3291
0.535979
-0.18136
-5.06049
-5.80946
-2.18386
5.58719
-3.809
-7.41541
-0.24167
2.46855
-0.714374
-1.08131
-0.0800564
3.91249
-1.95705
4.43803
4.10863
7.63617
0.84114
-9.08072
-3.79478
-3.07138
-9.86436
-3.89513
-3.06352
-0.997621
-2.78805
0.547769
4.56475
5.17358
8.76929
-9.75868
2.41681
3.22498
-0.907394
13.3535
-5.87547
-9.85588
-2.27032
-1.7482
0.580451
7.42882
-2.72205
-1.78022
-0.649457
2.45979
-0.247194
3.75566
1.27193
-1.71903
-2.9883
-4.49508
4.79605
5.30983
-5.70113
-0.439281
-3.92245
0.517071
1.51706
-0.149345
-9.41913
-3.50792
-2.70913
3.45633
-3.04578
-6.52326
-1.18378
3.25608
2.59553
-1.03946
-1.57944
5.33039
5.22518
2.84735
8.14117
3.55253
2.75821
-6.31669
-11.7496
-10.0958
4.56039
1.94515
11.0843
-3.46212
5.63417
-3.63094
4.09784
15.5269
-9.12692
-5.65
2.52481
-0.20116
-6.66724
-4.829
-4.31218
4.54736
1.83819
1.61623
4.15081
5.11729
-3.01024
7.16943
-9.70316
2.64057
-7.72976
6.09159
0.365105
-6.58687
13.2098
-0.821741
4.04414
-3.75943
4.63223
5.74652
-6.06157
3.60586
6.07
1.1201
1.61787
-0.94857
6.71964
-11.2774
-1.48194
2.701
-1.6742
-0.824105
0.951794
7.9815
-1.65621
2.11394
-2.49892
1.53927
-0.516998
-10.0883
7.9738
-1.14832
0.0588191
4.34571
4.23878
-7.5591
-5.08682
-3.9203
-2.82193
1.04403
-3.06267
-11.5116
-3.52815
1.96076
1.43894
-0.619862
-4.05422
7.07306
-5.07778
-2.71851
0.506211
-5.38328
0.515762
-5.57017
4.23192
-0.539655
4.28075
-6.38582
-4.81055
2.21981
3.17293
1.66591
-2.09039
8.77829
1.08611
1.82403
-0.305666
-1.67838
12.9362
-7.00979
-7.55702
0.952882
-1.63588
1.23595
-0.325055
-2.50151
5.43013
4.73379
-2.63541
9.85315
-4.33084
-4.84039
-4.09757
2.26109
5.19419
3.0609
5.74062
3.8112
-10.6711
0.822597
5.93689
2.33655
-6.08132
-1.45556
0.919043
-1.98144
-9.39666
-0.433384
4.11404
1.91692
5.94745
0.207336
-0.56804
3.65709
5.06569
13.7249
8.35451
5.73395
4.03217
-9.45519
-7.031
10.0958
-0.591025
-1.08799
-4.08532
1.22381
2.90217
-3.55297
-3.0121
2.01007
7.29788
-2.57362
-6.39966
-5.35294
6.04394
-8.23163
-4.01787
-0.309613
-12.7574
-3.98157
-4.35257
2.0153
-0.046005
1.48761
-10.3299
-1.85571
-1.98087
-1.81479
-5.60324
-2.56027
-1.72542
-3.06047
-5.91786
-2.58799
-1.51783
4.04441
-6.67055
1.94892
4.10335
-2.51304
1.06742
3.65789
-1.85551
0.0657304
2.49987
0.826796
-5.41421
11.5923
1.44888
0.906024
-3.87058
-2.16318
-0.0935649
3.74955
-5.33963
-8.59971
6.15344
0.574904
-5.42033
-0.783996
-1.94869
5.05517
2.26518
0.187278
-7.60581
12.3791
-3.32155
3.30546
1.906
-0.452701
-7.61984
-3.24938
-1.22883
-2.52573
2.87083
4.59668
8.62761
-4.18646
-7.02129
11.9317
4.22809
3.48205
-1.00763
0.218606
-2.69221
-10.7928
-10.2295
-0.0359067
-6.27261
-6.46466
3.87358
4.32286
-4.78138
0.361774
-10.6404
4.62443
-5.82663
8.71264
0.0352147
1.47706
-1.60883
-3.76114
3.57768
0.699893
-10.353
-0.287854
5.177
1.63759
-6.22929
3.33974
-1.28558
-1.1134
-10.3753
10
-8.36891
6.56496
2.94161
5.25565
1.72695
1.44806
1.68522
-3.21197
-2.41588
6.69121
6.83823
-10.5109
-0.0948496
7.78025
-8.06922
-1.57551
1.05944
9.66205
5.55848
-2.54312
-3.46026
-1.2417
2.40435
-1.03685
-4.17544
1.88207
-0.852047
10.6983
-8.45824
10.0429
-11.5647
1.31356
3.80528
6.28405
-3.44767
1.20612
0.656593
4.56494
2.21097
3.3089
5.27946
-8.26673
-9.45391
-12.4677
1.00882
5.45384
-0.602254
-0.920041
5.84036
2.2763
3.68953
-3.4756
-5.21282
3.43068
-3.91091
0.324888
0.993593
-5.50792
-3.69955
-2.0761
3.36815
-6.91815
7.5721
-3.39945
8.91746
-3.20026
1.14611
1.48166
0.339638
1.05792
-2.84122
9.7601
5.85433
-2.5341
5.35616
2.09446
-6.86157
-2.66949
2.54128
-0.357523
5.41628
-1.99001
4.57967
1.53455
-6.91889
10.2522
-2.4553
-1.34676
-8.08142
-0.0601417
6.33483
2.64465
1.01144
10.0719
6.4504
-4.68189
0.320876
-0.143065
8.17917
-1.8858
0.303415
2.57627
-8.39927
-0.0560286
2.98612
-2.89029
-2.69589
2.22354
-9.80276
-6.80041
1.75465
6.00126
-8.057
-0.50967
-4.11409
-1.33874
-6.36831
0.889164
-4.31724
-13.3007
-2.34152
-3.00315
4.60215
-6.7217
1.48626
3.93672
0.518415
0.571894
3.35253
2.58448
-0.269014
0.963876
3.96017
5.32024
3.32279
-1.00009
4.84339
-0.382527
7.69007
-8.69862
-0.235264
-4.38628
2.57414
9.16367
3.36343
5.32604
12.4865
0.139578
-9.4009
-1.14956
1.69269
-7.13367
1.8758
9.76472
-4.79055
4.47149
6.0139
3.72862
3.46887
-6.1541
2.97773
2.87005
-1.23805
-1.14412
-7.28081
2.39846
7.8949
0.0292486
5.90071
-0.305085
9.073
-10.0761
-9.3161
-4.21599
-4.47141
-1.8132
1.42228
-9.5923
-2.84407
-0.807716
1.88384
-0.226623
-0.798874
-4.52722
4.96729
2.8112
-2.68393
0.994913
8.80503
-2.47685
5.04068
-0.45761
-6.32844
4.51844
-3.60666
5.30489
4.14848
2.04794
9.42542
-1.46667
1.14697
11.9246
4.16021
-0.923085
-0.738929
3.46463
3.67517
0.308039
-1.84602
-1.52069
0.497141
-1.15853
4.40015
7.06044
-9.36608
7.19265
1.40709
-3.89691
-0.527192
8.29866
3.50187
-5.36623
6.87404
-2.31736
-2.27043
-6.13608
0.722224
-0.266994
-9.19473
-12.4302
-4.62253
-3.56668
-4.66014
0.600333
0.0625371
-9.25681
-7.96124
4.40041
-0.375179
3.82808
1.99317
5.38875
3.66851
-0.967916
2.81871
3.1224
-6.53392
-3.73981
6.88443
-2.59164
2.14969
2.66161
-2.99208
-3.88442
1.57489
-0.549597
-4.50661
1.87366
3.94635
3.0987
2.67329
-0.189738
-1.41736
0.80219
4.40787
7.52301
6.9392
-9.47064
5.97931
0.852368
-12.7437
1.67442
2.42953
3.11871
-0.439947
-2.0807
-1.98322
3.88677
-0.190715
-2.38265
7.96755
-2.26148
-1.64542
-0.81506
-0.222569
-2.48418
-15.4232
-3.49841
-2.30781
-14.2763
-1.81422
-2.18034
3.81393
-3.79772
5.2938
4.51212
-2.34937
3.44196
-0.826246
-2.2934
-2.30101
1.92491
1.68319
-5.02676
-1.62801
4.3312
-0.610364
7.24263
5.65374
-4.1056
-5.43154
-4.30133
5.73113
-1.48694
9.34176
0.615781
8.18858
-4.2184
9.05064
-2.15606
5.94396
4.67933
-8.41296
7.59487
-1.00868
-1.96225
3.67841
-0.305024
-3.70939
-3.41042
0.255342
-4.48988
-1.0342
1.63907
10.4688
-1.66082
1.15239
5.7167
-2.82919
-7.10737
-5.49922
1.85201
2.27415
2.39549
4.5889
5.77755
-0.298585
4.81927
-3.17144
-7.68456
-1.96695
-5.07148
0.0564888
5.37843
11.5534
-0.484754
2.1946
-6.51247
1.92538
1.01986
5.25616
-1.31854
7.51483
-2.23175
1.5998
-0.198974
-0.139567
-8.76875
6.39756
-0.388945
-2.99752
-5.08807
-3.29028
6.43938
-7.61708
7.93713
-4.25279
-7.35128
-4.25302
-3.14047
-6.70133
-3.51608
8.89986
3.00928
-1.3517
6.60469
-8.33817
5.37132
-0.690463
-8.48716
-5.78063
7.28352
7.21226
6.12464
2.79016
0.891787
-6.87496
-6.27415
-1.01294
-6.23637
-3.04629
-5.2057
-0.96944
-5.17347
7.5858
2.8332
0.996137
2.57667
1.96208
-7.95301
-4.38578
1.95983
-6.82807
3.83139
-0.797301
1.75353
0.88123
-2.12243
8.53459
5.65851
16.1375
-3.1416
4.26413
-3.07826
8.90195
-2.90597
-2.92616
2.52105
11.3867
-2.06932
-2.67652
7.86167
-1.14229
2.56309
2.50486
-2.14832
-5.3634
-10.8874
-3.4009
-7.22466
5.33836
8.52676
0.970222
-5.48851
-3.08817
-11.5965
-3.86978
-5.04117
0.780474
0.706974
0.676453
1.75422
-6.57892
-0.822393
-2.34343
-3.47776
-6.45631
2.45166
-11.716
-3.95478
7.62375
-10.0374
-1.47483
-1.20407
4.36941
8.58945
0.681137
5.02769
0.965093
-1.12382
-0.691758
-1.55602
4.34979
-11.35
-0.774308
4.05173
-2.28101
3.61939
-1.39999
8.3839
0.645934
6.34644
2.03947
-0.299867
2.83585
-1.12403
4.87736
-2.18124
-9.00561
-2.2058
-3.3153
-4.80751
-6.47591
2.88929
-0.497539
8.27772
-8.49271
-13.3835
12.2758
-7.66374
-2.49471
-3.35452
-0.0178674
4.11001
1.74217
2.50167
-0.759432
-0.922774
7.56522
-0.0384467
5.77304
4.58882
-1.64843
-2.19108
-1.67445
1.20237
1.57485
-1.56736
0.634148
-5.76262
8.35426
-1.57159
-1.267
7.10484
-1.56076
3.90804
7.53084
-5.06672
4.35955
-4.18952
-5.04058
-3.57105
-9.2186
-1.54777
-9.20455
11.0405
11.6926
-0.754069
2.69596
6.2004
-5.35977
-2.27803
-1.68922
0.344851
4.19552
3.70609
3.5988
2.23163
0.0949996
-10.2666
-7.47521
0.154984
-4.05953
0.0218069
-5.6483
-1.83922
10.9062
1.07039
-2.23987
2.72754
-3.51633
-7.83386
-6.98663
-2.44646
0.468948
-8.00872
2.67192
0.827588
-1.7485
-7.74069
2.60325
-5.3005
-6.38633
1.35946
13.8887
-5.52
2.79256
-3.22241
0.411073
0.834133
-9.04679
-1.51599
0.726495
-1.36718
3.57816
-5.31828
0.370915
-7.26676
-7.52195
-1.88698
-7.7242
-3.81021
7.40836
5.73557
4.08822
-3.38987
-2.64969
9.31463
2.01739
1.39556
0.30518
0.459662
4.44992
-3.38353
-5.02414
-1.66159
-10.6108
0.355046
0.363904
3.48767
-3.04953
-5.98496
-0.683661
7.2171
4.28195
2.43513
2.04234
-10.7986
0.530666
-3.32847
3.5081
0.275544
-2.25556
4.47248
-2.27027
-0.0974607
4.90896
-5.01824
-6.09252
4.15678
0.462499
-3.66842
-8.33278
-9.05703
-5.19309
-4.15516
-2.16029
-3.78444
0.959575
-2.77948
-0.621479
-1.70208
-4.69272
-0.75624
3.31399
3.52087
-6.80684
9.37793
4.22632
0.929031
10.8968
4.06026
6.20534
1.88092
-2.35175
3.85489
5.94038
7.32081
-4.58504
5.99782
7.58509
5.54654
-5.51004
-5.82194
-1.24607
5.93937
-3.3399
-0.521892
5.16016
-6.45546
-2.25879
6.85645
-6.73912
-10.6278
-16.2379
-7.11002
-1.00746
4.73881
5.65275
2.19083
-2.57871
-0.17546
2.41267
8.88154
5.14104
2.53084
1.75462
8.92835
0.296953
-3.61669
3.7152
3.20692
-12.1124
-0.0846771
0.19449
2.54262
11.8873
-4.70005
2.08516
-1.94146
5.12707
5.60923
-0.11574
0.253413
-0.890752
5.25719
3.78851
5.09746
-4.52848
-1.76917
-10.8771
-1.1974
-2.89951
7.07596
2.34215
-7.0078
-1.05384
2.82142
2.19757
-6.65158
7.3573
-0.0562339
-3.47042
-5.24577
-8.52889
-4.61472
1.62146
-2.04064
3.67432
4.42118
1.63856
1.27754
1.93459
2.32647
4.72735
2.4238
3.47719
0.481744
-1.07537
5.01714
9.83572
-2.58803
-1.0464
7.07438
3.7947
-7.07942
-6.11136
-0.265047
-1.38225
-3.05982
1.99692
-3.57039
10.6291
5.53514
-1.61243
-0.502866
3.97988
-4.04811
5.34925
-4.41859
-9.49976
7.9317
4.94127
-3.59193
4.21882
1.64497
1.93043
4.95071
5.57203
1.2506
0.864586
9.20381
7.39716
2.72144
-0.091293
-6.04756
0.271037
-9.90872
-2.69913
-0.401421
-9.28695
0.110604
-8.03346
5.40748
-3.51856
3.45277
-1.89718
-0.662643
4.01264
3.05603
-4.88011
1.08905
-2.56398
0.352911
-5.03161
-5.65418
6.01641
9.3742
-2.68739
-0.594525
-8.47213
6.48473
0.791383
-5.21625
-5.04907
-3.71034
-6.74104
3.07976
-2.41506
-2.65283
2.77351
-4.09718
-2.47431
-5.01432
12.705
0.105756
-0.0260377
-5.84099
-2.23601
-6.67331
-3.16414
2.60407
0.236534
-0.856062
-3.26156
5.22234
-1.82933
1.29039
0.320311
3.51193
-3.86669
-0.488301
12.3531
-0.52054
-7.79822
-1.76472
-1.03565
-3.01928
6.5127
9.95384
4.02133
5.86392
-11.9026
-2.79441
0.353826
2.7308
-5.51167
2.61353
-0.619703
3.37576
11.3884
5.9692
-5.89812
-2.56573
6.9674
6.07496
-3.34078
-5.71673
0.366824
-7.63194
2.89192
-8.03675
8.85517
2.38637
-6.40063
-3.83058
3.77127
0.0253692
2.19537
3.13532
10.6213
-8.46324
-6.33617
-5.26337
-7.49236
2.42317
-1.96567
-2.12239
-2.50358
-1.36855
-1.07288
-7.91597
-8.3332
-1.00041
-4.44197
-0.20424
-0.952581
11.7663
2.49118
6.92247
-0.629994
-2.7893
2.02633
7.2123
5.91277
-23.8112
14.5481
1.25745
-1.51414
-0.731541
6.13228
-0.272892
-3.91245
2.65862
-4.57343
3.2653
-5.48304
-8.52618
4.76232
10.7102
4.8494
6.36872
12.5231
-3.60911
-3.41583
6.51422
-0.940308
0.257455
-1.97957
2.58615
2.63079
5.31093
2.47199
5.03757
3.19481
-0.777389
2.09774
-3.81634
7.68111
6.60473
4.37853
4.7314
-2.76603
-1.06471
-3.87555
-6.81513
-2.31372
2.91292
-2.4695
-1.37459
4.30572
-5.14252
3.76835
-1.43493
3.10877
-4.14209
4.94658
-7.02802
7.09159
-2.11974
-1.88732
-2.78917
-4.76329
-4.3129
1.62599
3.47997
13.6539
12.179
-0.764323
2.26016
-5.37808
-3.58209
5.96452
-0.408887
-8.24995
-5.57696
3.31949
2.71051
-6.54916
-3.54627
-7.4452
-6.37193
-5.96344
-1.93557
-0.20732
-0.26696
2.01829
-3.72718
-1.3804
-6.63192
1.77653
2.94276
-1.56725
0.961591
0.9278
-3.45103
-3.60422
1.18783
-3.46506
3.0319
-2.53044
-3.05998
-2.92997
7.60197
5.33915
2.03225
-1.25557
-2.6981
-0.811121
-4.95453
1.07609
-1.60954
-1.58235
2.78464
3.73426
-6.17318
4.23674
0.976812
-4.85111
5.72679
5.54779
-7.12128
-5.24614
-2.57238
2.45264
1.30853
-12.5925
4.06932
-4.45862
-1.08934
1.08206
4.84099
0.0781892
-2.0512
2.4185
-5.88662
5.52824
-3.84246
-2.87648
-2.56019
-1.77009
9.25854
1.15887
2.75832
0.863906
-1.64809
-1.96541
0.143494
-15.1018
8.35135
3.61332
-2.92718
2.67941
7.60294
1.47379
1.21404
7.32701
-4.82005
2.39213
-6.56859
1.70304
-2.09425
4.2337
2.242
2.09819
3.57486
-4.76604
1.92855
-5.04224
-2.13219
1.87717
-6.73359
2.44007
4.95886
0.188312
7.74028
1.98673
3.65895
1.68804
8.9486
-9.53037
-2.85664
-5.72256
-0.573464
3.97121
-6.65632
9.27406
1.0978
2.69897
1.28971
5.27331
1.36413
1.55472
5.01357
3.85293
3.9736
-1.816
-2.19071
-1.13644
8.74669
2.43476
5.02101
5.71579
-1.2862
-0.658261
3.50921
-3.47628
-3.09917
-1.48272
0.875943
4.2729
-0.561917
-6.25645
1.96833
-3.52265
6.22308
0.55006
-6.68785
-1.94118
1.1175
-3.02478
-2.65744
-1.3262
11.7908
4.91774
11.0166
6.03128
0.849686
-1.00815
-7.41788
-0.943175
-4.30118
1.76049
-4.76377
-8.12549
3.02761
0.81766
-1.91158
2.33509
6.62881
-2.5953
4.14413
-6.42703
-7.63661
4.0163
-8.14272
-4.92254
-5.64838
2.57586
6.29821
4.95053
1.03568
1.22892
-3.75319
-3.45924
7.61825
-11.9894
-3.96543
-1.64752
-5.03953
0.0104917
-7.42234
4.06572
0.398696
15.5152
4.27628
-9.67518
6.71823
1.96251
-6.77042
-0.38375
1.23349
6.03946
-4.82695
-2.82931
5.41799
4.42765
0.652125
7.81469
4.18818
7.73588
4.68959
-5.56069
4.63608
10.563
2.25128
-5.44488
1.10216
-1.40264
2.34689
-7.62587
-5.33192
4.86365
1.73506
-1.37354
-0.653674
-4.33403
3.85876
-2.82385
-5.43384
-6.46008
-11.5044
0.989698
3.06746
0.355341
2.36081
3.7676
6.21747
2.65694
4.2484
-2.03618
10.3302
-1.88478
4.00402
-14.3267
4.53525
-0.0652939
5.65425
-4.99468
-8.31683
1.02296
-0.587302
-5.58946
-10.1726
-8.79735
-10.3841
1.75917
-1.19654
-3.48803
3.85416
-2.95628
2.40521
5.52588
4.38665
0.0904453
0.564214
-11.6366
0.535798
7.22585
-0.215385
0.62733
4.49402
-4.48685
-1.20392
3.32023
-3.27046
0.021158
-7.22125
2.93719
7.21197
-2.29908
-6.07303
-2.15866
1.99146
-0.979406
-7.51387
0.481286
-3.19288
0.0780011
1.97571
3.56014
-1.43031
-6.63192
7.10361
-0.7603
8.75191
-1.2004
8.84229
-5.00689
-7.39793
0.44899
-3.73262
-8.42309
0.361134
2.67384
-0.626047
1.19055
-0.658437
7.76117
2.84554
3.61444
10.7885
-0.99869
-0.422044
-3.00773
1.08426
1.53205
4.52911
2.69564
1.61451
4.7959
-8.83072
3.05797
5.81349
-4.42034
-2.65479
-0.837162
-6.41011
3.61804
0.554118
-0.97945
-1.56776
2.91487
6.56427
1.19406
0.653946
-0.500279
7.18019
-8.41472
-7.66715
5.87443
-3.03918
2.78952
4.301
-2.14588
-3.42123
-3.20982
3.87929
1.37451
0.0100205
2.32923
3.02352
1.64646
-3.30182
3.62047
-3.00165
-6.79481
0.514563
2.83801
9.34224
1.58091
-4.60797
4.69896
-7.47105
8.9247
5.21136
3.9385
4.88504
-1.23449
0.614013
1.92983
7.91959
-5.3728
-5.30338
2.40551
7.14092
-2.99154
-5.17294
0.337784
-4.41653
1.14843
-2.93506
2.14166
-0.362444
-2.53634
-3.19634
0.963569
-4.99794
-2.50039
4.70113
-2.33559
-5.89513
-2.00593
5.67085
3.87514
1.31964
-0.0775964
-1.94627
6.26863
-3.78429
-5.75935
0.33922
-7.72895
0.59422
-0.261364
-0.85597
0.249108
-4.09187
2.20433
-8.18229
-6.10908
3.81697
-2.15905
2.82372
-4.76395
4.44277
-6.59483
7.32659
6.80134
4.21327
0.399523
-9.77604
-5.25119
-5.81271
4.89054
-3.96413
1.86085
-3.79923
0.580965
-10.4718
6.04153
1.34762
2.78454
0.769727
1.14461
8.57314
-3.57212
10.1938
-4.71355
-0.602196
-0.461651
-1.50008
8.6138
0.996168
-6.43911
1.52026
5.15399
0.810869
-1.79551
-3.90107
11.0166
-2.24508
-2.25393
4.72525
-4.69849
0.528355
5.65848
-9.21561
6.496
8.59524
14.5737
-0.200217
-4.95556
8.13197
-3.46041
3.56251
4.138
-13.6143
-3.52915
3.08158
-4.60751
0.395837
2.05294
-1.99801
1.94644
11.3327
-3.90711
-2.55273
-1.7157
1.06501
6.40493
8.76195
-1.52663
2.41451
3.2377
10.8469
-6.37948
-14.195
-1.02022
0.989055
4.67869
-0.138943
-1.84269
-0.441806
-0.777497
1.39335
9.17831
0.47543
1.89798
8.10974
-0.597597
-6.00859
5.11572
-3.33083
6.04896
-3.85554
-7.39399
-0.678893
-1.523
-1.50566
0.481713
-5.86718
3.1153
-4.46015
-0.363472
6.47316
-1.77491
3.88122
3.39143
-8.20766
-2.52982
2.3336
1.17576
0.573875
-1.9052
-1.67399
4.12157
-1.24787
2.99542
-1.57996
0.347735
-6.44917
-8.27137
6.29481
-5.6039
1.90807
-1.2177
-6.13012
-3.62088
1.65088
-6.78526
3.99195
4.59664
0.02637
10.0504
-5.50131
1.12684
-2.93972
-3.03207
-3.30722
5.1211
-1.01697
5.42395
-3.44065
-6.88023
-11.8857
4.47918
3.03797
5.37406
-4.96131
-2.0507
-5.2203
1.26829
-7.32401
2.08509
-3.98228
10.3246
-3.70766
4.02688
-2.46031
5.35567
-5.70104
2.6233
0.0134279
-2.38262
-1.90297
1.30499
0.0166301
-4.03967
-9.33539
-5.6874
3.41005
-1.53859
4.12724
0.0600094
-0.970183
-3.97606
5.95912
1.61408
-8.23308
-6.02385
7.79536
0.524732
6.01246
-8.51775
0.828832
-3.15496
-0.1063
1.65811
-3.13369
3.16609
2.17161
-13.7551
-1.41857
-12.0325
9.659
-4.94775
-8.90452
-5.60495
-1.17764
4.47704
-0.621018
-0.581811
-0.633167
5.77476
-1.95459
3.17258
-4.24536
-3.88186
-2.0531
-0.808007
-1.11949
0.96073
4.55839
2.00742
4.9233
3.37848
1.2365
-3.82609
3.10476
-1.34694
2.62473
10.135
-2.7229
4.12881
-8.67409
7.85105
-4.60077
11.8884
-9.51948
-1.34072
6.27868
1.42181
-3.81908
1.92155
0.100588
-0.889832
0.125467
0.743162
6.30521
0.664079
1.88148
-6.45827
-4.67289
1.64177
9.60466
3.56285
-2.78173
-2.0097
3.58643
-8.40556
-10.259
2.1813
6.96377
-1.90628
2.62663
-4.05624
-3.45345
-10.2054
7.12609
-6.5035
-0.901633
-2.48047
-2.75346
3.82771
-0.33946
-9.30973
1.75682
-7.36988
-4.71115
-0.930384
-0.209539
1.66762
5.18518
-2.86743
14.3108
-3.56765
3.5083
2.97982
-3.07845
7.53488
-1.55126
-3.36258
-4.71876
0.418399
0.989957
0.187989
7.2914
0.0553428
-4.0685
4.1667
1.97844
1.45142
-0.128076
2.85947
-0.503326
0.0471038
2.39389
2.15072
2.02527
-4.94756
0.513677
0.632615
-1.70274
5.25472
-0.920447
4.06231
3.52951
4.30346
9.42077
-1.83843
3.50681
-3.3344
5.54222
-1.3375
3.26709
-0.418025
-0.969944
-2.07463
4.91132
2.82605
1.32291
2.87487
-1.39601
0.966956
-7.73657
10.4311
6.89995
5.20873
11.1479
1.34254
1.5196
-1.75479
-6.01832
-5.17435
-11.1602
-5.20446
0.113009
0.941312
-3.6169
5.09514
-6.20436
-5.53741
0.827117
-7.23468
-0.977368
3.55723
-5.65559
7.78949
-9.23434
1.91347
-5.63492
5.12009
-3.4885
4.01471
-4.43624
-1.10081
5.41959
-2.89401
2.82522
1.8541
2.3116
-0.91931
8.3003
1.71875
-3.51636
-7.22483
-0.390154
7.99438
-0.534198
1.87094
3.37472
2.54018
-3.11989
10.029
-2.16705
-2.53189
-2.51726
-2.98736
8.77768
-6.05771
1.61356
-5.1105
7.1119
3.55459
-0.678216
-3.80594
2.40422
10.1421
12.2013
2.69868
1.6991
5.79969
-4.39076
2.99313
6.71677
-4.41697
8.39239
-1.54192
-4.1784
-7.3136
-2.35286
3.71947
-3.3216
4.32208
4.92573
9.94322
3.95938
-16.9054
1.42474
4.28022
-4.62229
-12.4771
3.5885
-1.44933
4.33614
-8.65101
4.22891
-10.2388
5.10216
-7.55417
-1.20303
-8.05152
10.3802
0.189253
6.93139
1.81283
-5.08187
-0.438146
4.38527
-1.26309
9.83136
0.716278
-2.6765
-2.27974
0.961261
-1.35398
-2.25906
-0.278039
2.14047
11.5255
4.45075
-0.463677
5.95648
-5.59844
5.29456
4.37058
-4.05353
3.4531
2.69371
1.96549
5.25721
-1.83895
-3.28712
-0.659732
1.31147
-5.00534
-2.16087
6.99322
-0.909894
15.2036
3.57689
-1.03302
-2.77001
1.93166
3.52331
9.1105
0.0131321
-4.31572
-9.67841
-12.4486
2.79712
-4.97756
-7.45566
4.51775
4.93684
9.13221
-2.74428
-1.83107
0.748086
0.883796
-3.87318
-3.05079
-4.6692
1.66298
-6.42853
1.70267
5.56367
-2.65903
1.1695
3.2147
4.10239
-4.89093
-7.14845
-0.222701
-0.366773
-9.85146
-11.6019
12.1789
10.2648
-5.35063
-0.70954
-0.784477
-4.86413
-0.015391
5.7731
8.04233
2.83397
-3.72452
0.944007
2.15819
-5.99495
-4.02467
0.0882523
-5.75333
2.63794
-3.41703
5.11375
-6.62961
2.22123
-10.8312
-3.35796
0.0969981
-2.66505
4.4855
4.47804
8.89842
-11.6079
-1.00492
0.302213
-1.36567
-1.37352
0.463778
4.56132
4.21133
1.23585
0.235406
0.907469
7.24944
-9.87522
0.928601
-0.560909
-2.23478
1.82374
3.94793
-9.92911
-6.26208
-4.0967
-7.58659
3.50335
4.02137
-8.45266
-0.494968
-3.32868
0.0443599
-2.24449
2.37017
6.7769
1.14542
-0.92089
-1.18777
-12.3209
-5.2841
-1.6892
-4.43472
-1.69906
-6.79224
-2.31247
1.87229
0.835141
0.612215
-2.04658
3.21712
1.04196
-3.51127
10.0788
4.14895
6.31945
-8.22241
0.609131
-0.164956
1.84914
2.89893
4.55363
0.685723
-3.99954
-0.0662543
1.30705
2.01241
-7.16031
-4.50275
-0.749837
-5.37511
14.0854
-5.45565
-4.61635
7.53098
-4.88453
7.04744
-4.89423
8.11257
-2.59163
-1.68435
-9.57065
-3.99233
2.80871
2.76211
-5.41317
-0.0737839
9.3212
-10.6182
-5.22969
4.74977
-2.66924
0.464019
1.27713
1.58714
3.27858
6.80448
3.21791
4.17856
-2.66309
8.54614
-1.87729
-15.0905
-13.8596
3.05049
-3.92909
-3.07718
2.86577
4.99043
-1.09506
-2.92862
-6.97637
6.51226
5.1411
-7.68087
-2.29148
-7.11193
-5.60141
-2.82304
2.87759
1.27151
-5.71893
-10.6115
-1.33091
-0.02822
-5.35929
4.01859
-1.15275
-3.31887
-2.73052
0.542177
-1.54457
-0.985223
-5.45644
-5.30628
-0.756502
-4.25669
-0.293745
-0.597791
7.94572
6.44257
0.339086
7.13671
4.15123
10.5583
-7.45752
-3.2829
10.6662
5.68853
-3.30613
-2.93061
-0.755049
2.23302
1.18369
-0.290355
-4.88482
-7.2716
5.40343
0.646141
12.0675
-5.5109
-0.647931
2.07792
3.6978
8.35914
-13.5745
6.52132
-2.99799
5.66641
5.27035
4.57788
2.4442
12.0558
3.43849
3.35515
-5.10928
0.69233
0.42642
0.210127
-3.27066
5.68907
-6.19088
3.51102
-4.23504
-2.25699
-6.56454
1.67675
9.44508
0.19242
-0.253765
-6.44531
3.29614
1.18469
5.38644
-0.0944655
0.400679
-0.665015
-14.9325
1.05277
-0.868498
5.38558
2.46264
-1.00872
0.876526
3.99597
-7.62681
-2.23137
1.33494
6.10095
-5.5683
-7.77824
1.66642
-1.25695
-3.64718
1.13787
1.48284
-2.1342
-6.00497
-5.08313
-1.65793
0.092869
3.93203
5.93985
-0.791289
-1.99419
-5.87799
-3.77336
2.39494
1.17432
1.8582
-6.44732
4.58895
-2.36074
-6.18052
9.57746
-9.69967
6.598
-2.97434
-0.228643
8.53528
-1.11895
4.91612
4.42023
2.90687
-4.66428
-7.7795
-1.27128
1.25215
-1.97689
2.53068
2.17196
-5.52529
-0.925509
-4.76356
-9.1437
3.43194
-5.47578
-5.35507
1.93358
0.962752
-1.65948
3.31573
-1.80501
-2.37573
-2.69198
-0.911162
-2.29264
10.2263
2.89737
-0.17483
-3.17269
-5.59259
0.728396
5.49958
1.82365
0.420722
0.977688
0.393634
-2.22269
1.69683
3.93272
-1.05495
3.57214
-4.13821
12.3662
-3.85487
-0.160167
-3.47437
-5.61686
-2.59981
12.7875
0.0791028
2.79389
-7.86057
-6.0094
-0.740669
0.634061
7.18631
-3.72033
4.07545
-4.29624
-4.45053
-3.79577
-9.94766
3.15337
-2.36436
-5.49672
0.0250881
0.705369
8.68451
-1.72872
-6.04398
-4.90772
-8.75552
1.75674
-2.34565
0.255738
-3.37435
3.0309
-6.13373
-3.80621
10.4114
-2.76305
1.39439
13.0197
3.83529
6.1042
1.70276
-4.71069
1.30263
6.51438
3.4011
-2.21252
-5.00985
4.25612
-4.50837
-2.2309
7.99879
1.29187
0.599974
2.01602
-2.05561
-1.72239
2.40981
0.31194
5.64923
-9.36871
6.48143
-2.77341
-6.31835
0.207156
3.23551
8.08304
-8.26331
4.03911
-0.55085
3.74133
4.4078
-1.70609
-4.50271
0.986393
-5.31454
7.42734
-9.333
0.334832
-5.22144
-1.87932
-1.50135
2.51433
1.229
3.80208
-5.42517
12.4169
10.9759
0.398901
-9.01613
3.00303
6.65604
6.3529
-0.0631996
7.40107
-1.55881
-4.18864
3.02056
-7.54382
-0.964223
0.726689
-3.13287
-0.340854
-0.463254
-1.50229
-2.57648
9.64024
8.53814
-5.24049
-0.794544
7.68912
-3.42142
-7.08526
-5.95343
2.91747
3.91201
5.47622
2.85388
-5.94505
0.325572
-1.50891
3.06539
-0.982373
-3.50606
-6.49989
9.52753
0.325354
0.438429
6.66847
-7.50976
4.09711
2.16219
1.28103
-4.73918
-2.30086
3.17365
-4.7193
0.493321
2.12976
-1.59285
6.21948
-3.15599
7.14035
1.99476
6.51753
-4.69996
4.19688
1.97736
-5.38553
-4.47742
5.63567
1.0817
-4.55482
12.5707
6.59654
0.284599
0.359325
-1.40149
-4.51789
7.51674
-1.38271
-3.12696
-0.53595
2.22921
-8.28694
-8.65058
11.8927
-3.12134
0.17956
1.44915
9.86531
-2.35551
-1.90499
1.81906
-10.6433
-0.0811984
-9.99736
2.30298
-4.76998
-1.63608
6.17191
-0.775863
3.64126
0.378926
-1.8946
-2.67687
-6.77832
-3.1946
5.86402
-1.77007
-3.85413
-1.10738
-3.13709
-3.10088
-0.141372
16.6358
2.73219
-1.30516
6.41158
-3.21775
-2.84198
-4.12567
-0.0334427
-7.25733
-4.88993
-5.42273
-10.454
10.745
-0.709179
3.84512
-1.05549
1.92384
0.856378
-3.88462
-1.86519
0.722313
13.327
6.16307
-1.13056
1.51182
0.238584
-0.965844
5.74558
-2.94241
1.29006
-4.5694
-10.5032
0.770433
6.57806
-2.99948
0.365652
-3.98749
6.46621
-7.06619
-5.13709
15.0842
-1.38507
-9.48407
11.0796
0.178257
-7.85695
3.90887
-1.85101
-1.67943
-2.53006
1.97096
-1.66378
6.12457
-7.36226
4.63679
-0.181696
3.78963
5.47374
1.00363
6.04531
-4.09382
-1.88146
-0.0445735
-0.213337
-0.247649
2.06845
2.97191
8.09564
4.50008
9.81933
-2.22672
5.80044
-5.25912
-0.353817
2.2985
5.51833
-1.77534
2.48296
-2.05249
-1.67329
-1.93876
4.44855
0.613872
1.65034
-3.69579
7.92897
-1.0981
4.57189
1.71346
-0.702498
-1.5366
-1.51802
-10.4634
-5.92254
-3.4298
-5.03554
-2.49948
0.0393166
-1.75405
5.37333
-0.611901
0.697015
-6.76984
-1.69997
4.21871
5.00149
-3.266
4.43461
0.948894
-12.9573
1.84806
0.70545
-1.71577
0.969606
-8.15489
5.2901
6.34614
2.15089
3.58595
-0.233849
-9.81309
-0.508379
1.8564
5.51107
-1.22911
-0.386935
1.17898
-5.21821
3.64302
4.36527
-2.37372
-4.84094
-6.61238
7.14733
-0.336223
4.3504
2.114
1.13494
-3.17427
0.208076
0.908183
0.62636
-5.30832
3.78797
-4.32209
-9.96617
2.4465
0.439023
13.4917
-6.87895
13.0768
-3.9774
2.77817
3.61441
-1.29368
5.9116
4.01954
3.99566
-9.34112
-9.26218
0.0984832
8.75741
4.74698
-0.445323
-1.92105
-2.30911
-7.85204
5.08044
-4.67105
-0.757736
2.74594
6.67155
5.58594
-5.66364
3.98429
4.38847
-0.509793
5.69527
0.164783
6.1708
-2.59509
-0.0657412
-5.72688
-5.50245
-1.89422
-2.52995
0.0826815
-9.68716
2.26343
-3.4944
-4.39635
4.06896
-0.829305
6.25693
5.76696
0.722085
4.78897
1.78523
0.115016
-7.55479
-6.1129
2.79291
5.04524
-6.91081
-1.56277
-1.61356
1.27616
2.59016
3.8935
20.1327
-2.00657
17.5159
1.10871
2.89929
-7.72466
0.586771
6.73435
12.2097
-1.38396
-4.45326
0.817184
8.11837
0.674146
-1.93053
3.52813
-2.55983
-7.35386
-4.65196
-4.83038
-3.19333
-4.09745
8.16935
1.04014
-5.74377
4.6096
5.97866
0.468888
2.37729
-5.90748
3.62647
-5.34278
9.27645
3.97887
-3.02822
6.80717
1.36581
0.508992
4.30597
-0.920842
-3.18302
1.6203
-8.25586
-2.2924
-2.67176
-1.77743
-0.321597
10.2974
-0.212041
4.5492
3.00863
-3.56324
-3.11134
-4.86084
-0.570263
12.2762
-0.914346
-1.22825
2.88456
4.90336
6.85568
0.110099
3.0137
0.600675
-2.6813
-4.66857
-4.41504
5.03682
-5.16636
4.48051
-4.26391
3.69202
4.0841
-9.66818
-8.01447
6.22094
-3.867
3.61127
0.812477
-7.65389
1.80556
2.92132
-1.86805
1.11512
1.0133
1.31872
-6.62405
-1.90796
3.95302
-4.30887
5.04942
3.50146
-2.70309
10.1005
2.37325
-7.54695
-3.79746
-8.83934
2.36848
0.380601
5.25912
-1.90727
-3.72218
5.35161
-2.00879
-5.41844
-5.55646
3.03386
5.3452
-1.12021
-4.06315
-5.42833
1.04839
2.30244
-13.286
2.2464
2.24305
-0.132433
-2.56242
6.1425
2.33591
-0.559134
5.50431
-4.00456
-3.21888
-8.94024
2.87057
4.61076
-1.68789
-1.28484
1.4622
8.27148
8.28024
-3.72522
-0.482866
1.59328
1.0401
-6.60469
2.38556
9.88716
-1.31916
-4.65592
3.72357
5.89432
-3.96183
-2.08188
1.55039
4.95317
1.5383
-4.09606
1.71244
-2.42747
-2.63545
-6.20542
0.128012
-3.26086
5.74364
-1.66266
5.58963
1.96681
8.11498
14.6263
3.90047
-8.96291
-1.44863
-0.356631
-2.75292
0.291919
-5.77767
6.7501
2.97647
1.97897
3.93709
0.489684
6.77909
0.846224
3.26312
-5.74877
-0.72501
-4.48553
1.39671
0.779436
-2.61272
-9.8668
-8.20789
-4.10107
-6.3809
1.25093
-0.91513
-2.12905
-7.17338
7.3287
-1.4146
4.02036
2.72214
2.43668
-5.07042
-0.975643
2.0863
4.89627
2.24711
4.26035
5.9793
-10.8194
-0.697012
-4.48008
-6.84968
1.76274
8.34045
-4.2031
1.32962
-3.52695
-1.12912
-5.72999
4.33978
7.67999
-1.53001
0.584857
-1.73738
7.00571
9.36586
1.04394
-1.65995
5.90965
0.769342
-0.0793557
4.58836
1.87764
1.19206
-2.46367
-14.3853
-7.18202
-0.159027
-0.980001
4.4029
4.26573
-6.10014
5.0406
2.23177
1.85422
4.47519
1.18488
0.325991
3.81206
1.39928
4.6376
-7.15997
3.18433
-5.45332
-1.88825
-10.5748
3.42085
3.2821
-2.30727
-2.29073
2.46686
9.20174
-4.2021
3.67692
9.96216
2.69248
1.01843
-0.275535
-2.98573
3.43501
-7.50895
-6.08539
8.8061
-4.22124
-0.270038
3.93635
-8.24593
-2.01811
-5.41969
3.57863
0.505999
3.38498
-10.4657
-3.37182
-7.4992
-5.69998
-0.809941
-6.49677
4.20845
-1.61444
-3.07392
7.67945
-3.00681
3.13156
-5.6028
-1.53483
-1.85204
3.86849
-4.66854
4.45395
-1.56754
-1.94593
0.121811
0.56445
1.65565
-5.58331
1.29371
-1.63065
-5.08078
-3.01948
2.72298
4.97634
-0.117716
-5.39844
-6.79522
-1.2331
-8.69165
-4.01979
-12.5987
4.30558
-0.415997
-1.83072
3.79194
-2.55496
-0.29476
0.650153
3.7873
-3.08301
0.144419
4.67722
-3.6695
0.230484
2.71473
-1.56867
-1.84346
1.72775
2.56634
3.81263
3.87458
-1.36465
7.74612
1.14392
-1.97654
6.11935
-1.91078
5.08853
-2.45585
-1.59279
-9.23819
-2.19513
-1.04894
-3.18664
7.7225
-5.24858
-11.2134
3.33921
5.16258
1.37609
-5.88932
1.92096
-11.5151
3.96036
-2.00995
-7.09876
-2.60803
0.481989
-13.1501
2.60172
3.18726
5.93059
-13.1701
6.44067
-6.65093
2.58364
-4.49233
1.36413
5.37843
-9.07837
3.82859
-4.8701
0.7947
3.23017
-10.133
-4.83084
3.8552
-9.09132
5.89965
-5.07764
3.00349
3.72066
3.75541
3.08725
-1.43285
-2.87236
7.48649
-0.0142696
-0.948849
9.944
-1.83491
9.95551
0.975336
-4.18704
0.994636
5.80395
3.73952
-4.55597
0.164121
-5.54694
5.20532
-6.60843
-2.03817
3.17183
0.771792
1.82559
-7.4963
8.50528
-2.61521
-6.08994
6.89268
-2.91491
4.60077
3.0833
4.90442
0.233413
3.58677
7.58588
-7.95512
-2.43617
-1.59696
12.0182
-0.401916
-0.588758
-7.11488
4.70542
8.25399
-3.05619
6.03994
-5.18907
-5.0217
-9.82879
0.346841
-1.28823
6.05704
6.55535
6.75665
-8.6371
0.758389
-8.76582
-3.73286
2.10577
3.66821
1.75985
-10.2068
-2.31894
0.450232
0.368321
4.6836
-3.56774
4.83912
4.70244
3.48493
-1.07238
0.0853181
3.39707
-1.49696
5.0231
12.8907
-1.21809
-3.94236
-2.46179
-2.77576
-6.31576
2.71971
-5.09529
-0.804219
-2.98655
-1.56154
14.5479
-6.62984
-0.970654
0.488761
6.51388
1.00988
3.24815
-1.69786
-3.45276
-2.51479
2.0489
-3.30544
1.46118
0.472945
-2.82768
0.982313
2.38604
-0.249101
10.0149
5.0858
0.671374
-6.78577
0.527209
7.82914
-8.13255
-4.52784
1.13246
-3.27941
-2.83126
-2.55924
-7.27763
7.77233
-8.38052
6.90214
1.51248
-5.085
7.41144
-1.51183
-1.99983
3.15602
3.95683
3.54566
-4.04914
-5.93324
2.02751
-10.3509
4.26136
-5.07268
-2.44107
-1.83937
-3.72782
4.90813
6.9029
-0.90468
-1.67188
-5.12111
-0.266139
-5.24277
-7.00834
-1.02109
-5.12273
-4.22727
-7.01774
-9.39045
-3.9406
14.6067
2.52814
1.63848
4.57966
-9.27099
5.22796
2.47055
-4.83313
-8.55596
-4.10719
1.10346
-4.56734
3.12849
-8.99396
-4.21734
0.147475
6.4992
1.2459
5.87046
4.94813
3.26269
6.8405
-7.71084
2.28493
-2.96932
2.51823
-9.44304
0.133847
0.270846
12.1856
2.12336
-0.0675197
-10.7628
3.09004
14.5545
-6.80609
3.76439
5.82699
-1.68986
-9.47742
2.29592
7.88961
-7.53574
-0.202881
-2.03955
-11.9127
-4.98082
5.73361
1.2577
3.20173
1.28601
2.52627
-7.56621
4.05101
10.7429
-1.98442
-2.3473
0.632914
-1.91805
1.63112
4.80999
2.05165
2.66982
5.50509
6.37013
-3.23889
-2.45001
-1.60547
-0.41357
1.52331
8.56251
0.886246
1.55217
-4.21075
7.15658
7.03747
0.858003
0.179761
1.03629
-2.01591
-13.4325
0.0356924
-1.67205
2.14051
6.13333
-0.469924
-4.46524
0.0585301
2.73178
-0.374059
0.885201
1.51235
3.05765
3.33923
6.435
0.545872
6.79125
0.560135
-2.8839
3.48965
3.99043
7.14912
4.54604
13.1369
-5.83939
-11.2155
-5.26531
6.38627
2.84664
-6.57695
3.15241
-7.01259
-9.88427
-4.38122
-2.11085
-8.52125
-3.73166
-1.06466
2.36944
4.06315
1.29655
-2.18819
-5.53807
-0.0619515
-5.46024
1.01607
9.20675
3.61741
4.52876
0.206736
0.235899
-0.813209
-3.59902
2.39707
-4.7769
-6.26114
-3.64771
2.75693
-5.14759
-3.38135
-10.7009
-0.999484
-3.69769
12.7468
-0.563249
0.980502
2.44135
2.41733
6.18392
-0.847835
3.69374
2.58977
-4.45062
2.8183
-7.56173
0.423846
-4.89491
7.45384
1.50023
1.68065
-8.65753
-0.668268
2.307
-3.22347
-1.95925
4.05486
-2.94534
4.92642
4.54153
-3.47652
-4.9646
-0.960512
-0.274173
-0.52958
5.24132
7.73341
-3.29146
-4.31898
-1.3803
4.39531
1.7385
7.11861
0.429164
-0.912628
-4.28662
-14.5762
1.37531
-5.95879
3.49571
-3.47694
0.191586
10.4214
1.47528
4.57194
9.08655
0.217807
-3.34765
2.72799
2.39825
4.77064
-4.25093
-1.94341
-5.06388
0.798089
-0.325633
1.1145
-0.728991
5.7139
1.88989
-7.76362
-0.717929
-3.58915
7.66802
10.4917
-3.67449
0.676715
1.48241
-6.26627
2.23409