-112.965
36.0487
34.705
43.3896
38.3233
39.391
27.5928
21.7283
30.2739
33.3065
37.7981
32.9195
26.2104
29.2093
33.3093
36.3661
29.1261
28.466
31.5342
27.8855
26.8897
33.9963
28.7957
28.9886
25.6081
27.115
30.2098
29.9086
25.6599
28.5513
36.5564
27.7828
27.3118
27.7408
15.3643
31.061
27.7394
26.5818
31.1626
35.3129
25.0909
32.8907
35.7536
22.7175
23.0699
36.5866
21.2715
34.4836
32.4599
23.3256
23.5202
31.2462
23.2927
24.2802
28.3919
26.882
24.3934
30.6518
23.6441
27.2126
15.2401
21.9053
24.6599
22.3802
19.8866
15.4942
31.071
24.2802
29.715
25.2612
18.6252
28.1437
17.0602
25.0774
16.9135
20.4303
28.2989
22.5389
37.2744
29.2293
28.7968
23.0803
14.2174
21.1032
21.5935
7.24954
15.9737
8.02323
13.8428
16.4774
14.5628
19.5352
16.4652
9.89294
13.4912
18.2026
23.9118
27.401
18.269
18.4886
23.9159
20.1674
14.7477
19.3752
27.1113
27.5937
14.6328
12.6371
9.83086
9.21442
14.2459
23.5873
9.17619
10.544
15.0516
16.5913
27.3858
17.1514
17.1289
11.4752
23.7921
13.0413
24.4228
16.6841
9.42874
15.8818
12.6215
18.8296
20.7677
17.9817
11.8279
16.6487
10.4186
10.8457
17.3521
14.3392
10.9552
15.66
10.7064
13.2055
15.4628
27.1137
9.25939
9.27511
21.4202
19.9965
13.9212
11.6947
11.1157
-0.30588
7.0608
11.7851
11.5892
11.0396
12.2332
15.0731
8.038
11.0998
10.5145
11.3065
18.0672
4.14672
15.9137
5.50314
13.9475
12.388
12.1082
14.2056
9.34331
11.3643
15.3675
8.00406
6.65948
3.43949
14.9093
8.27967
5.09776
16.2895
1.32084
15.6785
9.93115
11.6256
20.7898
16.6203
8.14407
6.57948
1.98099
5.17417
8.70192
4.78568
15.3267
7.83676
6.26516
4.87354
11.4102
19.0901
13.0273
6.85636
10.1253
7.40274
6.43953
8.58914
10.9593
8.50107
7.36346
5.71859
0.516075
11.2706
11.3637
-0.774465
4.23874
4.05563
11.5629
14.2584
11.4788
12.7346
4.0461
10.6426
11.544
11.1425
5.66651
8.61086
12.0691
-0.589898
15.4229
-0.544728
0.468686
5.75225
-2.86847
6.20948
-5.90644
8.49568
5.5912
8.37624
6.12864
7.38661
3.29899
5.89354
9.58213
7.16474
8.71492
2.97706
6.2207
12.4425
-7.42002
-0.0253523
-2.02908
11.6625
3.02047
4.33877
2.76569
19.661
-3.81285
7.95104
3.84587
10.8174
14.4229
-0.532515
1.38662
11.6285
4.98769
-0.486225
11.1989
3.57993
3.60608
3.88177
4.39727
7.05952
6.25578
2.56244
2.49022
12.2902
-0.544433
7.24337
5.05243
11.2737
3.73401
4.42348
0.861547
7.85502
1.56619
7.64733
7.65512
0.141106
14.6926
6.37862
9.98617
7.4103
4.91955
10.4143
12.7811
6.26781
3.68618
4.78046
1.19397
8.37675
1.83202
8.48622
0.905068
-1.08045
-0.650074
4.35993
8.31373
3.35516
-3.63854
7.44941
3.93321
5.19643
9.70456
10.9049
0.973951
-3.42975
0.821312
9.1037
4.2973
4.7811
-0.519785
9.51082
17.9671
4.38082
6.94079
1.84976
-10.0588
8.53272
-1.2021
-1.70324
-3.25671
6.18366
-1.37735
6.23757
3.5555
-4.03371
0.206125
2.06878
5.11134
5.26882
-1.00756
5.56399
2.6372
3.76706
3.83001
10.6005
-4.76974
3.28814
2.81797
-8.3714
-1.96238
4.22171
-2.31176
3.51345
4.08312
0.148648
14.6708
6.4229
-1.22596
-2.78425
-3.41771
8.34778
14.3235
2.18637
8.33433
5.57518
9.68847
9.78344
1.41816
6.03608
2.63527
1.13044
9.27886
2.38285
3.97645
-0.506518
8.78877
1.58137
3.55922
5.56217
-5.09559
7.7669
-1.63517
1.8739
6.63841
-2.09136
0.0739072
-2.33073
2.59864
3.464
3.28181
10.4986
3.44126
1.99103
5.80963
4.92263
10.8499
-9.64157
7.72458
0.512643
13.1229
-0.815524
6.00984
-9.25067
-10.0021
3.63025
-2.38575
5.95311
2.71772
1.61299
-6.59867
-6.8382
0.939064
0.621604
3.77803
2.59734
0.240362
2.50907
7.65109
6.1154
9.02548
-1.89619
9.45551
1.17441
1.16372
-3.38389
1.39283
5.7921
0.751938
0.0724042
3.56958
-0.810887
3.73026
1.5015
4.96851
4.21409
7.00359
3.74556
2.15955
0.650973
7.29431
2.68932
-3.79092
0.526081
-0.0458862
-1.7829
-3.29339
0.0914978
1.85342
5.52043
6.62268
-7.97261
-1.40878
-1.45643
2.62287
5.8125
-2.19411
10.9906
7.30486
9.96273
-3.60956
3.06609
0.422068
-3.34545
9.09558
-3.01966
13.6904
-5.04296
4.6106
-4.06935
-8.24795
-2.55151
-1.65258
-4.79517
13.5069
-2.92129
6.4337
2.85853
6.81643
4.6939
-1.83709
-7.30998
-4.22025
4.99839
-5.11017
4.18085
-0.458715
1.57079
5.84739
0.736403
-1.90872
-1.41228
1.85639
-1.439
-2.95907
-2.80496
-3.93233
6.96214
-4.72939
3.87975
2.6547
7.48594
1.59197
5.63821
2.79204
0.777333
1.50029
-1.10375
4.77776
-5.70878
1.05225
13.9956
1.83552
-4.30456
4.70643
-1.13311
0.121305
2.53717
4.10235
-3.93815
2.50942
-3.78101
0.271197
-1.34443
-5.3545
-3.0097
4.27717
4.61767
-3.76771
-4.21594
0.170709
-2.12853
4.58832
5.81814
2.31392
-5.5368
10.6466
3.39482
6.37785
-5.77781
-4.37681
3.14409
1.27177
5.9171
9.89576
-4.68675
7.81415
2.54991
1.24824
-4.10184
8.7742
10.1099
9.77193
-0.102976
2.3423
-4.92338
-3.27378
-0.563305
11.5418
-2.42922
-4.58403
-1.12671
-2.55629
-2.60353
1.25027
3.68871
8.18321
-5.50267
5.23288
1.24412
6.08952
-4.50514
1.0652
0.675924
-5.20883
-0.130225
2.99871
-1.93461
4.2398
2.18945
0.190309
-1.36345
0.239928
1.79513
-4.33197
-2.80901
0.752039
-1.23758
-3.0363
2.66172
11.5059
-3.29151
1.79564
13.2554
2.60394
-0.00948375
-4.19035
-4.36752
-4.15987
-5.34649
-0.849044
-3.39699
-1.88745
5.27337
-6.25553
-1.17117
-5.11908
-3.64751
5.22192
3.69601
7.42113
-2.5273
-6.59353
-10.7488
-10.7558
-2.17364
3.87162
-2.04069
4.50855
-0.472159
5.47194
-3.62749
1.86403
3.93186
8.29396
-0.712959
0.695172
1.72865
0.844454
0.732004
0.333412
-8.98047
-8.03591
6.16475
2.74064
6.33445
0.662831
-7.73772
-4.38907
7.94743
6.93068
-0.139113
6.27312
-8.72298
-0.175689
-9.47391
1.69434
-0.575752
3.99287
2.73464
4.10777
0.752753
-2.5854
2.01696
0.383809
4.17176
1.28101
-5.64808
4.32818
2.9908
4.34264
-2.1708
8.71584
-0.34005
-5.83988
-2.15117
-11.4413
-13.1434
9.86617
-0.379112
5.03327
-4.08019
-4.86078
0.69837
-1.14304
1.57825
7.83895
-6.0356
-6.61641
9.671
-0.788203
-0.16431
-6.26192
2.73893
0.630898
-4.9863
4.80325
-2.23007
-1.09354
-2.97543
5.98027
-9.00173
-2.51657
3.72777
-8.02167
1.19838
2.95158
8.30968
-5.9355
-0.485001
-1.69908
-4.05157
3.50222
0.804866
-2.60947
4.97241
5.18413
-5.20649
4.79583
0.739803
-9.36228
-5.0151
4.99742
-1.91533
-2.68733
-1.89835
4.15675
-7.96507
1.98967
-6.74517
-4.87604
9.69945
-3.90308
-0.305918
-6.34739
-2.42989
4.37951
0.263692
-5.8263
-2.82729
-3.69415
8.92967
13.9928
-7.2403
1.34208
7.53634
-4.10099
4.87649
1.59995
2.93857
-10.8933
2.97095
-2.28895
4.10972
9.52031
2.72156
-7.96031
-1.82259
-2.38686
-0.835053
-4.62771
1.2471
-1.24985
-3.49167
6.84432
6.91109
0.0744142
-1.19449
7.09753
-3.80004
-3.05479
-0.235252
-3.6658
4.6548
2.55334
0.624524
11.7712
-3.90871
-1.34132
1.67016
-6.58163
-0.920341
2.42489
-1.99983
0.0878848
-1.98297
3.29015
4.76253
4.20494
7.63086
1.27546
1.10904
-2.73067
6.9413
-1.64619
5.81063
-2.90292
4.75672
3.32105
-2.98622
1.3368
-0.36142
-0.678359
-5.70415
3.26836
-5.51845
5.27717
-5.16686
6.5429
-2.70648
1.52882
-9.36763
4.73328
6.40737
0.972052
1.42374
-0.00162504
1.17079
-7.74235
-2.30628
2.74981
7.16292
1.8457
-6.78837
-1.84265
4.26795
5.94962
-1.44707
9.46455
1.72816
3.45167
-0.0816878
-1.19722
1.26945
6.18864
-0.138884
3.62913
6.845
-10.2254
3.11568
-1.09791
4.03403
8.32087
-0.315454
-2.62135
0.152623
2.84181
-7.7155
0.0163383
4.01219
1.02627
-5.68442
0.995118
4.15042
-3.46278
5.39005
-3.05132
0.260715
-3.73259
-0.170494
-0.915808
-2.51049
0.833974
-5.3777
-8.39704
7.58928
2.45103
-1.39395
3.61856
3.5419
-5.09713
2.16246
-6.46393
-1.37636
-0.426255
-4.36756
6.16725
-0.928482
-5.61249
-3.75319
2.90527
-10.8546
-4.73784
5.44746
5.20681
-0.581635
-2.45032
-1.69071
-8.5798
-0.302485
4.25095
0.896227
2.58106
-0.750007
3.06859
-0.596886
-2.88235
5.73541
-1.75677
-10.6886
-3.61548
1.04646
-2.39801
4.74573
-1.1459
1.5392
3.73547
8.08253
5.28875
-0.16283
3.59935
2.91826
1.11811
-0.470648
-2.28199
-0.291178
-8.81299
-8.18575
-8.11145
-4.53167
-0.0190468
1.9241
-6.02784
-3.09656
-1.52323
-4.86338
3.17777
2.03571
10.1608
5.27419
-1.89735
-3.09346
4.28847
-8.36052
-3.35494
-2.86152
3.48989
4.66878
-1.43288
-0.552633
7.92904
2.0682
-2.0871
-7.74825
1.49409
8.0686
-0.522898
1.41223
3.13632
1.28257
-4.65572
8.75243
2.55768
-5.52127
-7.74594
3.98879
8.05071
6.01605
1.22867
7.84957
-0.73989
7.5742
2.52412
-7.38463
-1.65504
-5.88041
-3.85219
1.3739
5.98204
4.58675
0.190287
-3.94616
2.92683
6.09693
3.87442
-3.70634
-6.28032
-2.94628
-11.8741
2.28025
6.58807
2.94734
-4.10164
-3.28668
-0.557093
-1.41174
-2.11089
2.38218
-6.96829
-0.421757
-3.18137
-10.7935
3.12601
4.76569
-1.07361
8.37329
1.28012
1.11046
-2.06482
1.9435
5.64247
-2.4918
-4.98086
-6.61542
8.44762
0.963349
-1.63475
-0.224029
2.6674
5.41534
3.18061
-3.4353
6.77611
1.18037
-3.04535
-4.74905
-3.72706
0.686675
0.877574
-3.88797
-1.59358
7.19107
-1.86828
-1.01465
0.943514
0.390926
2.63571
-3.05023
8.71203
8.36923
-1.85502
2.08852
2.70634
4.46138
-1.28154
-8.147
3.84124
-4.98907
-4.13573
-0.766777
2.86943
4.2068
0.0696746
-1.2557
-2.03491
-6.03604
-6.45047
10.2198
3.46483
-3.49015
2.94386
-2.92351
-0.408677
-11.2877
-4.16717
0.709153
-3.91732
-0.48999
5.80042
-4.01163
-5.74477
-4.04159
1.19576
-2.07485
-2.82598
-2.14921
7.40604
4.48687
-0.0947548
-1.5379
-3.01608
0.442561
-0.693763
8.15589
-6.47525
-1.40764
-2.14372
9.4746
8.30922
-2.86867
4.4286
7.12034
-0.309491
-1.88985
1.01764
3.81274
3.56841
3.24657
-0.497933
-4.71855
-0.560827
-0.0331258
-0.958343
3.6375
2.35454
-7.71457
4.76286
4.82433
0.436141
-6.98765
-0.791057
8.27586
-6.1212
3.45002
2.72759
2.94455
13.499
-1.30649
1.2432
3.77575
-1.79632
6.66599
-4.15731
2.8155
7.98177
8.08565
-1.1731
0.200652
-0.809107
7.66397
1.41954
1.24345
8.95364
4.05976
-4.40344
7.04095
9.52258
6.38345
5.16347
-0.669321
-7.56538
1.08206
-1.76529
1.4535
6.69222
1.99134
3.04748
-1.8258
-4.63743
-0.354652
3.68974
-5.5679
5.21867
0.772127
0.524886
2.04899
-4.14186
6.50223
-2.40658
-5.36211
-2.07051
0.492109
5.44444
-2.76837
-9.77053
-2.20347
-3.75489
-5.09724
-5.25962
-2.24375
3.49352
-4.23853
0.98945
6.95485
2.66319
-0.738994
2.54134
3.9769
-3.1087
1.22136
5.43411
5.57418
-3.80421
6.49821
1.35488
-7.35385
-2.44825
8.05584
5.03056
8.15636
2.57596
-3.20582
3.92231
0.130854
-5.32872
-3.99908
-4.07534
1.49905
-5.43474
-4.68999
9.89165
-6.13749
1.09013
0.780538
2.87293
4.56258
0.5554
-1.28612
3.84217
8.597
-4.39616
-1.02504
-1.47353
3.0407
-2.81459
-2.69044
0.817167
-3.518
-5.12261
-0.921628
-2.07227
2.85879
7.40398
-4.89322
9.73621
11.1307
-6.547
1.31841
3.23252
-7.57981
2.30293
1.30781
3.80203
0.0969624
-9.13469
-4.73172
-2.66581
8.41516
-3.59286
6.16989
6.05488
0.346345
3.33608
2.26124
1.61723
2.14343
-4.79103
-4.40519
2.88019
-1.6937
-1.7999
-3.31347
-1.39149
2.3366
2.92287
-2.93728
-0.737347
-0.0148893
0.79516
-4.97188
-3.21993
-1.70272
-9.94976
0.925988
-3.8666
-5.42419
-0.0432155
1.14899
3.86515
-0.336394
7.49971
-1.07384
-3.55568
1.69015
4.23289
-2.69812
2.60539
-3.13639
0.729292
1.45667
0.13405
4.86849
-0.621563
2.18227
-6.19784
-9.50838
5.15499
-4.83828
1.38608
6.23928
-1.31023
11.1657
1.62019
-10.5947
0.317466
-0.827364
13.9325
-1.63774
0.449694
-3.72705
-6.64155
-11.163
1.08862
3.13678
-4.10643
4.93227
0.619851
7.09608
-8.00972
1.04801
6.21496
6.5205
-5.19674
4.70027
-0.666633
-2.10945
5.25342
3.54789
-1.78117
-0.260693
5.5247
-5.54017
-4.18195
9.80346
0.857613
-7.86931
-5.96755
3.81457
4.37504
-6.84527
1.25752
1.92601
-1.67119
0.244803
-6.43645
-2.44305
3.03523
-0.727827
-1.78064
-0.835751
-4.8003
1.42471
-0.465285
0.61781
1.83312
2.60133
2.00012
2.63498
-3.94152
0.0611656
1.63585
0.177407
1.92679
8.03593
8.22522
-7.26526
-1.04279
-1.39499
-4.18274
-0.978403
1.27642
5.36617
3.59528
5.04991
-1.41911
2.28751
-3.02354
-3.6147
-1.27432
0.938007
9.10613
9.40977
-1.9891
0.78392
3.92345
2.95143
5.95604
-0.628083
-7.04687
-4.59385
2.43613
0.591412
-7.32605
1.23596
-4.36939
-4.50641
-11.2086
-2.25375
10.5316
-1.58345
-2.25065
6.00368
1.2989
-10.5386
-1.54052
1.57947
0.634263
3.03602
-1.73613
-6.6339
-6.74124
-9.0255
-1.82164
0.00413692
8.22334
6.43701
3.79455
6.16643
1.72295
-3.77899
3.91747
10.7247
10.3944
-0.90703
-1.91201
-4.29655
-1.9917
-5.66127
1.58978
7.31997
-4.0631
-3.10601
1.97512
1.55511
-8.86914
-1.93954
-6.62022
-0.801513
5.81187
-5.71733
2.00389
5.17864
0.650271
-3.8724
-2.36575
-9.23549
-5.44547
6.33475
-4.95117
2.90891
10.2804
1.85221
-2.46759
-0.805795
1.46366
4.7286
12.2241
-5.82628
0.628378
-2.44487
4.25622
0.568837
6.92862
4.9766
-1.77926
-2.17896
-0.178044
-1.68918
1.84799
0.894063
-1.84504
-1.09129
-0.183742
5.6303
3.34021
-1.04998
-4.76696
6.13942
-5.73511
-2.69752
-9.73719
-1.62958
4.51328
2.19018
0.328404
6.77899
-2.33113
-5.42631
-2.61876
1.33561
4.42738
-3.9726
1.51026
3.42391
-9.40541
-3.2568
0.368649
-7.34763
2.41817
4.05526
6.69558
2.70149
-0.0406942
0.597654
2.25381
5.18654
-7.25277
-0.526682
5.06429
-2.82469
-9.454
-3.66129
-5.54994
1.24797
-2.90352
-0.636057
1.49088
-11.2181
0.148316
4.5772
-1.76423
-9.03801
2.61916
-0.511089
-1.91804
-11.0469
-4.88452
13.0995
-1.68973
-5.75092
11.6033
5.66124
-8.94156
1.85378
-6.80894
6.53746
-4.08939
-2.34529
-2.66962
0.747244
4.93803
3.6794
5.92334
3.64856
-2.1305
1.13844
-0.147961
0.88155
1.21262
-1.54646
-1.70244
-0.378825
-7.52257
2.32336
3.00844
-2.23893
2.60718
5.71303
1.98629
3.37582
5.9657
-1.47722
-5.5132
0.9254
5.61047
3.1425
-3.8671
-2.52518
-6.83299
-1.01034
-0.362335
1.80125
6.73827
-1.84083
-3.69843
-3.64044
-0.0079425
12.8201
-3.60658
-7.25183
-1.46197
-3.90106
-4.28478
-1.36537
-0.387446
-3.80037
0.0149267
2.14598
-1.16624
-6.85555
5.44796
-12.6404
0.891634
1.91432
1.48283
-1.21655
-9.34337
-5.16817
2.30108
4.39351
4.64704
1.62471
-5.9223
0.508738
-1.53325
2.36898
-14.5241
2.10678
-4.16619
-9.36875
1.78775
-2.37181
-0.852277
-1.57356
-1.28213
4.06074
5.48424
-1.68018
5.79219
4.14964
0.941042
7.06914
10.7136
3.05267
-4.21223
-3.82298
-4.00839
-3.97544
0.904119
-9.13749
0.0336542
-5.48415
2.8039
3.54622
4.46092
0.190701
0.439849
5.35209
-9.12715
2.31523
-7.14433
-2.76532
-7.83692
-5.96695
2.51118
5.52599
1.10694
4.25887
-7.72135
7.0386
8.23931
3.1315
10.409
7.238
3.44313
-0.624123
-5.28253
-1.23505
0.98343
-1.02053
-3.97037
10.3744
-6.60395
2.82165
-5.69625
-10.234
7.8565
-1.52808
1.77003
8.45464
5.66505
-6.19985
3.93401
-0.217987
0.0889459
-5.03943
0.848475
8.62575
3.02599
5.37958
2.35623
0.837222
-1.17005
-0.576718
-3.43157
-4.39033
-7.30625
-11.1706
-4.54378
-1.37338
8.00699
0.344543
-2.3571
7.48895
-3.78033
-0.0328011
9.09553
-1.90078
2.51991
-0.251546
3.88415
-2.27934
-2.44785
-3.79409
-4.88474
0.862041
4.74478
9.18045
3.36996
-5.57994
-1.11887
5.48854
-6.85855
3.43425
-7.72794
-6.80415
-2.4641
-1.27161
-0.168789
-1.65
-1.35047
4.14944
-4.28834
2.40842
-7.26996
2.17435
-2.7968
0.784529
-0.762118
5.33968
-4.76003
5.43053
1.86758
1.69005
-4.32432
-4.35407
8.66557
-0.544078
-6.64711
2.61319
7.01015
-1.05492
10.3385
-7.14468
-0.308996
0.482208
-13.5319
-0.0212343
5.81912
3.03277
-7.55129
-0.321102
9.53007
-3.45256
-6.65884
-7.85043
0.56802
0.278167
-11.1319
-0.0148176
3.42877
-6.47671
1.10888
1.92607
-8.39131
-5.71917
1.59331
-3.69477
-1.54695
1.06244
1.85086
5.12508
15.1784
0.519175
1.26202
3.71711
-5.7281
-3.79819
-1.96883
-3.64469
-7.68468
-5.85488
-4.81403
-3.32052
4.43116
9.50089
1.1383
-8.98431
-5.77806
-9.58672
0.0588174
7.65138
10.0694
-10.7979
-1.37436
-0.899276
8.99174
1.47772
4.91492
-0.27449
0.23304
1.07957
-8.04051
-3.89229
5.48869
-2.85711
4.18501
5.18012
-1.72204
1.37327
6.52598
3.24619
-5.81463
-4.72211
-0.280113
-1.8073
-8.19632
-11.7654
-4.03278
1.24726
1.9076
5.75427
-2.95165
-1.78614
3.88605
-6.66127
-1.08383
1.08136
2.2453
-4.03388
1.1999
-6.29867
-2.45783
-1.98836
7.67685
-0.508424
1.68231
-1.34133
-7.63401
-9.07721
-0.724161
2.51106
2.8605
0.736496
-11.6663
-4.86619
3.19231
8.16715
13.7526
3.62969
7.14713
-2.13094
3.56995
1.15789
-1.25635
5.9904
0.465951
-0.739956
-1.26478
-1.62279
-10.7517
-4.84775
0.933658
0.802
-0.157517
-5.6696
3.846
-0.47413
-8.75148
6.07272
-6.71599
-5.44048
-12.366
-0.662305
0.412512
1.80866
4.63229
0.183962
-2.75619
3.12695
1.57568
1.4576
0.453382
2.35856
1.80663
-0.0380618
-0.542805
-1.29152
4.48554
-4.52565
-10.1623
0.982522
2.61128
6.90821
9.04225
-1.27586
-3.76658
-3.4183
-0.722854
-1.3854
5.17435
-3.387
3.19143
-5.53303
-8.57924
-3.94434
-3.10174
3.46584
-0.787741
3.80526
-3.12575
-4.12828
-1.08355
-7.9647
-4.16291
-3.88022
-1.52231
2.44183
4.45822
4.24991
3.51496
-1.40344
-3.18314
-0.465614
-0.42813
2.2988
7.63175
-0.539523
-1.18263
-2.27995
5.66399
0.0156622
-5.50856
-0.446092
-0.709022
-1.36019
5.66913
-2.50188
-8.71703
10.9934
0.692318
0.635012
-0.638816
-7.81439
1.17229
5.13424
-1.12911
2.72541
0.796638
11.1718
-2.79768
1.0451
9.08156
1.74182
2.46066
6.05801
2.72407
-3.1085
-2.99648
-3.20373
-2.87241
-4.6024
-2.38931
-11.2822
-6.78493
-2.04641
0.235544
-3.3051
-4.41375
-5.16657
-2.80213
-1.23096
-4.40107
-3.34614
-3.54223
-2.67116
4.83351
-6.02467
3.96829
4.18948
-3.66134
-0.445241
-6.57709
-4.62983
14.7978
-8.05119
-0.404028
1.9002
-5.69285
-2.83655
2.74417
0.782119
3.3149
1.3029
-3.47628
4.34884
3.83282
10.5958
7.64221
5.5026
1.42463
1.33016
-7.51847
-6.25576
-5.21069
-1.76927
0.25176
-0.223923
-7.91627
0.0477357
-4.63064
-0.174078
3.67781
-0.915862
-5.31671
6.84124
2.57173
-1.31037
4.93969
-2.64282
-1.69524
11.8301
4.0487
2.03428
-6.90377
1.20834
4.22274
15.5592
-1.88211
8.0208
-0.310163
-2.27512
5.18368
8.20679
-8.8349
-6.62511
1.77818
-0.919114
-7.65352
8.90337
-0.57346
9.11442
-7.85378
3.65268
1.09637
8.03934
7.53189
-8.12394
7.06579
-3.18169
10.7133
0.00120419
3.70505
-5.48945
7.14745
-3.98257
13.512
4.90246
-4.64139
-7.28467
-1.97113
1.85719
-1.41817
4.45371
-6.4634
2.81805
10.2538
6.93502
8.03112
-4.97544
2.51553
-6.09967
-4.07893
4.86283
-1.75184
-4.17813
-7.3582
3.22565
1.27076
-2.47004
-6.34969
1.66033
6.0896
3.32084
6.22453
-2.04401
-3.6979
-1.35222
6.64381
-7.97027
0.422924
2.15484
-0.39457
3.89336
2.44083
1.43076
5.92122
2.01044
4.1041
-0.377592
-2.96893
1.44329
-4.88654
0.204224
-0.306054
3.96371
-9.59356
1.63628
-4.19597
3.78831
1.1792
-1.692
-4.16376
-5.47634
-2.05821
3.9486
-6.91053
3.06513
-6.56836
9.89102
-6.59036
-9.18835
-3.58693
-5.11747
1.64021
1.06119
10.6436
4.92814
2.42971
3.57627
-0.59392
-3.7424
1.01943
-10.667
8.55226
4.32888
-6.69652
-3.05386
4.68101
7.10678
2.4803
-8.26919
1.48915
2.16526
2.6238
-4.73432
3.86914
-2.73129
-5.37094
1.73853
-5.10275
10.9843
4.62739
1.16275
8.11388
3.5224
6.28846
-10.076
-0.942256
4.15979
3.9983
2.27289
-0.316562
-2.0197
0.315644
-5.65389
1.40623
-1.26023
-0.282787
-8.90903
-3.5881
-2.67256
1.12585
-4.18175
-15.0329
-3.52296
-4.51119
-5.85379
-2.16306
0.322138
-6.66879
0.0844717
-4.92554
2.16976
2.82288
1.19726
1.80245
-2.53589
3.80888
8.91095
-2.00841
0.631032
4.07086
-4.36624
1.19959
-6.78193
-7.82105
4.45967
-2.19606
-0.56143
-4.02887
-2.75029
-4.23925
-0.956072
-3.38795
-2.1861
4.34818
10.13
-6.09375
-4.41246
1.32951
6.72871
-3.0888
-0.365029
0.911264
-2.5032
0.0357544
2.53508
11.03
-1.53014
-1.82617
-3.23248
1.67526
-8.17171
-0.170645
-2.39818
3.49234
2.42833
13.664
-9.96465
3.01545
1.24622
2.22098
1.67781
1.9275
2.545
2.94584
-1.65715
2.43209
0.627209
-7.34543
1.67933
6.371
6.85333
-1.57306
-11.353
-4.5092
5.86257
-4.76428
1.05494
4.66012
5.44819
-3.57164
-7.38986
-3.91525
-1.31543
-1.82218
-1.50203
-6.83796
-2.1153
6.85559
-13.6353
1.51715
-6.6007
1.88462
2.08615
2.29531
-0.621628
5.21967
1.4027
1.26394
5.07674
-0.517647
-6.71819
2.74358
1.26774
6.92653
-4.77505
-1.22604
-4.71858
-5.69521
9.05841
-11.0742
4.54686
8.6924
7.55033
2.94378
-4.76949
7.08023
0.599718
-5.54772
1.80942
4.16408
1.51075
3.57337
7.25477
-1.72931
-7.0822
-0.965064
-11.0143
8.74825
0.495013
-0.474172
-6.16906
-0.212848
-7.43258
-0.944633
0.387717
-2.62507
5.31371
6.06079
-5.19181
-1.43789
-10.7057
5.02704
-1.80315
-4.16118
2.86207
1.44917
1.36571
2.10431
-2.16256
1.53179
-5.36964
-9.19302
0.0014884
1.25827
6.84054
9.56658
-3.25335
6.64952
-2.03879
10.5843
-3.5405
4.85825
2.22171
-0.520937
-3.26631
2.09257
7.55646
-0.741023
2.94821
-2.64486
-5.18568
0.294333
-1.99189
-8.44844
-1.99958
5.8895
-1.04401
6.97068
-2.2935
5.27087
-2.93661
10.0843
-1.05757
-6.5364
5.86727
3.23075
-3.39764
-0.174286
9.23137
1.00326
2.85438
-9.47157
-3.18994
-0.300661
4.68778
-2.16305
-2.98091
8.35109
-1.74723
-1.22584
-0.207724
-1.49596
3.4552
0.342956
-4.27557
5.68795
-1.11875
0.85243
7.3838
-5.48244
-2.53732
-1.37012
0.859794
-3.68046
0.0588623
-0.91096
-0.692451
5.73445
2.37744
3.0954
4.22439
4.0637
9.4972
-10.1495
-3.35872
-6.26742
1.92389
0.722571
2.07377
2.69355
-4.80486
-11.9421
-1.69476
-1.12461
4.96075
-6.02806
-1.09326
3.06512
4.05807
-6.27347
5.32421
-0.591772
-1.46313
6.08488
3.67096
12.3502
9.21872
1.08669
-3.56579
-5.8782
7.88695
2.21679
-1.2108
-6.84438
2.68979
7.20942
-0.166008
-0.117641
-9.92561
-1.96116
-0.146205
5.01114
-0.0605932
5.60485
-1.30854
-1.86308
4.37154
-8.09354
8.77173
-6.31318
-5.27111
-10.0106
-3.17867
1.48455
-2.08689
7.64195
6.38821
2.8777
4.78974
5.57978
-1.93067
-4.14015
1.28749
-1.35051
-7.62976
-0.559327
11.4872
-0.566313
1.89291
6.61681
-0.114016
7.28557
1.54893
-8.29522
9.40722
2.19642
-9.3701
3.11114
-9.5361
1.25407
7.7741
-6.28325
-4.43834
6.98069
-1.2074
-12.2941
2.55149
-8.59721
4.87458
2.38152
-9.42489
-4.77393
-1.00817
-4.66852
0.869068
-0.976367
-8.29625
-6.60892
9.29836
0.861266
-2.46338
10.8049
8.00085
2.78951
-5.48672
-0.603693
-2.092
7.35052
1.26237
-2.76027
10.1413
6.0809
-0.608408
-0.571548
2.94759
7.362
-0.949514
-6.05471
7.01346
-4.38015
1.75887
-1.5742
6.35268
-0.511678
-10.3797
-5.36342
2.29276
0.412948
6.81456
1.08582
-3.94187
0.424581
-5.89202
-0.856262
-1.00606
5.46415
5.63139
-0.21939
-0.248417
-8.42921
1.82611
5.53232
-2.38142
-1.20814
3.64613
-15.5012
3.92405
3.26025
-3.21655
1.81529
6.92972
-0.497768
5.15555
9.78576
5.49817
11.8894
2.70023
4.735
-6.87722
5.32012
-1.88444
2.85062
10.5374
3.12061
3.08239
-3.58075
-0.853507
-8.3832
7.53475
-5.80046
7.50718
-3.29651
-0.311517
-3.48374
2.34418
-0.761972
8.21472
-1.1823
-5.04873
-3.23782
-7.10032
2.49661
9.06217
4.11526
-12.248
2.12008
9.07352
-0.0460501
3.41745
-2.19848
-1.20398
4.92488
5.33285
-6.80925
-2.48934
-1.47199
-1.62446
-3.50067
-3.59959
-0.469073
4.94618
2.82165
3.67041
7.49701
5.85113
-6.56656
4.58367
-14.7067
-6.70038
-2.56994
0.306873
2.81006
2.49707
4.17052
-1.27257
8.37548
0.458059
-0.0549644
8.77025
-0.877695
-0.017669
-0.561486
-6.56528
2.611
8.00728
-0.00882298
4.78782
1.97504
-0.309534
1.14216
1.7928
0.752374
6.75435
-4.76798
-2.7474
7.20582
0.0868146
-5.49867
3.7611
-2.39173
-2.96254
1.59756
4.28926
-2.61975
5.62225
-1.09576
-2.04709
-0.728712
-1.89745
-6.27431
6.54777
8.71674
-2.14974
-1.29746
-2.62777
-6.26975
3.75894
-3.67433
-2.53107
0.0285879
7.85548
-6.77462
0.0567032
3.4293
-0.719316
-1.53542
-2.19142
-0.384788
4.96888
0.477561
4.41152
0.159245
12.2112
-3.10065
7.27046
0.0301979
-6.25489
-5.3931
3.50766
-4.77469
-5.33125
-1.08801
2.89118
-8.84188
-4.47156
-2.06368
-0.687404
7.93548
7.42337
-9.06055
-0.610323
2.11424
5.7164
0.886172
-0.796422
0.278437
-3.02991
8.84925
-1.14323
-0.029641
0.57149
0.735151
8.31456
-13.1558
1.38515
-0.470615
-2.91865
1.66417
-0.400136
1.50001
2.94283
-0.56691
-4.51437
-3.3924
-0.34599
-4.89827
-3.09179
-2.48509
5.65493
-9.25598
-7.05775
2.85725
-6.25643
-1.89005
1.94511
2.54957
-6.5741
-5.43828
6.83611
-1.30049
-1.30696
-1.5559
-0.736288
4.97469
0.0629426
6.89339
-4.14082
2.72949
-5.299
6.68422
-1.84176
2.7476
2.27676
6.46929
-8.38296
4.99617
-0.993026
-5.77208
5.46522
-0.24611
4.59239
-0.742083
-5.38793
-8.69518
10.1056
-9.39825
-6.52512
-5.49853
2.42951
-1.52141
10.9305
6.91547
-7.57028
-8.30113
-4.60843
-3.7332
7.35894
-10.0792
-7.27549
5.58251
1.69999
7.14984
0.0795328
8.44165
-4.68016
-2.99324
-2.98292
0.0113283
-2.33715
-6.44191
-3.84169
10.3166
2.48493
-8.11399
-2.43571
3.10861
9.67994
0.670176
2.31104
-7.94697
-5.26986
0.778999
-3.41192
-1.89599
-8.25925
-5.53788
3.36606
-7.63191
4.98596
5.7151
0.770748
3.32898
3.5475
-7.60711
-7.34334
-2.28336
10.8723
5.42324
-3.35701
12.5168
4.84806
6.73037
0.0454543
0.461054
-1.72653
-3.00244
2.60514
5.41179
-3.9799
-7.63732
-0.962798
3.93375
2.11247
1.01106
-2.23706
6.35208
-1.68203
1.17179
-1.98735
-2.96475
4.13206
7.38964
-1.35384
-1.86126
0.286637
4.07245
-1.45892
5.57655
-0.212647
-12.38
0.881047
-1.85116
4.95803
-2.76123
0.818874
-4.9466
-12.2053
-2.68251
-5.4269
1.72323
1.46352
1.19901
6.02921
-6.59191
-3.96192
-1.54459
1.5976
6.38853
0.140753
7.68701
7.08246
-3.00821
-4.28476
4.75735
-0.452044
2.82083
-0.302709
4.39725
-4.15483
-11.4727
-0.309301
-7.3727
-4.57122
-0.0872016
-4.1223
-5.09011
2.4519
3.86254
-0.209313
-8.12104
-7.50077
-3.5333
-1.12693
-2.91895
-2.42193
1.33161
1.28306
-2.11134
-5.4514
-13.4708
-6.06937
-1.90693
-8.41106
-2.81816
5.35849
2.74259
-6.1423
-1.67835
-6.65784
-0.838891
-1.63931
-3.31438
-1.25928
-3.35019
2.13791
-0.916618
-4.86175
1.44487
-11.0463
0.318653
-11.9922
-2.46224
-1.7136
-2.79896
-4.51761
-5.2645
-1.17356
1.41312
-3.65207
8.86564
-7.52688
-0.736344
-10.4897
8.19322
7.14985
4.70119
2.3919
5.57597
-3.02765
-11.5351
2.9098
-0.610097
3.92614
0.100375
0.159015
3.58004
-0.421226
0.570604
-7.1553
-2.08509
7.11972
5.25366
-0.0314819
-1.65189
15.2003
-1.60015
-3.6123
3.03759
9.38184
-3.53917
-4.05238
1.54056
7.72943
-5.29218
0.415676
-0.306219
-0.190018
0.682218
-6.18791
-5.37184
-12.5798
-1.8686
-1.70313
-3.3152
5.043
3.54378
-3.35115
1.43327
-3.94345
-2.57219
1.64323
-8.2201
-1.55498
-4.42431
6.70715
8.35011
-2.19411
7.02425
6.10173
4.76922
4.20792
-0.0887343
1.12082
-2.47829
-0.194403
1.03596
-7.99102
-6.35448
-5.95899
9.08392
2.34456
5.83534
-4.05439
-1.26667
9.3039
4.45096
-2.65079
0.267314
-4.98276
4.7069
-10.3682
12.8997
4.66448
1.63814
3.44865
-2.07605
5.26435
2.24798
-4.32591
2.10575
-5.92828
9.39012
3.32702
2.0896
-2.897
5.63569
-5.52757
7.66719
6.62953
4.70209
5.51065
0.306257
-7.18776
5.2423
-1.2436
1.17688
-3.22719
0.9119
-0.115343
-1.153
-1.42145
-5.52377
1.69608
-1.41242
-1.34025
-2.42117
0.915136
9.03742
2.6631
10.3578
-0.814861
8.34697
3.07072
6.00356
-4.18146
-1.65373
3.53274
-0.866907
9.24781
4.63852
2.50911
7.35585
6.53766
5.04445
7.85334
0.485557
-3.52554
2.88605
-0.228615
-1.90236
-3.87122
4.31699
-10.2452
-5.81944
8.44566
-2.17958
-2.25089
13.0444
1.35595
-3.2395
-5.992
-2.6089
6.43477
-6.83846
7.53075
-4.0766
-4.6486
-0.813889
7.39455
-7.91235
0.586794
3.83824
1.90836
-2.57063
-2.2148
2.7909
2.11536
-1.13287
-2.37147
-4.24714
5.99256
8.76507
5.9547
-15.1348
-2.21457
-5.10359
-1.86221
8.38109
8.73555
-5.0958
-4.39462
-5.5616
4.9966
11.4323
7.07188
-6.04575
-14.3014
-4.76084
3.50741
-2.42719
-7.59113
-1.83122
-0.760056
-6.90434
1.41375
3.81491
0.0547838
3.23233
-7.08203
4.78397
-0.191661
-4.85042
-3.41574
1.66728
2.04408
-6.82848
0.347056
5.27368
3.86904
-5.14903
-5.33026
-3.98173
-10.5646
6.56147
-0.136761
-5.98726
-5.26255
-2.3262
0.213059
-8.72492
7.66559
3.69326
0.927693
3.38321
4.95076
-0.374949
3.84505
-2.4998
-3.82757
-10.3728
2.28816
2.57006
8.70457
-11.183
4.8675
1.96325
2.91807
-4.28158
9.86071
-3.52196
3.37592
6.31782
-1.49092
4.6808
4.35097
-5.742
-4.74918
-2.7486
-0.511094
8.32089
-4.38726
-6.32059
3.20565
-2.4881
5.26867
-0.233711
2.83238
-0.580118
3.62701
-2.79668
-0.469154
0.354668
5.57228
3.73922
-4.41589
-4.56571
5.84924
0.925549
2.23354
0.806673
-0.705892
7.84639
-6.22311
-2.71299
-0.38758
6.09515
-7.45791
8.9799
-13.1678
-0.222787
-0.855784
3.29533
-5.63268
1.13423
2.01256
5.45123
-1.12218
-12.8749
3.69358
9.38091
0.661596
3.17768
-1.12811
1.36912
4.72447
-1.10458
0.451547
0.438891
-4.20421
-1.29803
-6.76036
-4.33275
2.01998
2.81064
2.2035
-6.63079
7.17059
-1.16975
3.25836
-5.36349
-8.13617
-0.213412
-12.1837
3.85494
9.38085
-4.3177
-3.60352
0.290885
0.592514
4.47182
-0.880118
-6.16525
0.403284
8.38552
4.01358
-5.89226
-1.59653
5.59378
-7.56013
-9.83699
-6.25207
-0.0269503
4.50883
-2.23996
2.6749
-3.19005
6.83067
-6.47698
3.87222
9.5064
0.707626
4.13832
-3.52525
-7.78581
3.09384
0.182859
-0.979935
-7.92057
-8.05485
-1.00682
0.772208
3.57643
-4.95555
-4.49924
9.19847
-0.76365
-0.833678
-3.04757
-2.06024
0.988812
5.4284
-5.77168
-2.73751
-2.71647
9.08608
3.3331
-0.221805
4.64006
-4.15407
8.20697
2.00388
-3.01454
3.44117
-8.03741
-3.12098
1.56303
0.323294
-0.529028
-8.28138
0.507852
-0.0683794
0.24926
-2.56751
-1.09266
3.13929
-1.68992
11.2166
-1.15991
-3.36797
1.62262
2.39654
8.499
3.10583
5.44317
-9.06866
4.10687
3.93115
-8.17195
1.82454
0.976675
-4.41939
9.25384
3.86767
4.18086
0.70578
-13.6548
3.35081
3.73063
0.439642
-2.31763
4.67198
0.445484
-7.87803
-6.76523
3.21981
-1.96819
-3.37874
0.563031
9.41621
-1.98599
-6.24208
4.17244
2.35746
0.961819
-4.24035
-5.84062
-7.53359
-6.09422
-1.78094
1.09246
-1.13646
-10.6413
9.40459
13.3431
0.413149
4.12399
3.18021
5.17068
-6.60863
-3.21573
0.563416
-3.9092
1.09472
1.66172
-6.44187
-3.11793
-7.06762
12.6109
3.7504
-1.56298
2.04479
-0.435426
-4.69201
-0.970093
-4.56717
2.47474
-2.74939
0.0160542
1.47571
-10.3248
5.16767
-3.75799
14.0358
-1.28148
-6.72891
2.9939
4.34463
-1.55034
-7.28306
-0.892643
-3.81566
8.11369
-2.78718
-6.22091
-3.34049
-1.26971
-5.49226
4.48685
7.80257
-3.75815
6.20786
-3.20493
7.02083
4.986
9.72236
10.0203
-1.16924
-2.75414
1.10076
-6.78194
-5.29591
1.09043
2.63979
4.88249
-1.80809
-4.98275
-2.35121
1.1619
0.85878
5.61051
-4.20141
-0.988669
-11.1947
6.50271
-9.42021
4.65447
1.76165
5.87834
5.26352
0.727163
9.22838
-5.74044
-6.21342
12.3013
1.68649
5.77043
-5.27113
-0.951427
2.94911
-10.1483
-2.2155
3.34001
0.276558
2.50665
4.47226
5.196
6.05166
-6.5161
-5.32814
0.768382
10.4755
-1.98511
-6.19931
-1.48566
2.9165
3.29987
2.001
1.69877
-2.09173
6.39171
-6.49648
-0.0522615
3.68855
-4.77347
1.06835
4.21283
-0.216962
3.17131
-3.88996
3.19175
-5.63403
-5.39729
-4.90534
-15.5469
-4.1005
-4.61201
-0.0166168
2.68485
3.47155
-1.09652
1.33801
-4.40135
-0.0491447
0.873986
-5.66143
-5.41897
3.66492
4.68136
5.33213
-0.222103
-0.0817551
0.349925
0.666984
6.14687
-6.24012
0.100929
-4.63918
4.14901
0.881486
3.70685
1.31867
-3.06194
-0.309204
-3.02809
-3.11308
-7.41514
-2.80889
-2.58924
3.16036
-3.71157
2.76543
-0.0847573
-2.7592
5.83453
0.396495
6.44749
-9.47033
2.02944
-4.31347
-9.98606
-6.55387
6.37029
2.77472
0.595427
2.7295
11.7141
2.07655
-0.354339
-5.40607
-3.22091
2.00915
-4.20981
5.0153
-4.36813
7.8955
4.29174
1.64854
2.97938
-1.45867
6.90539
0.0311172
2.97568
-8.94921
2.6999
0.443075
-1.9677
2.76045
4.72644
-4.82442
2.91359
10.2763
-3.63115
6.1561
3.20306
-6.25876
7.06473
-1.91178
-7.65825
3.67028
-3.27249
2.52131
12.6018
-3.55706
-1.12695
-4.47555
2.03649
7.18063
-2.00421
-4.75309
2.60505
3.72148
-2.81091
7.44377
4.44426
-4.44935
-7.29092
-4.63229
-4.78207
-6.87658
5.19235
-1.24254
7.00078
10.5344
10.9519
1.61856
4.8804
-8.0021
4.59344
3.92003
2.14269
3.06703
6.12724
-6.87039
1.46163
2.82724
-2.20199
3.03838
8.23563
-4.24383
-1.93525
-3.78656
-4.5249
5.25135
-2.86755
1.38996
3.73278
-3.12332
4.43886
-8.97515
2.63392
1.04126
3.31845
8.24409
-8.41815
-0.34528
-8.16594
-0.591895
-0.294392
4.90205
1.52893
-6.01896
-13.3211
4.96893
-1.83911
-2.9615
5.15201
-1.92214
2.67578
-4.6918
3.01998
-1.37386
-1.03333
3.19097
-6.96257
-0.391523
0.0960916
-1.92067
7.48646
-1.04435
-4.68169
-1.92121
-1.30998
1.0369
7.45582
10.4459
7.58373
1.97774
5.13403
-0.390705
-3.01155
-0.415895
4.08148
-9.00171
0.271626
6.30934
-4.80499
-1.78197
5.87437
9.70468
1.11972
-9.4672
-2.16025
-16.2667
0.358168
-9.20925
-7.88971
4.44249
3.30193
-3.79103
1.04151
-13.6237
-7.72808
-1.40788
-4.77055
1.35009
-2.03672
3.93908
4.75437
-5.75084
6.63675
-6.34539
-1.77041
-1.87809
-1.14273
-2.06474
1.50387
-7.01134
-0.666023
-1.51468
-0.250173
0.590241
7.00865
0.527745
-2.42961
-0.0637216
5.42783
-1.87074
2.27578
1.09775
1.0767
0.0358263
4.68519
0.769736
-4.77628
6.40782
4.23203
6.84225
-6.43122
0.426872
-1.92748
1.55186
5.80188
3.87117
0.248017
-2.69213
-0.427591
7.19172
-7.81374
3.92617
-0.191294
1.48644
-1.03547
-2.0413
-2.23186
-10.7595
-5.28891
8.89728
1.18353
0.535088
1.16435
3.99359
1.46779
-7.48796
3.69413
-1.61147
4.99247
6.1151
-0.224539
0.113595
7.24005
-8.1782
0.851112
-1.19764
2.36656
-4.1384
5.72748
-3.06588
2.80285
-0.334328
-8.18659
6.29005
4.20485
1.16511
3.85994
-2.99866
2.91801
8.64025
-2.2312
-3.80172
3.72005
-1.32257
3.4667
-3.45673
9.27982
-0.854592
-9.10538
2.13655
6.29478
2.6144
-0.65543
3.47418
-8.72093
-2.33892
-1.09803
2.42952
3.21989
-8.68894
4.20174
1.06344
-2.80847
7.8055
-4.04905
-0.841966
-0.303251
4.97287
-0.75962
-1.6793
-6.35139
-8.54248
0.870671
-1.84568
-0.538179
-6.40011
4.64221
3.67083
-0.693066
0.0441998
11.0837
-2.16353
-3.23549
-0.620199
2.10822
-1.59574
-0.763288
-1.17056
-5.73157
-8.20778
3.06887
-2.8506
8.26901
3.32764
5.20943
1.77238
-0.391974
-5.6787
-5.25951
8.21046
1.05337
5.31877
1.38157
-4.09133
5.03224
-1.48576
1.23037
-3.77784
-3.62248
-2.82533
-2.31936
5.7883
0.0621165
1.97915
9.84692
4.51704
-1.63339
-3.82621
-5.99333
12.4823
-11.2872
5.78361
-1.96961
1.10297
0.537068
9.04117
0.163764
-9.00654
9.91533
1.1147
7.27389
1.4568
3.50762
-2.71673
4.87903
5.65139
-9.45028
2.80064
2.00171
-4.53341
10.0069
-6.7942
13.5805
3.05064
-0.880948
3.66011
-6.55151
7.63043
-2.98121
-18.256
-1.25933
-3.49276
6.33191
5.8106
-1.83945
4.59097
-1.78745
-4.93548
-1.10109
4.95971
-4.57755
6.28275
4.09538
-2.39097
6.8464
-1.22797
-0.493704
4.0866
-13.1787
-2.01415
-0.195712
0.637305
-5.68163
-0.502739
-9.53892
-5.04578
9.33853
-2.84803
2.71782
-3.77156
6.94273
7.17412
-1.64992
-8.23202
7.37604
-0.386275
-2.07878
-3.33065
-0.631234
-6.1842
-0.459228
8.80066
5.88339
-2.68289
7.77744
-2.75438
1.95951
4.18018
-2.87657
-2.5433
-1.98886
-6.61293
1.92974
7.30176
7.12679
3.36043
-6.12199
6.26864
-4.01963
-1.66627
-1.59469
-2.32362
9.45729
9.47032
12.2238
9.18853
0.469554
1.09664
-3.21757
3.4058
6.88728
4.3194
-5.50255
-6.92079
2.82608
-6.03781
-1.60387
-4.16926
0.565111
0.610333
-11.7226
-0.801638
15.2188
-0.91088
3.80338
-7.24137
2.85798
-1.85179
-5.03892
-8.2094
-3.74019
-3.13483
5.08446
-0.282869
0.689057
-4.16496
4.74495
1.44726
-8.4625
-7.38101
-2.49987
-10.1523
2.12847
3.12137
3.75336
-2.68299
2.08235
10.6688
2.66631
-1.1376
-3.82523
4.254
-3.92026
0.0977488
-5.96818
8.19392
1.35905
3.03529
7.39552
4.6396
0.37952
0.599317
-1.18782
-7.30266
0.940939
-3.2806
0.90307
-8.97751
-2.73387
4.40822
-2.50076
-1.94193
1.52892
-6.07214
1.76711
6.18171
5.26457
10.0815
1.44174
1.91038
5.17617
3.3407
-1.76094
-1.38246
4.34612
-0.798198
-7.7547
9.0729
1.60053
-0.348736
13.2685
-0.412074
1.90121
2.1574
1.4881
-6.37002
-0.135424
-5.56781
-6.40488
1.81501
7.8056
-9.06358
-8.39226
4.10884
0.473615
-6.84954
-0.374045
-3.50755
-1.57804
-6.25646
-1.00783
-7.6155
15.9161
-7.00741
0.155895
-0.792297
-1.94979
6.45118
8.05665
5.5068
3.23101
0.573161
-17.3028
-2.91995
-3.44124
3.59816
-6.08141
5.78632
7.74749
4.07575
0.917718
0.400978
-3.71494
5.3153
1.59812
2.18665
-3.6978
0.318424
4.47137
-3.85284
-3.60252
-4.56966
6.08621
-0.681427
-8.25211
-1.42733
-5.97294
5.32607
2.87098
-5.9913
-3.95295
-12.7465
-7.57124
-0.215715
-6.1287
-0.852032
-6.90484
1.80076
7.51505
-0.481621
6.63945
4.69428
-7.38592
-1.97702
2.25545
-0.905777
-8.84132
-10.8724
-1.81544
0.617965
-0.176988
4.0428
2.04192
-9.92813
0.626993
0.458881
1.6443
2.67202
3.86039
3.70049
-5.63022
4.64394
3.49299
5.27105
3.75908
-1.07446
-0.34104
4.84193
-9.23703
2.24302
4.7949
5.06343
-3.99225
-3.18861
3.01767
0.807394
-4.91694
-11.7071
4.8308
-2.3613
3.19021
-5.92602
1.86144
0.77699
3.40026
0.878151
1.32731
1.80297
-4.88388
4.28723
0.416644
-4.70941
6.29088
6.96368
-0.23531
-3.97441
9.35828
-8.55986
-10.4592
-4.0029
-5.75154
-11.2863
6.51513
-2.64717
-1.72362
-5.44003
-3.26104
-1.6079
-5.55764
4.47906
-2.11855
-0.439281
0.627286
0.0295943
2.96471
1.17888
3.88464
4.5714
-5.22528
4.35675
2.15985
-0.57568
-9.78322
-7.18925
3.03841
-6.79384
6.26344
0.241526
-4.53925
2.08657
-2.39026
-3.82221
6.70943
-2.29368
-5.33451
8.39309
3.42631
0.96382
10.3052
11.6531
2.92836
-2.54231
14.6012
-2.00772
-6.87129
0.482222
-0.144816
0.262153
3.45012
-4.90151
-0.521943
-8.55631
-0.247689
-6.77793
7.81333
-8.92817
-0.0563479
3.14435
4.55139
1.63301
6.83576
1.33203
2.77509
-1.0786
4.12019
-4.88422
12.8737
-3.57799
-5.12267
-0.990999
-7.32049
4.86408
-6.30407
-9.8875
-9.08331
-7.51885
-1.00292
-1.45046
2.73739
8.1805
-3.9815
-2.24274
-0.654027
-2.39408
-5.91568
5.26308
-0.897882
-1.14346
-4.78967
4.62491
-2.30664
-3.07331
0.113205
-5.2846
10.6192
5.47418
0.239102
3.21603
3.55354
10.2004
1.46412
-1.8762
-5.27267
-4.10822
-0.664706
3.50578
2.85083
0.352892
6.86144
5.10547
6.88646
0.266318
-2.22115
-1.14059
2.2198
-6.21783
-5.92847
2.84219
6.54014
-1.37358
0.55018
-0.779024
0.0947131
5.05771
1.46248
1.66182
-0.60581
6.88809
8.46345
-10.7124
-0.679916
-4.10577
2.4647
-5.15012
-4.44849
-0.350489
4.60231
11.0776
-3.26798
-2.97353
3.07114
5.84606
-6.31407
4.12377
3.30391
2.48147
-4.85214
0.818543
-6.03323
-2.10419
-13.3103
3.43891
-4.95205
-2.73804
-8.19009
-5.02477
7.89211
2.69038
-3.36467
2.78645
1.42334
-3.47026
3.27253
0.234821
-1.23391
4.47945
-5.01919
-1.9855
7.33079
-2.01663
-1.25626
-3.07201
-4.73112
2.63874
-5.12072
0.539024
-0.4634
-3.63009
2.12553
3.72982
-1.50708
1.70061
-6.078
-0.662961
0.170865
-9.89627
-10.0968
7.39396
5.99997
-2.27358
0.948099
-1.0405
-2.02638
3.18759
-7.24091
3.63284
3.24079
0.0956507
-10.4698
0.752873
-4.34683
4.35117
-2.04386
2.30581
-2.72705
-0.816288
5.16254
1.92033
1.78612
2.43236
-0.495746
12.8713
3.82733
6.11933
-1.92125
-2.76524
0.412789
-2.56682
-9.6387
1.57457
6.25906
3.98467
-8.55468
-4.34312
-0.268647
8.16788
3.60306
2.07675
9.40272
3.37525
-2.95259
-4.76821
7.97371
-0.0289442
0.00859148
0.397774
-3.61777
-5.52997
3.81327
-2.81094
-4.80373
-2.27292
1.70575
3.52151
5.24791
1.52815
-11.4976
0.773384
-0.285417
6.55243
6.84421
7.32984
4.35434
-0.207812
-16.7717
-2.12541
1.06805
-4.46204
0.391166
-1.15901
1.54765
-2.73656
-2.74818
1.41171
5.26344
-5.44887
-0.902308
2.55222
2.28246
4.82182
2.18514
0.54971
8.42059
5.09136
2.86916
-0.604041
-4.20582
2.38987
-12.3671
-1.337
1.56607
-0.103465
-0.00791071
-0.224994
-3.75982
1.41754
-8.02768
-5.44199
5.16048
-7.26044
3.32535
3.60435
-8.77704
1.29342
-1.29059
0.853719
-6.15249
-6.26081
-9.32004
-0.901482
-1.85315
-1.2655
-1.47766
-5.07074
2.71775
1.71584
2.87976
0.868926
-1.64817
-14.2352
0.826195
-1.2205
-2.31407
-1.06226
-0.505168
0.157942
2.09524
2.0307
3.83824
-3.10116
-1.21869
1.51144
1.85471
3.4643
-8.32539
4.2225
-3.26273
7.07722
2.9614
-2.39439
-3.88384
0.621029
-3.70499
-10.1376
2.02328
-1.24188
-0.787457
-4.3155
-9.8816
-2.83101
1.47609
-0.280267
-1.72397
-2.53343
9.67421
-8.53203
-2.55016
7.3125
-0.487916
0.855152
-6.58804
10.9468
3.31392
4.03014
-1.08463
8.39951
6.28765
2.62157
-0.843197
-4.24532
-1.65105
-5.82954
-2.24928
2.17883
11.061
3.24936
-9.84172
-7.63402
1.9237
-0.750599
-2.44874
3.51543
-7.22577
-0.488699
-1.24944
-5.55334
6.02427
0.636534
-2.05766
3.76452
6.05983
1.54101
4.48154
5.30629
-1.62799
0.868642
-0.635579
5.97748
8.58907
4.54195
5.25745
-10.2736
-8.12391
-0.287761
-12.735
-1.68155
-4.20812
0.619294
2.60569
-1.58648
7.1793
2.1115
-6.40591
-10.5597
1.52244
1.11564
-9.52316
-2.644
-8.23767
-7.99736
-0.486729
-2.27219
8.55318
-12.1843
0.746679
-3.57633
6.4873
3.29933
1.06097
0.0860551
-0.293014
-4.73633
-1.03825
1.64446
0.500172
-3.04013
5.67286
2.09381
3.66175
-6.64271
3.20802
-9.29471
-9.10988
-4.46956
9.88237
-3.3427
0.0582045
-3.29301
9.11532
-4.19864
0.727622
8.07952
-0.671687
7.09132
9.63842
-2.42242
-7.46146
-2.92741
4.63912
-10.3805
-1.42026
-9.40967
-1.58742
-1.0683
-5.40702
-2.30955
-5.77258
5.61795
-1.13122
3.16022
7.24563
0.97324
0.206232
2.51516
-5.50392
1.51593
-14.6502
5.86209
-4.66201
-2.7151
-5.08649
-7.64207
6.46947
4.30726
-0.863069
2.77354
1.79073
1.35402
3.85501
-6.16015
-4.26163
-3.66519
0.744195
5.57713
-5.49569
-4.64373
-0.660559
11.3555
5.97288
3.61207
-6.83641
-4.99578
-7.75851
9.27764
-5.59172
10.5313
-2.92145
5.09177
-4.63058
3.6676
-0.53324
-3.3441
-7.75647
-5.42132
-6.10838
-4.01346
-0.120436
-2.71899
3.18759
3.58211
3.01978
2.39375
1.76729
1.51821
-3.30399
3.15005
4.97934
-2.59973
1.14559
-0.592715
1.32971
-1.14809
-3.01213
-0.989152
-10.8794
3.69124
3.95329
1.65091
-4.39963
0.747688
-1.63019
-0.58273
2.07712
-11.2102
-0.0905296
6.74636
-0.950592
-5.7023
4.24432
1.40319
-8.25936
-6.67633
-0.473873
-0.0474458
-5.66238
9.35306
1.32144
4.22408
1.90768
-2.58195
8.49728
8.85808
-0.280486
9.97984
4.34259
1.37425
-5.39555
1.81999
-1.99684
1.18386
-2.50005
-1.84881
2.57396
7.848
-1.90637
4.64431
-0.192813
-1.05653
-5.07013
4.2064
2.80083
3.60963
4.2733
0.673591
6.42273
-1.80687
-3.19906
8.1641
-0.185114
0.487416
-5.82289
5.70089
-0.634912
-9.35556
4.31533
4.30027
4.11705
-8.28603
5.4212
-0.495363
-7.64338
-1.90416
1.85133
9.68194
-3.48962
-2.29121
-4.77581
2.28625
1.41878
-0.0199689
-7.26761
-0.371216
3.53751
7.43017
0.731796
0.818496
-0.486988
3.64011
-12.0408
1.1359
-5.83459
-5.23866
-1.0958
7.0232
-2.37358
3.66656
3.02572
7.45365
10.4203
5.58342
2.88717
0.852827
1.30126
8.2481
-3.31598
-4.39558
-7.23905
1.93486
-2.50348
2.50334
7.0615
3.13342
7.6988
12.339
-2.517
-2.62366
-1.73738
8.74701
1.98905
-2.27301
4.52639
0.783034
-5.70714
-0.0154084
5.15677
8.0113
0.414619
-1.43493
-3.17896
-2.45237
-1.99491
-5.68073
-4.05807
5.11052
-2.70701
3.9656
3.96977
-3.63988
4.24661
-1.31508
-3.5918
-6.65776
-4.68545
-7.30838
-4.4183
-6.93349
-2.70856
2.80658
2.7314
-2.56636
0.411881
-2.93317
-2.23277
-4.91026
-11.9508
4.2789
-4.77486
-6.0993
1.41403
-1.32415
10.7133
3.47477
3.7492
9.39548
-0.245536
0.234755
-3.07368
0.997535
1.2444
1.46095
2.84692
5.09018
-2.08247
-1.69032
0.810957
-0.392443
-0.814114
3.73764
-11.1724
-8.48254
4.50195
6.4286
-0.702992
-2.9888
3.34355
7.93029
-6.22253
-1.22306
-2.85288
0.131129
2.85671
2.4221
-1.22668
-9.05185
0.469965
1.99139
-6.55064
-2.36479
-2.99364
-6.27828
-2.91526
-0.834967
2.48263
5.05268
-2.32563
-1.63953
7.00842
-6.86682
-5.73596
4.15772
4.65483
-2.0984
0.17347
1.63022
-0.273302
1.69545
-3.18863
-4.17838
-1.34018
-6.49892
6.77431
4.32099
0.667849
-0.515303
4.72425
5.69485
5.64848
0.644382
-7.58492
-3.52503
3.65645
-10.1665
-11.5239
-3.83393
1.25323
-5.60954
4.33225
-2.66898
-6.18973
2.02978
-8.83215
-3.05102
-4.92986
2.13152
8.50299
2.61773
0.288334
-1.16054
1.20398
-3.1049
0.384686
-0.73275
1.58178
-7.79273
-6.6
3.77553
2.90264
-3.92489
-11.3716
12.2878
-8.34148
0.278692
11.6083
-5.42719
-2.33528
-1.33078
2.9779
3.75924
-2.61688
-6.83825
1.0761
-5.18198
0.107736
5.99918
2.99185
-0.834126
2.70605
-4.94358
5.23404
2.08664
-5.64045
4.6222
-4.28025
-6.85606
-2.81093
-1.44515
-1.49787
4.34007
4.07991
1.57717
-2.55937
-2.1954
14.7248
-0.175671
-0.945904
-2.78405
1.2217
1.48753
-3.55878
1.65913
0.444132
3.61364
-9.90895
3.96625
-3.01125
4.5441
0.490511
-5.46559
-2.29021
-0.320676
-0.254604
-2.41383
-1.06333
2.33179
-5.60671
-7.31356
-2.77318
8.03791
-0.00180557
-4.29994
-0.761797
-3.80607
1.33934
0.0104997
1.63454
-5.56366
-9.07415
-3.82728
0.424153
8.21754
-2.60058
-0.13793
-5.70083
6.7952
-5.55575
-2.91381
-3.26034
-0.249924
3.32293
-3.56918
3.44155
-1.02418
7.11037
6.36062
1.55414
9.00472
-1.8985
7.54086
-5.42691
3.17931
11.3183
4.90324
1.84162
0.79513
5.19442
2.35497
0.317144
2.15855
3.94874
-1.70937
-4.47836
-1.6967
0.840613
0.783789
7.05425
0.0342437
6.40061
0.505251
5.47325
-5.97365
-4.90827
-4.59502
8.56228
8.08896
4.54313
0.965181
3.2076
-2.37551
3.81266
-7.45736
-0.997189
12.9815
-2.36197
-0.487448
-1.22556
2.15944
1.43077
8.6388
1.3251
-6.63791
-2.44237
-3.64527
-0.0843213
-2.47824
-3.93765
3.13881
-0.24665
-3.14314
-6.93752
-6.57983
-4.72202
4.50654
5.96414
3.08379
-4.87446
5.01073
6.58102
0.721269
-2.91612
5.84209
-1.75524
-4.91886
-7.19355
-6.17176
9.21399
4.20592
7.8334
-6.05005
0.67106
-5.16412
-1.34571
-5.72702
6.2528
0.121698
-0.189553
0.934936
-1.01005
-1.32794
5.77334
-2.81316
7.35042
-7.6461
6.83136
4.76242
11.2629
1.12834
4.60974
0.673562
3.29398
2.16245
-6.67959
-2.97683
6.89513
5.89501
0.765242
-4.19336
-3.33424
-4.66107
-3.73045
2.98756
-1.67251
4.83971
5.88211
-1.21682
-6.98328
6.06871
-16.8618
-9.94109
1.3398
13.0194
-0.914868
6.55462
-12.5204
2.50246
-0.994135
0.831432
-0.670664
1.89951
3.75958
6.11908
5.02812
-0.15898
1.66248
-10.1744
-1.33237
-0.117807
-8.41501
-0.8702
2.30693
-3.47315
2.00469
5.77294
-3.44723
7.17308
4.16352
-2.82171
2.42297
-5.81042
0.256228
-2.73671
-6.6216
0.37993
1.16457
2.45152
1.71199
-2.82057
-0.501911
-0.869675
-6.88513
7.58955
3.76935
-4.12129
-1.81473
-2.38125
-0.365574
4.90211
-1.18979
-0.398755
11.27
-0.824374
-5.59129
-4.16075
-0.131216
8.25673
1.02268
-9.90632
-8.80132
-1.20324
9.53549
6.78272
-0.970345
0.430382
-3.13079
3.36225
0.723414
-1.83607
-4.1706
0.945607
1.52646
4.41465
8.41666
-1.00024
-1.52595
3.31022
-2.98443
4.53855
-6.17601
0.263293
-0.734487
0.762153
-2.38333
3.14431
12.4372
-0.670132
3.77623
5.58176
0.951554
-1.72798
0.0483254
3.70211
-0.354282
-0.84831
-0.484685
0.893384
-5.12677
-8.88368
-2.01827
7.38399
7.07056
3.90816
-2.53996
-4.6628
5.87578
1.162
0.272408
-8.87406
1.1144
3.29034
-3.24649
5.8131
-6.62632
0.196712
-4.04705
3.08877
-8.87352
-0.498532
-2.20167
-0.947241
0.130442
7.34125
-4.15278
2.75014
-9.17714
7.16548
-3.78224
-3.04366
3.92678
-0.000413264
-3.81748
-0.798411
-8.44298
-13.8013
1.52413
-0.738337
-3.71369
5.36133
-4.0229
5.31231
-3.44523
5.78525
2.99215
4.22231
3.87574
-5.5345
-3.56709
-3.67802
-1.63313
6.13537
0.215642
-2.03025
-6.93202
-4.93882
-1.09284
5.48395
-0.079019
4.41517
3.55126
0.368025
-4.09833
3.76792
1.10672
1.75038
3.2871
-11.1324
-4.53219
3.01206
-3.61191
-1.03135
-0.0751056
-4.44583
-3.90782
11.7773
5.99772
-2.67699
2.67968
1.30601
9.77617
11.2325
-2.02743
-0.618337
-6.45265
1.53948
9.04773
-2.73752
-4.08901
8.12841
-2.61821
-5.87829
-4.75083
1.95869
0.805386
8.56792
-1.60607
2.43784
5.67628
-4.08249
-7.44746
7.05036
1.05292
-1.48521
4.0306
0.532398
-0.00676964
0.2118
5.90507
-7.53806
1.54324
6.62384
4.21117
3.51526
6.66636
-0.545389
0.587432
-0.225105
12.1581
-2.78187
-0.490218
4.16545
-1.57267
3.66715
-0.521077
-8.25295
-8.113
-3.1032
-1.44577
-0.819235
3.57897
-2.42831
6.77842
5.16384
-1.5524
3.14622
-5.44192
4.01652
0.931433
9.103
4.31745
-0.861451
-1.75836
-6.9996
1.10033
-2.31048
-2.16625
3.65066
-2.21815
-5.05903
3.14207
-3.56305
12.8559
3.96533
-7.87393
-2.91268
-8.78331
-3.43422
-1.42689
-2.57202
2.15005
0.124222
-3.02758
-3.63593
1.63845
5.60711
6.88966
4.64782
-5.51976
-13.2272
-1.21143
3.48208
-5.22812
-7.71629
-0.375396
-8.14091
-0.621086
2.43088
14.1253
-0.502878
-3.6362
3.34606
-0.679364
-0.907928
-1.90294
-2.65551
4.96697
2.30112
-6.04267
-3.60102
-0.579458
2.85757
7.82029
-8.44383
-7.22712
-7.63362
0.833242
2.48859
14.7527
0.90712
-0.899721
2.71242
5.33798
0.809594
-6.07411
7.91027
-13.9848
3.42711
-9.25189
-2.29811
4.97005
5.71834
-0.707575
4.60613
7.10177
2.45603
-4.30832
5.39697
-2.00176
2.84311
4.47637
-3.96459
8.97918
-2.06075
-0.0896716
-2.86001
4.28596
-4.21865
-1.47421
2.12017
-4.17463
2.00753
4.72012
-4.0388
-0.0921357
-5.45873
-10.3212
2.72834
-0.330785
-5.06859
3.94751
3.15981
5.18433
-9.82017
2.78303
0.617255
-3.13468
-3.85029
-5.58257
6.34369
-10.7384
2.53041
-1.42861
-3.01237
6.35396
-3.32055
-1.6434
2.13584
0.124057
0.692495
9.91968
-10.845
-1.72826
2.99365
5.42263
8.74798
6.37935
-3.70646
0.150793
-2.40234
1.61184
1.19365
-6.73335
-8.78102
-5.92692
-5.4731
-3.80074
6.14413
-2.88131
0.178383
-3.69526
9.40161
-5.33678
-2.42926
1.77177
7.17046
-4.01852
-4.77589
-3.77272
4.40832
-1.17666
3.56482
3.2825
9.99804
-2.23023
-6.06901
0.332
-6.48173
-0.299505
-1.6852
9.97387
-4.70141
-7.57266
-0.0756245
-4.71663
-1.42547
3.8851
-1.3915
6.48763
-0.823135
1.23405
0.84686
-0.240808
13.24
2.49157
-5.56105
4.40082
10.6506
6.72827
-3.85726
-2.87705
-1.36264
6.51336
5.44
-5.39761
-3.76751
-1.63548
-6.58583
6.27632
0.203198
-2.65866
-2.58778
13.6011
0.906708
-4.30913
-3.32707
-6.40028
4.83193
-0.213715
-4.05141
2.89112
-0.676702
6.38669
0.455835
4.14498
5.60068
3.80596
-0.0873898
-0.519068
-5.20775
3.88028
-2.84753
-0.56071
-2.61314
8.75905
-7.5293
-3.56957
-7.35609
-4.14951
-0.885075
6.57861
0.239914
-3.01581
-8.8256
5.81509
-1.36175
-1.17988
1.10716
-5.53801
5.76197
2.19613
-4.44525
6.52986
-1.01629
7.79993
-8.18479
0.64399
-6.18306
7.27359
-5.86457
7.34932
-2.49972
3.44393
1.74831
-0.00680471
-4.25731
-5.94325
4.66789
6.48317
-2.68519
-1.70478
3.56594
-3.6498
4.43513
2.17169
5.6884
6.02655
-0.800676
-2.18474
0.262122
4.01901
-6.33525
8.32404
4.5571
8.45866
-0.311611
-1.48041
-1.57231
-1.22305
-2.40617
2.20055
1.26698
-2.273
2.05336
-9.29496
3.14782
4.23647
0.748884
3.7826
3.5819
-0.824121
-4.19442
4.92509
3.57652
-3.94696
-9.6741
0.861763
4.08627
-10.1832
5.05787
9.2312
-1.34759
-8.36904
0.458428
0.112156
2.22324
5.95305
-3.78132
-8.09003
2.93038
-4.30207
4.81513
-1.08188
-3.77453
7.68966
6.56413
-1.59806
-1.96314
-0.184509
2.4666
0.909286
0.675585
0.272951
-1.83891
-9.90042
-7.95362
-2.13889
-0.255079
-6.96958
-2.30813
0.847369
6.25281
2.48229
4.79459
2.67152
5.07032
1.71019
7.0646
3.16464
0.0540004
-3.00141
6.83576
-3.31123
11.7157
-3.64327
5.247
0.0845326
5.46551
5.91088
6.18707
-2.06286
-2.19473
5.19015
2.36498
-9.92658
-2.73616
-0.446732
0.0958677
0.727944
-3.67292
2.5759
-2.15617
-4.8501
-3.24056
-1.51166
-14.7294
-7.76909
4.79116
1.73354
1.7209
-1.44837
-4.71336
-4.76272
-4.04854
4.8756
5.01019
0.0912909
-5.35524
1.07471
1.60397
0.944093
13.0563
5.49844
-4.05928
-16.1698
-5.39145
0.407907
7.29198
1.22195
1.78734
-1.91059
-0.604269
-6.83056
-5.46785
12.2216
5.3265
2.76222
3.40921
-1.79966
-0.373381
-5.9821
4.23002
-2.76651
-5.50859
4.44204
2.89238
-4.39399
-2.3016
-3.02114
-3.56334
0.356272
1.00851
-2.13706
5.35755
4.33206
-16.1631
2.45462
-2.34495
1.45092
-4.73206
-7.75811
1.17154
-6.31119
-1.97428
-1.53858
3.27974
-3.89223
-4.31389
-4.99653
6.08107
-3.25672
-8.52463
0.102348
-8.47454
1.91279
-3.07229
-3.80983
2.81043
-1.36252
-6.64088
5.20923
0.57737
3.28895
3.7927
0.861201
4.30449
5.10498
-1.13638
-0.574263
-3.06687
-0.715768
4.54667
3.98862
11.3655
-2.67923
-6.61059
8.82705
0.656924
11.9131
1.65192
-2.38398
-1.99656
5.47875
6.72063
1.79308
-2.67711
-3.37027
-1.01433
4.25882
-6.35719
5.49339
-5.31325
-2.10721
-6.90963
4.83629
-4.1244
-2.60234
1.41048
-7.98983
-3.47993
4.23228
-6.91544
-4.09799
0.574948
-8.39526
7.35106
2.0509
0.791784
0.0242413
8.83095
0.964885
-3.97536
-7.46369
-3.61318
4.40488
-5.74766
-1.61122
2.49106
-2.73271
0.613022
7.49746
4.12893
-5.54023
-3.49349
-1.14646
-6.12871
5.30366
3.93075
2.31805
4.54491
2.02682
1.58831
1.62476
3.18399
-1.69378
-6.06669
-2.9631
8.45723
0.532891
-4.54809
0.329998
-0.639892
2.68033
-7.04714
-1.05657
-3.07129
2.82994
2.89814
1.24452
-1.93886
1.89333
3.00625
6.44992
0.391664
7.3477
-1.85176
3.62495
2.4073
-4.25612
-4.31228
6.65445
10.4105
0.616711
10.6391
-6.39971
5.94785
7.35331
-0.469521
1.8955
-1.44288
-2.84236
-1.62457
-7.10197
0.210925
10.1535
-7.9693
5.12291
7.49426
-6.59562
0.872145
-4.93376
2.8706
6.25957
-1.01927
4.69292
-4.82999
0.482151
-4.55543
-6.91862
-3.26457
-3.31459
-0.660588
3.30851
-5.84255
-2.62089
-9.38208
-6.01739
-9.71707
-1.87026
2.63102
-1.67948
-4.9026
1.96023
-0.652138
0.553292
2.43283
-0.016001
-6.10226
-5.08606
5.6181
-1.08444
-4.76964
-11.2084
-6.33372
0.828576
-7.65762
9.94351
3.77927
-0.945785
9.50011
5.09298
-2.29371
1.56508
-6.34495
2.95841
6.85629
1.46945
1.25343
1.84489
4.63061
-6.51819
5.12253
-5.98632
-0.3788
-7.13711
1.53006
8.58872
2.96568
1.31559
-2.42512
2.59145
9.08379
-3.78203
-0.959459
-3.2347
1.21965
0.748863
6.1386
-2.5438
-1.89416
-1.2515
-0.579829
1.69534
2.31523
-0.435241
-3.31403
0.868124
-2.07522
-7.71165
4.17855
4.86869
-9.44867
-1.72295
3.84671
-8.25776
4.82707
-1.22818
5.61545
6.99265
-0.58353
-3.24943
11.0869
-3.92205
-0.3892
7.46076
0.602162
5.12199
-1.61935
-3.12236
-1.76174
-3.62826
2.65373
-6.02255
6.69608
9.85433
-8.10909
2.27685
6.40494
8.9579
-4.58994
11.0061
0.104015
-0.0981774
7.75962
1.13253
3.17285
4.77286
-0.213013
9.25819
-9.22047
-2.96376
1.79435
-4.96319
5.49807
3.63628
-0.505977
4.51316
-1.88836
-1.05989
