-128.831
36.173
34.8266
43.5385
38.4563
39.5274
27.6921
21.8093
30.3816
33.4238
37.9295
33.0356
26.3055
29.3138
33.4266
36.493
29.2304
28.5682
31.646
27.9859
26.987
34.1158
28.899
29.0925
25.7013
27.2131
30.3176
30.0154
25.7534
28.6539
36.6841
27.8829
27.4105
27.8409
15.4256
31.1715
27.8395
26.6783
31.2734
35.4368
25.1827
33.007
35.8789
22.8019
23.1553
36.7144
21.3513
34.6049
32.5748
23.4119
23.607
31.3573
23.3788
24.3695
28.4941
26.9794
24.483
30.7611
23.7314
27.311
15.3009
21.987
24.7503
22.4635
19.962
15.5559
31.1815
24.3694
29.8212
25.3534
18.6966
28.245
17.1266
25.1691
16.9795
20.5073
28.4006
22.6225
37.4043
29.3338
28.9
23.1655
14.2748
21.1821
21.674
7.285
16.0365
8.0611
13.8989
16.5417
14.6212
19.6092
16.5295
9.93659
13.5461
18.2723
23.9994
27.4996
18.3388
18.5591
24.0034
20.2431
14.8063
19.4484
27.2088
27.6926
14.691
12.689
9.87392
9.25552
14.3028
23.6735
9.21709
10.5892
15.1109
16.6554
27.4838
17.2171
17.1945
11.5231
23.8786
13.094
24.5112
16.7481
9.47
15.9433
12.6727
18.9002
20.8444
18.0497
11.8764
16.7123
10.4627
10.8911
17.4179
14.3955
11.0008
15.7202
10.7511
13.258
15.5223
27.2098
9.29936
9.31508
21.4982
20.07
13.9756
11.7421
11.1612
-0.29628
7.0935
11.8326
11.6361
11.0847
12.282
15.1308
8.0735
11.1448
10.5576
11.3522
18.134
4.16976
15.9737
5.53035
14.0012
12.4367
12.156
14.2599
9.38232
11.4096
15.4253
8.0387
6.68987
3.45973
14.9655
8.315
5.12306
16.3499
1.33419
15.7369
9.97143
11.6712
20.8641
16.6814
8.17848
6.60893
1.99596
5.19913
8.73792
4.80933
15.3834
7.86989
6.2933
4.89727
11.4544
19.1584
13.0765
6.88607
10.1652
7.43406
6.46778
8.62408
11.0016
8.53563
7.39439
5.74432
0.525425
11.3137
11.407
-0.769317
4.25959
4.07588
11.6067
14.3106
11.5221
12.7818
4.066
10.6832
11.5874
11.1845
5.69125
8.6448
12.1138
-0.584964
15.4781
-0.539759
0.476807
5.77693
-2.8709
6.23552
-5.91847
8.52885
5.6152
8.40894
6.15423
7.41609
3.31558
5.91825
9.61836
7.19332
8.74831
2.99239
6.24616
12.4874
-7.43749
-0.0196184
-2.02966
11.7049
3.03565
4.35805
2.77999
19.7283
-3.81933
7.98146
3.86335
10.8567
14.4735
-0.528972
1.39616
11.6701
5.00843
-0.482717
11.239
3.5961
3.6223
3.89881
4.41588
7.08644
6.28013
2.57514
2.50265
12.3334
-0.541637
7.27058
5.07271
11.3135
3.75003
4.44161
0.868457
7.88385
1.57522
7.67541
7.68317
0.145509
14.7426
6.40248
10.0213
7.43727
4.93864
10.4506
12.8247
6.29092
3.70112
4.7988
1.201
8.40628
1.84095
8.51599
0.910987
-1.08079
-0.649094
4.37661
8.34277
3.36857
-3.64712
7.47562
3.94832
5.21546
9.73769
10.9417
0.979519
-3.43804
0.826353
9.1347
4.31315
4.79841
-0.519153
9.54291
18.0257
4.39662
6.96457
1.8575
-10.0884
8.56141
-1.20402
-1.70676
-3.26513
6.20487
-1.37993
6.25887
3.56831
-4.04476
0.208376
2.07685
5.12892
5.28685
-1.00929
5.58287
2.64683
3.7802
3.8433
10.635
-4.78357
3.2996
2.82791
-8.39662
-1.96747
4.23601
-2.31801
3.52547
4.09688
0.150019
14.7178
6.44384
-1.22909
-2.7923
-3.42775
8.37466
14.3691
2.19374
8.36095
5.59307
9.71922
9.81441
1.4228
6.05518
2.64364
1.13404
9.30801
2.39028
3.98884
-0.508247
8.81619
1.5861
3.57012
5.57931
-5.11196
7.7909
-1.64074
1.87932
6.65875
-2.09848
0.0735708
-2.33863
2.60618
3.47423
3.29142
10.5309
3.45125
1.99642
5.82697
4.93713
10.883
-9.67292
7.74776
0.513128
13.1629
-0.819329
6.02743
-9.28103
-10.0348
3.64038
-2.39455
5.97047
2.72487
1.61664
-6.62082
-6.8611
0.940591
0.622109
3.78842
2.60398
0.239567
2.51537
7.67349
6.13292
9.05208
-1.90393
9.48338
1.17622
1.16546
-3.39645
1.39526
5.80831
0.752283
0.0705908
3.57872
-0.815531
3.73985
1.50406
4.98193
4.22509
7.0233
3.75499
2.16396
0.650619
7.31479
2.69529
-3.80533
0.525224
-0.048557
-1.79103
-3.30628
0.0892367
1.85668
5.53516
6.64083
-8.00032
-1.41586
-1.46367
2.62843
5.82804
-2.20374
11.0223
7.32496
9.99113
-3.62383
3.07277
0.420422
-3.35893
9.12114
-3.03217
13.7303
-5.06191
4.62196
-4.08527
-8.27697
-2.56261
-1.66086
-4.81331
13.5462
-2.93362
6.45074
2.86431
6.83461
4.70537
-1.84615
-7.33622
-4.23676
5.01083
-5.12949
4.19071
-0.463438
1.57243
5.86244
0.735377
-1.91806
-1.42005
1.85888
-1.44686
-2.9717
-2.8171
-3.94799
6.9807
-4.74757
3.88861
2.6597
7.50609
1.59357
5.65251
2.79737
0.776324
1.50155
-1.11067
4.7893
-5.73018
1.05211
14.0361
1.83776
-4.3216
4.7177
-1.14019
0.11817
2.54162
4.11171
-3.95405
2.51378
-3.7964
0.268552
-1.35214
-5.37478
-3.02258
4.28718
4.62873
-3.78298
-4.23259
0.167854
-2.13859
4.59935
5.83302
2.31778
-5.55758
10.6767
3.40207
6.39445
-5.79939
-4.39394
3.15059
1.2724
5.93231
9.92344
-4.70488
7.83529
2.5545
1.24874
-4.11812
8.79837
10.1383
9.79916
-0.106783
2.34618
-4.9423
-3.28748
-0.568466
11.5747
-2.44026
-4.60181
-1.13359
-2.56764
-2.61499
1.25093
3.69703
8.20564
-5.52322
5.24608
1.24478
6.10541
-4.52252
1.06534
0.67486
-5.22835
-0.133756
3.00502
-1.94378
4.25004
2.19326
0.187851
-1.37076
0.237674
1.79778
-4.34854
-2.82075
0.751509
-1.24433
-3.04867
2.66727
11.5392
-3.30467
1.79848
13.2942
2.60929
-0.0123256
-4.20629
-4.38397
-4.17563
-5.36592
-0.854303
-3.41021
-1.8959
5.28744
-6.27765
-1.17727
-5.13754
-3.6613
5.23601
3.70531
7.44213
-2.53754
-6.61649
-10.7847
-10.7916
-2.18251
3.88177
-2.04909
4.52074
-0.475589
5.48719
-3.64079
1.868
3.94234
8.31814
-0.71706
0.695519
1.73227
0.845312
0.732533
0.332714
-9.01037
-8.06278
6.18252
2.74766
6.35276
0.663343
-7.76355
-4.40432
7.97095
6.95099
-0.140998
6.29139
-8.75178
-0.177598
-9.50497
1.6984
-0.578792
4.0042
2.74203
4.11948
0.753939
-2.59467
2.02217
0.383914
4.18378
1.28396
-5.66685
4.34076
2.99919
4.35528
-2.1786
8.74225
-0.342079
-5.85915
-2.1588
-11.478
-13.1854
9.89646
-0.380997
5.0484
-4.09367
-4.87667
0.69998
-1.14719
1.58267
7.86304
-6.05508
-6.63765
9.70093
-0.791127
-0.165253
-6.28197
2.74718
0.632535
-5.00227
4.81805
-2.23735
-1.09722
-2.985
5.99884
-9.03018
-2.52461
3.73937
-8.04695
1.20209
2.96081
8.33573
-5.95419
-0.486533
-1.7044
-4.06425
3.51329
0.807464
-2.61758
4.98812
5.20051
-5.22274
4.81102
0.742246
-9.39153
-5.03065
5.01334
-1.92112
-2.69553
-1.90405
4.17009
-7.98978
1.99624
-6.76601
-4.89097
9.7303
-3.91496
-0.306478
-6.3669
-2.43706
4.39372
0.26498
-5.84412
-2.83566
-3.70522
8.95824
14.0372
-7.26258
1.34678
7.56048
-4.11341
4.89227
1.60543
2.94824
-10.927
2.98077
-2.29565
4.12311
9.55066
2.73053
-7.98488
-1.82786
-2.39389
-0.8372
-4.64175
1.25152
-1.25328
-3.50213
6.86631
6.93325
0.0750807
-1.19782
7.12023
-3.81158
-3.06398
-0.235584
-3.6769
4.66982
2.56174
0.626846
11.8085
-3.9207
-1.34524
1.67568
-6.60202
-0.92294
2.43279
-2.00584
0.0884195
-1.98895
3.30072
4.77769
4.21831
7.65495
1.27954
1.11258
-2.7392
6.96311
-1.65137
5.82884
-2.9121
4.77156
3.33135
-2.99575
1.34082
-0.362747
-0.680699
-5.72228
3.27839
-5.53602
5.29348
-5.18338
6.56313
-2.71533
1.53325
-9.39742
4.74776
6.42706
0.974623
1.4277
-0.00217542
1.17389
-7.76726
-2.31411
2.75784
7.18476
1.85078
-6.81043
-1.84918
4.28058
5.96747
-1.45249
9.49335
1.7326
3.46147
-0.0830217
-1.20208
1.2723
6.20688
-0.140562
3.63924
6.86516
-10.2589
3.12407
-1.10279
4.04523
8.34547
-0.318046
-2.63122
0.151441
2.84903
-7.74147
0.0146444
4.023
1.02765
-5.70415
0.99635
4.16152
-3.47564
5.40495
-3.06299
0.259425
-3.74645
-0.173195
-0.920886
-2.5206
0.834329
-5.39689
-8.42571
7.6108
2.45633
-1.40076
3.62745
3.55048
-5.11572
2.16663
-6.48688
-1.38334
-0.430291
-4.384
6.18385
-0.934223
-5.63296
-3.76784
2.9115
-10.8916
-4.75564
5.46162
5.22015
-0.586537
-2.46113
-1.69916
-8.6099
-0.306595
4.26109
0.895776
2.58585
-0.755728
3.07482
-0.602223
-2.8949
5.74988
-1.76589
-10.7257
-3.63043
1.04612
-2.4092
4.75693
-1.15325
1.54023
3.74334
8.10399
5.30135
-0.167417
3.60653
2.92324
1.11738
-0.476413
-2.29348
-0.296443
-8.84504
-8.21582
-8.14126
-4.55023
-0.0234591
1.92575
-6.0512
-3.11071
-1.53247
-4.88313
3.18325
2.03755
10.1881
5.28604
-1.90808
-3.10797
4.29711
-8.39164
-3.37033
-2.87538
3.49596
4.67849
-1.44239
-0.55941
7.94885
2.06953
-2.09886
-7.7778
1.49357
8.08866
-0.529882
1.41128
3.14074
1.28113
-4.67585
8.77438
2.5601
-5.54425
-7.7759
3.99567
8.07028
6.02916
1.22667
7.86832
-0.748186
7.59197
2.52596
-7.41394
-1.66635
-5.90499
-3.8704
1.37209
5.99465
4.59492
0.184595
-3.96486
2.9297
6.1097
3.88015
-3.72446
-6.30652
-2.96201
-11.9179
2.28098
6.60229
2.95006
-4.12109
-3.30357
-0.565414
-1.42276
-2.12412
2.38304
-6.99681
-0.429702
-3.198
-10.834
3.12924
4.77403
-1.08364
8.39289
1.27738
1.10716
-2.07811
1.94279
5.65334
-2.50652
-5.00339
-6.64306
8.46729
0.959455
-1.64683
-0.231674
2.66882
5.42536
3.18355
-3.45315
6.79032
1.17696
-3.06205
-4.77109
-3.74587
0.681741
0.873226
-3.90729
-1.60568
7.20654
-1.88129
-1.02498
0.939327
0.384992
2.63681
-3.067
8.73219
8.38826
-1.86815
2.08777
2.70751
4.46803
-1.29294
-8.17995
3.84597
-5.01207
-4.15602
-0.776469
2.87115
4.2127
0.0625647
-1.26697
-2.04862
-6.06229
-6.47798
10.2447
3.46842
-3.5084
2.94583
-2.93997
-0.417226
-11.3304
-4.18743
0.704241
-3.93675
-0.498629
5.81153
-4.03134
-5.76988
-4.06131
1.19251
-2.08836
-2.84182
-2.1629
7.42236
4.494
-0.102031
-1.54969
-3.03249
0.437038
-0.702842
8.1746
-6.5025
-1.41892
-2.1573
9.49752
8.32843
-2.88458
4.43563
7.13579
-0.317386
-1.90269
1.01396
3.81784
3.57273
3.24988
-0.506386
-4.74023
-0.569406
-0.0400251
-0.968127
3.64216
2.35517
-7.74553
4.77113
4.83278
0.430806
-7.01627
-0.800158
8.29524
-6.14704
3.45429
2.72959
2.94723
13.5348
-1.31722
1.24051
3.78102
-1.80854
6.68037
-4.17693
2.81782
8.00031
8.10449
-1.18336
0.194741
-0.818163
7.68154
1.41748
1.24086
8.97526
4.06599
-4.42377
7.05659
9.54599
6.39697
5.17314
-0.677966
-7.59563
1.07903
-1.77724
1.45169
6.70688
1.99123
3.05069
-1.83787
-4.65828
-0.362007
3.69511
-5.59158
5.22891
0.768413
0.520421
2.04933
-4.16093
6.51662
-2.42015
-5.38491
-2.08291
0.487798
5.4557
-2.78288
-9.80698
-2.21606
-3.77231
-5.11881
-5.28162
-2.25623
3.4991
-4.25719
0.98725
6.9714
2.66627
-0.746582
2.54409
3.98417
-3.12366
1.22005
5.44605
5.58656
-3.82127
6.51355
1.35407
-7.38196
-2.46088
8.07623
5.04144
8.17705
2.57912
-3.22079
3.92977
0.126429
-5.35025
-4.01636
-4.0928
1.49916
-5.45637
-4.70921
9.91827
-6.1612
1.08918
0.778644
2.87763
4.57261
0.55286
-1.29441
3.85003
8.61979
-4.41416
-1.0324
-1.48225
3.0462
-2.82745
-2.70286
0.815816
-3.53292
-5.14251
-0.92827
-2.08248
2.86411
7.42359
-4.91222
9.7632
11.1621
-6.57117
1.319
3.23915
-7.6071
2.30675
1.30853
3.81061
0.0939239
-9.16666
-4.74979
-2.67732
8.43849
-3.60724
6.18622
6.07084
0.344393
3.34354
2.26535
1.61934
2.14722
-4.80898
-4.42187
2.88644
-1.70178
-1.80827
-3.32653
-1.39846
2.34137
2.92951
-2.94902
-0.742125
-0.0173578
0.795271
-4.98984
-3.23232
-1.71029
-9.98317
0.92681
-3.88079
-5.4432
-0.0452721
1.15071
3.87542
-0.339291
7.52145
-1.07902
-3.56861
1.69374
4.24449
-2.70827
2.61194
-3.14784
0.730024
1.45972
0.132971
4.8823
-0.624974
2.1877
-6.21869
-9.53955
5.16993
-4.8547
1.38926
6.25772
-1.3155
11.1996
1.62413
-10.629
0.317433
-0.830957
13.9752
-1.64389
0.450135
-3.73969
-6.66329
-11.1989
1.09132
3.14594
-4.12
4.94713
0.621177
7.11776
-8.03547
1.05077
6.23396
6.54045
-5.21357
4.71456
-0.669184
-2.1165
5.26953
3.55864
-1.78714
-0.261852
5.54173
-5.55788
-4.19533
9.83402
0.860074
-7.89422
-5.98642
3.82646
4.38871
-6.86682
1.26147
1.93207
-1.6764
0.245641
-6.45656
-2.45056
3.04495
-0.729903
-1.78599
-0.838101
-4.81506
1.42954
-0.466371
0.620151
1.8393
2.60993
2.00685
2.64371
-3.95343
0.0618699
1.64152
0.178514
1.93341
8.06173
8.2516
-7.28753
-1.04546
-1.39874
-4.19521
-0.980769
1.28116
5.38376
3.6073
5.0665
-1.42283
2.29544
-3.03226
-3.62524
-1.27748
0.941825
9.1356
9.44016
-1.99452
0.78723
3.93663
2.96155
5.9756
-0.629208
-7.06812
-4.60734
2.44475
0.594247
-7.34805
1.24089
-4.38204
-4.51945
-11.2426
-2.25959
10.5659
-1.5872
-2.25646
6.02381
1.30424
-10.5704
-1.544
1.58581
0.63764
3.04695
-1.74018
-6.6533
-6.76091
-9.05229
-1.82576
0.00578371
8.2508
6.45884
3.80805
6.18737
1.72993
-3.78927
3.93138
10.76
10.4285
-0.908365
-1.91648
-4.30848
-1.99636
-5.67742
1.59643
7.34461
-4.07421
-3.11407
1.98303
1.56171
-8.89525
-1.94385
-6.63918
-0.802167
5.83199
-5.73341
2.01209
5.1968
0.654203
-3.88266
-2.37124
-9.26252
-5.46054
6.3567
-4.96466
2.92013
10.3148
1.86006
-2.4733
-0.806264
1.47033
4.74552
12.2646
-5.84256
0.632398
-2.45049
4.27165
0.572691
6.95244
4.99427
-1.78282
-2.18375
-0.176535
-1.6924
1.85589
0.898968
-1.84873
-1.09259
-0.182181
5.65012
3.35282
-1.05116
-4.77979
6.16085
-5.75097
-2.70381
-9.76554
-1.63243
4.52973
2.19932
0.331699
6.80253
-2.33621
-5.44109
-2.62468
1.34213
4.44359
-3.98276
1.51733
3.43698
-9.43261
-3.26464
0.372212
-7.36828
2.42822
4.07044
6.71903
2.71237
-0.0384256
0.601932
2.26329
5.20521
-7.27316
-0.525916
5.08261
-2.83115
-9.48124
-3.67029
-5.56484
1.25443
-2.91008
-0.635481
1.49814
-11.2507
0.151427
4.59421
-1.76713
-9.06373
2.63008
-0.510001
-1.92136
-11.0789
-4.89707
13.1435
-1.69229
-5.76621
11.6425
5.68175
-8.96692
1.86236
-6.82755
6.56077
-4.09946
-2.34987
-2.67519
0.752412
4.95635
3.69374
5.94472
3.66276
-2.13445
1.14476
-0.145686
0.887059
1.21917
-1.54858
-1.70504
-0.377258
-7.54342
2.33346
3.02067
-2.24318
2.61815
5.73373
1.99527
3.38914
5.98714
-1.47918
-5.52782
0.93102
5.63079
3.15505
-3.87657
-2.53043
-6.85174
-1.01078
-0.360736
1.80964
6.76214
-1.84392
-3.70734
-3.64915
-0.00523616
12.8631
-3.61524
-7.27192
-1.46384
-3.91059
-4.29549
-1.3669
-0.385898
-3.80954
0.0177549
2.15549
-1.16714
-6.8743
5.46786
-12.6773
0.897266
1.92316
1.4903
-1.21757
-9.36988
-5.18154
2.31118
4.41016
4.66446
1.63261
-5.93809
0.513152
-1.53525
2.37923
-14.5669
2.11626
-4.1764
-9.39528
1.79628
-2.37634
-0.852033
-1.57558
-1.28323
4.07641
5.50435
-1.68259
5.81323
4.16549
0.946793
7.09412
10.75
3.06493
-4.2228
-3.83231
-4.01829
-3.98522
0.909668
-9.16347
0.0365016
-5.49863
2.81546
3.56009
4.47763
0.193977
0.443896
5.37155
-9.15318
2.32515
-7.16411
-2.77133
-7.85884
-5.98296
2.5218
5.54605
1.11309
4.2749
-7.74296
7.06335
8.26779
3.14389
10.4442
7.26319
3.45635
-0.623697
-5.29673
-1.23653
0.98891
-1.02136
-3.98046
10.4094
-6.62235
2.83285
-5.71182
-10.2638
7.88354
-1.53054
1.77791
8.48348
5.68508
-6.21711
3.94858
-0.216482
0.0914026
-5.05309
0.853318
8.65499
3.03759
5.39854
2.36566
0.841855
-1.17173
-0.576548
-3.44037
-4.40213
-7.3272
-11.2037
-4.55598
-1.37561
8.0342
0.347643
-2.36249
7.51445
-3.79025
-0.0309494
9.12602
-1.90486
2.52969
-0.250488
3.89818
-2.28469
-2.45373
-3.8042
-4.89826
0.866567
4.76148
9.21103
3.38224
-5.59579
-1.1207
5.50744
-6.87845
3.44668
-7.75057
-6.82385
-2.47016
-1.27392
-0.167649
-1.65352
-1.35305
4.16411
-4.30018
2.4176
-7.29118
2.1828
-2.80398
0.788587
-0.762932
5.358
-4.77344
5.44912
1.87493
1.69683
-4.33644
-4.36627
8.69424
-0.544378
-6.66658
2.62281
7.03354
-1.0569
10.3723
-7.16585
-0.308684
0.484992
-13.5731
-0.0199859
5.83869
3.04354
-7.57376
-0.320855
9.56123
-3.46222
-6.67856
-7.87387
0.571039
0.280261
-11.1656
-0.0136099
3.44078
-6.49583
1.11359
1.93333
-8.41646
-5.7359
1.59955
-3.70514
-1.55058
1.06701
1.85789
5.14235
15.2272
0.521856
1.26702
3.72979
-5.7451
-3.80911
-1.97401
-3.65512
-7.70779
-5.87221
-4.82807
-3.32986
4.44616
9.53176
1.14286
-9.01153
-5.79518
-9.61578
0.0600724
7.67645
10.102
-10.8308
-1.37769
-0.901115
9.02093
1.48327
4.93124
-0.274495
0.234617
1.08379
-8.06493
-3.90366
5.50677
-2.86526
4.19897
5.19717
-1.7267
1.37833
6.54719
3.25706
-5.83223
-4.73626
-0.280306
-1.8123
-8.22137
-11.8017
-4.04467
1.25196
1.91435
5.77308
-2.96021
-1.79103
3.89896
-6.68149
-1.08653
1.08545
2.25303
-4.04588
1.20434
-6.31778
-2.46486
-1.9939
7.70164
-0.509374
1.68823
-1.34492
-7.65735
-9.10504
-0.72574
2.51963
2.87015
0.739454
-11.7023
-4.88077
3.20304
8.19347
13.7964
3.64163
7.17008
-2.13716
3.58162
1.16197
-1.25986
6.00962
0.467799
-0.741904
-1.26838
-1.62752
-10.7851
-4.86254
0.937035
0.804952
-0.157587
-5.68698
3.85851
-0.475203
-8.77853
6.09223
-6.73666
-5.45711
-12.4043
-0.663852
0.414339
1.81486
4.64734
0.185017
-2.76437
3.13724
1.58108
1.46262
0.455236
2.36639
1.8127
-0.0377913
-0.544124
-1.29519
4.5
-4.5395
-10.1938
0.986036
2.6199
6.93029
9.07099
-1.27955
-3.7781
-3.4287
-0.724781
-1.3894
5.19093
-3.39731
3.20177
-5.55009
-8.60583
-3.95633
-3.11108
3.47713
-0.789815
3.8176
-3.13518
-4.14085
-1.08653
-7.98928
-4.17551
-3.89192
-1.52659
2.45001
4.47271
4.26372
3.52643
-1.40742
-3.19269
-0.466627
-0.429022
2.30647
7.65614
-0.540818
-1.18594
-2.2867
5.68219
0.0160988
-5.52546
-0.447075
-0.710826
-1.36403
5.68735
-2.50933
-8.74397
11.0284
0.694899
0.637408
-0.640421
-7.83851
1.17642
5.1508
-1.13223
2.73439
0.79955
11.2073
-2.80611
1.04874
9.11042
1.7476
2.46869
6.07731
2.73287
-3.11802
-3.00563
-3.21351
-2.88112
-4.61653
-2.39646
-11.3173
-6.80579
-2.05236
0.236773
-3.31498
-4.42708
-5.18224
-2.81035
-1.23422
-4.41427
-3.356
-3.55269
-2.67885
4.84938
-6.0429
3.98147
4.20334
-3.67215
-0.445928
-6.59701
-4.6436
14.845
-8.07574
-0.404529
1.90694
-5.70994
-2.84465
2.75362
0.785399
3.32613
1.3078
-3.48638
4.36332
3.84567
10.6299
7.66695
5.52059
1.42979
1.33503
-7.54138
-6.27466
-5.22626
-1.774
0.253383
-0.223787
-7.94027
0.0487834
-4.64427
-0.173685
3.6903
-0.9178
-5.33245
6.86369
2.58075
-1.31354
4.95615
-2.65017
-1.6996
11.8682
4.06233
2.04157
-6.92453
1.21309
4.23695
15.609
-1.88717
8.04685
-0.310302
-2.28142
5.20081
8.23339
-8.86182
-6.64504
1.78466
-0.921094
-7.67662
8.93228
-0.574332
9.14396
-7.87754
3.66509
1.10074
8.0655
7.55642
-8.14858
7.08888
-3.19079
10.7479
0.00206333
3.71754
-5.50583
7.17076
-3.99422
13.5553
4.91866
-4.65517
-7.30671
-1.97644
1.86391
-1.42173
4.4686
-6.48279
2.82783
10.2869
6.95766
8.05717
-4.99025
2.52426
-6.11798
-4.09086
4.879
-1.75645
-4.19034
-7.38036
3.23676
1.27572
-2.47681
-6.36862
1.66658
6.10975
3.33228
6.24507
-2.04945
-3.70851
-1.35544
6.6657
-7.99428
0.425313
2.16267
-0.394743
3.90666
2.44956
1.43631
5.94086
2.01778
4.11801
-0.377769
-2.97723
1.44886
-4.90084
0.205941
-0.305931
3.97724
-9.6226
1.64255
-4.208
3.80137
1.18406
-1.69615
-4.17565
-5.49232
-2.06342
3.96226
-6.93096
3.07604
-6.58769
9.92339
-6.60976
-9.21586
-3.5968
-5.13212
1.64682
1.06597
10.6785
4.94501
2.43872
3.58887
-0.594425
-3.75277
1.02403
-10.6991
8.58057
4.3439
-6.71613
-3.06199
4.69718
7.13054
2.48951
-8.29373
1.49529
2.17353
2.6335
-4.74773
3.88277
-2.7384
-5.3863
1.74551
-5.11724
11.0203
4.64342
1.16788
8.14083
3.53489
6.30962
-10.1062
-0.94376
4.17431
4.01229
2.28146
-0.316136
-2.02462
0.318076
-5.67019
1.41213
-1.26271
-0.282187
-8.9355
-3.59782
-2.67938
1.13098
-4.19329
-15.0784
-3.53231
-4.52362
-5.8704
-2.16805
0.324963
-6.6879
0.0865937
-4.93914
2.17846
2.83363
1.20289
1.80998
-2.54199
3.82271
8.94078
-2.0129
0.634839
4.08547
-4.37814
1.20519
-6.80138
-7.84373
4.47558
-2.20106
-0.561283
-4.0396
-2.75699
-4.2506
-0.95709
-3.3966
-2.19095
4.36385
10.1638
-6.11092
-4.42433
1.33569
6.75183
-3.09653
-0.364193
0.916109
-2.50908
0.0378604
2.54503
11.0666
-1.53303
-1.82998
-3.24069
1.68247
-8.19542
-0.169193
-2.40372
3.50531
2.43793
13.7089
-9.99404
3.02685
1.25206
2.22986
1.68498
1.93543
2.55486
2.95694
-1.66051
2.44157
0.631005
-7.36667
1.68646
6.39285
6.87665
-1.57624
-11.3869
-4.52152
5.88282
-4.77742
1.06009
4.67658
5.46708
-3.58108
-7.41128
-3.92572
-1.31773
-1.82606
-1.5049
-6.85758
-2.12006
6.879
-13.6762
1.52383
-6.61951
1.89248
2.09462
2.30442
-0.621689
5.23794
1.40895
1.26975
5.0945
-0.51748
-6.73748
2.75401
1.27352
6.95006
-4.78829
-1.22813
-4.73163
-5.7113
9.08865
-11.1072
4.56294
8.72146
7.57575
2.95469
-4.78282
7.10412
0.603217
-5.56353
1.81673
4.17876
1.51707
3.58615
7.27908
-1.73326
-7.10295
-0.966576
-11.0474
8.77727
0.498082
-0.474158
-6.18693
-0.211992
-7.45439
-0.946046
0.390484
-2.63177
5.33194
6.08132
-5.20664
-1.44092
-10.7378
5.04435
-1.8073
-4.17274
2.87257
1.45521
1.37147
2.11237
-2.16791
1.53804
-5.38506
-9.22042
0.00298573
1.26371
6.86348
9.59803
-3.2622
6.67176
-2.04388
10.6188
-3.55036
4.87475
2.22991
-0.521375
-3.27537
2.10034
7.58136
-0.742225
2.95858
-2.65208
-5.20086
0.296373
-1.99704
-8.47385
-2.00471
5.90914
-1.04618
6.99366
-2.29965
5.28847
-2.94481
10.117
-1.05994
-6.55597
5.88666
3.24182
-3.4074
-0.173926
9.26124
1.00724
2.86416
-9.50051
-3.19912
-0.300761
4.70333
-2.16904
-2.98946
8.3781
-1.75197
-1.22894
-0.207632
-1.49992
3.46677
0.344736
-4.2883
5.70651
-1.1216
0.855762
7.40762
-5.49906
-2.54467
-1.37381
0.863106
-3.69141
0.0596579
-0.913217
-0.694027
5.75304
2.38545
3.10563
4.23814
4.07691
9.52743
-10.181
-3.36886
-6.28668
1.93037
0.725261
2.08069
2.70239
-4.81958
-11.9792
-1.69964
-1.12769
4.97676
-6.04658
-1.09627
3.07517
4.07121
-6.2928
5.34132
-0.593275
-1.46738
6.10433
3.68278
12.3892
9.24784
1.09021
-3.57689
-5.89654
7.91184
2.22383
-1.21454
-6.86581
2.69832
7.23211
-0.166519
-0.11801
-9.95677
-1.96727
-0.146616
5.02691
-0.060782
5.62243
-1.31269
-1.86898
4.38521
-8.11903
8.79921
-6.3331
-5.28773
-10.0421
-3.18865
1.48923
-2.09344
7.66594
6.40821
2.88663
4.80465
5.59712
-1.93694
-4.15336
1.29134
-1.35495
-7.65391
-0.561249
11.5231
-0.568338
1.8986
6.6373
-0.114697
7.30811
1.55341
-8.32166
9.43639
2.20289
-9.39996
3.1205
-9.56645
1.25763
7.79812
-6.30342
-4.45269
7.0022
-1.21163
-12.3331
2.55912
-8.62459
4.88953
2.38861
-9.45487
-4.78927
-1.01166
-4.6835
0.871488
-0.979749
-8.32261
-6.62993
9.32731
0.86367
-2.47142
10.8385
8.02558
2.79783
-5.5044
-0.60602
-2.099
7.37317
1.26585
-2.76943
10.1726
6.09943
-0.610913
-0.57394
2.95624
7.38448
-0.953173
-6.07439
7.03483
-4.3946
1.76371
-1.57983
6.37193
-0.514021
-10.413
-5.38094
2.2993
0.413572
6.83527
1.0885
-3.95499
0.425187
-5.91125
-0.859653
-1.00992
5.4806
5.64833
-0.220863
-0.249986
-8.45646
1.83109
5.54892
-2.3897
-1.21273
3.65678
-15.5507
3.93564
3.26972
-3.22743
1.82022
6.95068
-0.500166
5.17089
9.81559
5.51448
11.9257
2.70764
4.74877
-6.89994
5.33572
-1.89149
2.85844
10.5693
3.12918
3.09081
-3.59327
-0.857451
-8.41078
7.55718
-5.81994
7.5295
-3.30815
-0.313777
-3.49596
2.35027
-0.765654
8.23921
-1.18736
-5.06593
-3.24931
-7.12392
2.50317
9.08932
4.12682
-12.2878
2.12541
9.10066
-0.0475956
3.42676
-2.20681
-1.20919
4.93891
5.34812
-6.83213
-2.49862
-1.47807
-1.63102
-3.51311
-3.61232
-0.471961
4.96028
2.82905
3.68045
7.51903
5.86793
-6.58878
4.59648
-14.7544
-6.72293
-2.57949
0.306367
2.81741
2.50341
4.18209
-1.27811
8.40022
0.457886
-0.0567577
8.79615
-0.882138
-0.0194143
-0.564944
-6.58758
2.61753
8.03073
-0.0105898
4.8011
1.97946
-0.312308
1.14394
1.7966
0.752898
6.7737
-4.78484
-2.7579
7.22657
0.085173
-5.51785
3.77101
-2.40116
-2.97375
1.60067
4.30081
-2.62993
5.63795
-1.10118
-2.05549
-0.732973
-1.90538
-6.29597
6.56638
8.74212
-2.15853
-1.30357
-2.63805
-6.29145
3.76875
-3.68788
-2.54102
0.0266897
7.87815
-6.79793
0.0548684
3.43805
-0.723619
-1.54228
-2.20033
-0.388028
4.98244
0.476987
4.42329
0.15763
12.2474
-3.11259
7.29108
0.0280464
-6.27678
-5.41225
3.51648
-4.79189
-5.35018
-1.09358
2.89809
-8.87182
-4.48772
-2.07226
-0.691658
7.95829
7.44452
-9.0912
-0.614394
2.11872
5.73217
0.886739
-0.801148
0.277084
-3.04166
8.87481
-1.1491
-0.0320136
0.570999
0.735166
8.33836
-13.1995
1.38721
-0.474386
-2.93011
1.66711
-0.403688
1.50242
2.94975
-0.571026
-4.53088
-3.40537
-0.349373
-4.91594
-3.10377
-2.49514
5.67044
-9.28731
-7.08213
2.86404
-6.27827
-1.89815
1.94905
2.55539
-6.59693
-5.45751
6.85543
-1.30675
-1.31323
-1.56295
-0.740759
4.98815
0.0609473
6.91282
-4.15606
2.73584
-5.31787
6.70298
-1.84979
2.75397
2.28163
6.48731
-8.4116
5.00956
-0.998463
-5.79251
5.48008
-0.249205
4.60447
-0.74677
-5.40719
-8.72479
10.1351
-9.43008
-6.54788
-5.51803
2.43493
-1.52841
10.9626
6.93488
-7.59638
-8.32949
-4.62515
-3.74713
7.37984
-10.113
-7.30051
5.59789
1.70315
7.17008
0.0775423
8.46589
-4.69715
-3.00491
-2.99454
0.00912276
-2.34673
-6.46436
-3.85594
10.3468
2.49049
-8.14171
-2.44556
3.11618
9.70811
0.670003
2.31601
-7.97421
-5.28865
0.779223
-3.42485
-1.90415
-8.28737
-5.55741
3.37451
-7.658
4.99952
5.73092
0.771011
3.33727
3.55645
-7.63319
-7.36855
-2.29264
10.9043
5.43808
-3.36976
12.5539
4.861
6.74918
0.0432399
0.460141
-1.73431
-3.01422
2.61097
5.42642
-3.99479
-7.66366
-0.968143
3.94378
2.11676
1.01187
-2.24645
6.36965
-1.68971
1.17308
-1.99599
-2.97645
4.14265
7.41043
-1.36054
-1.86955
0.2851
4.08279
-1.46597
5.59159
-0.215815
-12.4213
0.881388
-1.8594
4.97117
-2.77235
0.819007
-4.96457
-12.246
-2.69326
-5.44625
1.72635
1.46582
1.20046
6.04582
-6.61495
-3.97667
-1.55173
1.60034
6.40629
0.138861
7.7088
7.1023
-3.02009
-4.30063
4.76989
-0.455887
2.82726
-0.306102
4.40861
-4.17035
-11.5112
-0.312645
-7.39821
-4.58789
-0.0897686
-4.13753
-5.10835
2.45736
3.87241
-0.212246
-8.14881
-7.52654
-3.54656
-1.13262
-2.93025
-2.43166
1.33368
1.28497
-2.12009
-5.47062
-13.5151
-6.09042
-1.91487
-8.43939
-2.82889
5.37345
2.7493
-6.16349
-1.68549
-6.68059
-0.843342
-1.64627
-3.32658
-1.26501
-3.36247
2.14288
-0.921251
-4.87876
1.44769
-11.0827
0.317997
-12.0315
-2.47155
-1.72053
-2.80929
-4.53332
-5.28252
-1.17871
1.4161
-3.66499
8.89203
-7.55199
-0.740097
-10.524
8.21756
7.17087
4.71448
2.39791
5.59197
-3.0387
-11.5728
2.91748
-0.613475
3.937
0.0992079
0.158031
3.5898
-0.424054
0.570891
-7.17926
-2.09309
7.14062
5.26866
-0.0331066
-1.6586
15.2465
-1.60679
-3.62525
3.04554
9.40968
-3.55194
-4.06674
1.54378
7.75206
-5.31047
0.415332
-0.308832
-0.192266
0.682708
-6.20898
-5.39032
-12.6209
-1.87598
-1.70997
-3.32709
5.05736
3.5534
-3.36319
1.43626
-3.95734
-2.58175
1.64692
-8.24738
-1.56129
-4.43962
6.7268
8.37488
-2.20249
7.04481
6.11935
4.78262
4.21952
-0.0906492
1.1227
-2.48772
-0.196648
1.03757
-8.01775
-6.37602
-5.97925
9.11091
2.35034
5.85206
-4.06875
-1.27227
9.33149
4.46326
-2.66081
0.266463
-5.0001
4.72
-10.4024
12.9385
4.6774
1.64153
3.4577
-2.08436
5.27908
2.25321
-4.34132
2.11054
-5.94871
9.4178
3.33561
2.09427
-2.908
5.65149
-5.54685
7.68936
6.64839
4.71485
5.52592
0.305145
-7.2124
5.25671
-1.24958
1.1785
-3.23941
0.912693
-0.117783
-1.1587
-1.42799
-5.54318
1.69937
-1.41891
-1.3465
-2.43082
0.915974
9.06374
2.66935
10.3882
-0.819617
8.37097
3.0781
6.02011
-4.19691
-1.66123
3.54153
-0.871952
9.27451
4.65069
2.51456
7.37649
6.55569
5.05774
7.87541
0.48444
-3.53926
2.89248
-0.231988
-1.91099
-3.88603
4.32791
-10.28
-5.8403
8.4696
-2.18904
-2.26057
13.0828
1.35751
-3.25237
-6.0135
-2.61975
6.45232
-6.86261
7.55174
-4.0921
-4.66587
-0.819098
7.41511
-7.93989
0.585979
3.84763
1.91166
-2.5814
-2.22444
2.79698
2.1193
-1.13915
-2.38163
-4.26317
6.00869
8.78986
5.97061
-15.1851
-2.22425
-5.12231
-1.87073
8.40472
8.76025
-5.11458
-4.41116
-5.58179
5.00959
11.4655
7.09128
-6.06758
-14.3491
-4.7785
3.51573
-2.43752
-7.61765
-1.83961
-0.765077
-6.92864
1.4156
3.82429
0.0523373
3.23985
-7.10689
4.79639
-0.194887
-4.86827
-3.42905
1.66994
2.04792
-6.8525
0.345598
5.28768
3.87861
-5.16779
-5.34956
-3.99676
-10.6003
6.57962
-0.139664
-6.00852
-5.2815
-2.3359
0.21135
-8.75468
7.68733
3.70249
0.928219
3.39144
4.96389
-0.378562
3.85468
-2.5101
-3.84202
-10.4078
2.293
2.57577
8.72952
-11.2205
4.88044
1.96705
2.92485
-4.29741
9.88929
-3.53543
3.38412
6.33524
-1.49804
4.69306
4.36217
-5.7625
-4.76653
-2.75964
-0.515088
8.34462
-4.40346
-6.34282
3.21336
-2.49828
5.28286
-0.236823
2.8389
-0.584326
3.63602
-2.80786
-0.473004
0.353412
5.5874
3.74856
-4.43217
-4.58243
5.86524
0.926072
2.23817
0.806813
-0.7105
7.86864
-6.24507
-2.72389
-0.391158
6.11193
-7.4837
9.00575
-13.2115
-0.225784
-0.860758
3.30339
-5.65265
1.13554
2.01662
5.46608
-1.12799
-12.9176
3.70299
9.40815
0.661419
3.1854
-1.13392
1.37116
4.73704
-1.11033
0.450698
0.438007
-4.21967
-1.30433
-6.78379
-4.34851
2.0242
2.81733
2.20827
-6.65374
7.19099
-1.17556
3.26647
-5.38246
-8.1638
-0.216118
-12.2239
3.8651
9.40834
-4.33326
-3.6168
0.289856
0.592439
4.48392
-0.884828
-6.18654
0.40266
8.40996
4.02426
-5.91269
-1.60344
5.60946
-7.58576
-9.86971
-6.27348
-0.0287658
4.52126
-2.24873
2.68158
-3.20178
6.85041
-6.49903
3.8827
9.53454
0.708108
4.14957
-3.53807
-7.81197
3.10188
0.181761
-0.984674
-7.94708
-8.08172
-1.01151
0.773118
3.58614
-4.97262
-4.51484
9.2259
-0.767534
-0.837769
-3.0586
-2.06813
0.990506
5.44403
-5.79122
-2.74749
-2.72635
9.11327
3.34219
-0.223883
4.65325
-4.1685
8.23138
2.00877
-3.0254
3.4506
-8.06401
-3.1321
1.56665
0.323019
-0.53197
-8.30863
0.508237
-0.0697947
0.248852
-2.57675
-1.09725
3.148
-1.69637
11.2507
-1.16473
-3.37971
1.62657
2.40293
8.52453
3.11439
5.45906
-9.09834
4.1186
3.94232
-8.19877
1.82915
0.978617
-4.43438
9.2818
3.87868
4.19284
0.706836
-13.6988
3.36026
3.74127
0.439934
-2.32598
4.68558
0.445805
-7.90383
-6.78748
3.22894
-1.97534
-3.3903
0.56387
9.44484
-1.99319
-6.26262
4.18463
2.36394
0.963914
-4.25457
-5.85984
-7.55808
-6.11414
-1.78728
1.09516
-1.14075
-10.6754
9.43347
13.3843
0.413694
4.13618
3.18943
5.18613
-6.63016
-3.22657
0.564459
-3.92218
1.09746
1.66625
-6.46278
-3.12836
-7.09042
12.6499
3.76154
-1.56853
2.05057
-0.437428
-4.70736
-0.97373
-4.58208
2.48196
-2.75857
0.0155757
1.47982
-10.3577
5.18343
-3.77026
14.0794
-1.28603
-6.75055
3.00283
4.35779
-1.5557
-7.3064
-0.895877
-3.82806
8.13876
-2.79636
-6.24084
-3.35135
-1.27404
-5.50982
4.50063
7.82675
-3.7703
6.22702
-3.21534
7.04253
5.00129
9.75248
10.0514
-1.1734
-2.76327
1.10375
-6.80369
-5.31296
1.09346
2.64769
4.89741
-1.81419
-4.99879
-2.35896
1.16518
0.861114
5.62776
-4.21499
-0.992138
-11.2302
6.52283
-9.4501
4.66881
1.76689
5.89649
5.27972
0.729092
9.25698
-5.75886
-6.23329
12.3396
1.69139
5.78813
-5.28812
-0.954824
2.95797
-10.1805
-2.22281
3.35015
0.277066
2.51416
4.48592
5.21191
6.07022
-6.53701
-5.34528
0.770401
10.5079
-1.99179
-6.21921
-1.49073
2.92526
3.30981
2.00685
1.70366
-2.09874
6.41132
-6.51735
-0.0528699
3.69969
-4.78892
1.07127
4.22561
-0.218111
3.1808
-3.90266
3.2013
-5.6522
-5.41469
-4.92116
-15.5961
-4.11367
-4.62677
-0.0169273
2.69302
3.48217
-1.10025
1.34192
-4.41546
-0.0495748
0.876453
-5.67948
-5.43623
3.6762
4.69582
5.34859
-0.223101
-0.082314
0.35072
0.668771
6.16585
-6.26006
0.10093
-4.65406
4.16174
0.883936
3.71816
1.32246
-3.07191
-0.310518
-3.03794
-3.12317
-7.43873
-2.81798
-2.59763
3.17003
-3.72349
2.77387
-0.0852868
-2.76812
5.85259
0.397452
6.46744
-9.50039
2.03553
-4.32731
-10.0177
-6.57466
6.3901
2.78321
0.597054
2.73782
11.7506
2.08273
-0.355803
-5.42339
-3.23135
2.01515
-4.22334
5.03073
-4.38218
7.91996
4.30485
1.65332
2.98832
-1.46368
6.92664
0.0307515
2.98455
-8.97778
2.70793
0.444005
-1.97434
2.76865
4.7408
-4.84007
2.92224
10.3081
-3.64312
6.17487
3.21252
-6.27902
7.08631
-1.91841
-7.68292
3.68121
-3.28338
2.52862
12.6407
-3.56892
-1.13117
-4.49028
2.04222
7.20249
-2.01122
-4.76873
2.61253
3.73244
-2.82048
7.4664
4.45743
-4.46412
-7.31459
-4.64759
-4.79781
-6.89887
5.20797
-1.24715
7.02205
10.5667
10.9854
1.62276
4.89481
-8.02815
4.60697
3.93141
2.14846
3.07569
6.14548
-6.89299
1.46522
2.8351
-2.20993
3.04689
8.26043
-4.25824
-1.9424
-3.79952
-4.54016
5.26679
-2.87762
1.39327
3.74343
-3.13422
4.45171
-9.00444
2.64112
1.04344
3.32777
8.26885
-8.44575
-0.347498
-8.19271
-0.594846
-0.296408
4.91634
1.53261
-6.03899
-13.364
4.98349
-1.84595
-2.97186
5.16713
-1.92925
2.68311
-4.70761
3.02839
-1.37926
-1.03765
3.1999
-6.98552
-0.393813
0.0953326
-1.92776
7.5089
-1.04872
-4.69748
-1.92831
-1.31515
1.03909
7.47816
10.4776
7.60636
1.98273
5.1489
-0.393197
-3.02227
-0.418452
4.09304
-9.03124
0.271252
6.32791
-4.82134
-1.7888
5.89158
9.73387
1.12191
-9.49825
-2.16831
-16.3191
0.358113
-9.23933
-7.9156
4.45535
3.31119
-3.80405
1.04367
-13.6675
-7.75337
-1.41329
-4.78651
1.35337
-2.04407
3.95049
4.76832
-5.76988
6.65662
-6.3663
-1.77693
-1.88494
-1.14725
-2.07215
1.50767
-7.03427
-0.668996
-1.52031
-0.251824
0.59123
7.02978
0.5285
-2.43813
-0.0648106
5.44398
-1.87753
2.28202
1.10029
1.07916
0.0350165
4.69898
0.771207
-4.79221
6.42701
4.24436
6.86275
-6.45242
0.427236
-1.9345
1.55576
5.81912
3.88232
0.247776
-2.7016
-0.429935
7.21329
-7.8393
3.9375
-0.192904
1.4901
-1.03974
-2.04871
-2.23985
-10.7942
-5.30643
8.92433
1.18632
0.535836
1.16707
4.00519
1.47144
-7.51243
3.70481
-1.61746
5.00722
6.13334
-0.226225
0.112972
7.26179
-8.20488
0.852815
-1.20236
2.37303
-4.15236
5.74452
-3.07647
2.81069
-0.336343
-8.21324
6.30888
4.2171
1.1678
3.87109
-3.00906
2.9262
8.66638
-2.23923
-3.81466
3.73073
-1.32773
3.47658
-3.46859
9.30795
-0.858315
-9.13499
2.14227
6.31354
2.62159
-0.658521
3.48406
-8.74934
-2.34725
-1.10245
2.43618
3.22902
-8.7172
4.21399
1.06582
-2.81825
7.82905
-4.06274
-0.84557
-0.305156
4.98753
-0.762977
-1.68554
-6.37228
-8.57021
0.872541
-1.85233
-0.540717
-6.42104
4.65597
3.68153
-0.696083
0.0435035
11.1176
-2.17121
-3.24653
-0.623001
2.11399
-1.6016
-0.766528
-1.17507
-5.75038
-8.23433
3.07776
-2.8603
8.29423
3.33731
5.22499
1.77713
-0.39403
-5.69734
-5.2768
8.23548
1.05589
5.33467
1.38508
-4.105
5.04723
-1.49125
1.23341
-3.79052
-3.63465
-2.83497
-2.3274
5.80573
0.061544
1.9846
9.87705
4.53039
-1.63936
-3.83906
-6.01295
12.5207
-11.3235
5.80098
-1.97661
1.10563
0.537951
9.06874
0.163426
-9.03566
9.94564
1.11734
7.29586
1.46048
3.51773
-2.72618
4.89344
5.66819
-9.4809
2.80852
2.00706
-4.54857
10.0374
-6.81649
13.6222
3.05922
-0.884733
3.67058
-6.5731
7.65338
-2.9916
-18.3143
-1.2642
-3.50463
6.35089
5.82791
-1.84618
4.60443
-1.79404
-4.95193
-1.10548
4.97435
-4.59287
6.30154
4.10727
-2.39947
6.86691
-1.23284
-0.496263
4.09842
-13.221
-2.02143
-0.19727
0.638363
-5.7004
-0.505232
-9.56976
-5.06248
9.36701
-2.85785
2.72549
-3.78428
6.96366
7.19574
-1.65604
-8.25879
7.3983
-0.388415
-2.08623
-3.34202
-0.634113
-6.2045
-0.46153
8.82742
5.90095
-2.69225
7.80092
-2.764
1.96469
4.19233
-2.88659
-2.55227
-1.99607
-6.63465
1.93487
7.32375
7.14818
3.36996
-6.14224
6.2873
-4.0333
-1.67253
-1.60071
-2.33193
9.48597
9.49899
12.261
9.21618
0.469782
1.09883
-3.22893
3.41524
6.90762
4.33164
-5.52117
-6.94382
2.83367
-6.05806
-1.61018
-4.1836
0.565645
0.611003
-11.7606
-0.805344
15.2653
-0.915015
3.81404
-7.2654
2.86568
-1.85889
-5.05601
-8.23642
-3.75314
-3.14585
5.09925
-0.284964
0.69001
-4.17925
4.75864
1.45058
-8.4903
-7.40537
-2.50887
-10.1854
2.13406
3.13006
3.76401
-2.69255
2.08775
10.7012
2.67347
-1.1424
-3.83846
4.26614
-3.9338
0.0968337
-5.98813
8.21844
1.36208
3.04356
7.41746
4.65284
0.379355
0.599835
-1.19292
-7.32694
0.942562
-3.29223
0.904582
-9.00701
-2.74374
4.42078
-2.50991
-1.94931
1.53243
-6.09249
1.7714
6.19984
5.27978
10.1118
1.44485
1.91495
5.19097
3.34971
-1.76797
-1.38829
4.35827
-0.802226
-7.78056
9.09989
1.60402
-0.351385
13.3085
-0.415005
1.90553
2.16251
1.4911
-6.39171
-0.137509
-5.58695
-6.42662
1.81911
7.82848
-9.09369
-8.42022
4.12016
0.473501
-6.87265
-0.376793
-3.52014
-1.58455
-6.27765
-1.01252
-7.64092
15.9645
-7.03097
0.154846
-0.796326
-1.95745
6.46989
8.08036
5.52246
3.23949
0.573273
-17.3588
-2.93072
-3.45362
3.60789
-6.10208
5.80293
7.77022
4.0869
0.918928
0.400556
-3.72829
5.33032
1.60144
2.1918
-3.71114
0.317707
4.48369
-3.86668
-3.61556
-4.58571
6.10362
-0.685293
-8.27973
-1.4335
-5.99337
5.34114
2.87832
-6.0118
-3.96702
-12.7881
-7.59657
-0.217923
-6.14947
-0.856202
-6.928
1.80495
7.53717
-0.484644
6.65877
4.70746
-7.41068
-1.98476
2.26099
-0.910166
-8.87061
-10.908
-1.82257
0.618486
-0.178966
4.05406
2.04688
-9.96075
0.627556
0.458913
1.64805
2.67899
3.87106
3.71064
-5.64937
4.65706
3.50247
5.28609
3.76934
-1.07939
-0.343666
4.85557
-9.2676
2.24853
4.8084
5.07775
-4.00638
-3.2002
3.02558
0.808344
-4.93396
-11.7454
4.84446
-2.37023
3.19871
-5.94614
1.86578
0.777921
3.40942
0.879374
1.32994
1.80708
-4.90077
4.29915
0.416394
-4.72575
6.30908
6.98396
-0.237662
-3.9885
9.38606
-8.58837
-10.4936
-4.017
-5.7711
-11.3232
6.53416
-2.65693
-1.73046
-5.45853
-3.27267
-1.61432
-5.57645
4.49179
-2.12655
-0.442001
0.627917
0.0283458
2.97268
1.18122
3.89546
4.58436
-5.24309
4.36904
2.16522
-0.578906
-9.81535
-7.21317
3.04663
-6.81649
6.28181
0.24096
-4.55482
2.09182
-2.39907
-3.8355
6.72922
-2.30219
-5.35255
8.41817
3.43575
0.965514
10.3362
11.6883
2.93608
-2.55177
14.6456
-2.01557
-6.8944
0.482231
-0.146776
0.261472
3.45945
-4.91842
-0.525078
-8.58465
-0.249909
-6.80064
7.83645
-8.95763
-0.0579163
3.15283
4.56427
1.6367
6.85577
1.33473
2.78231
-1.08349
4.13162
-4.90107
12.9126
-3.59079
-5.1403
-0.995631
-7.34498
4.87788
-6.32536
-9.91999
-9.11322
-7.5438
-1.00737
-1.45631
2.7447
8.20488
-3.99534
-2.2511
-0.657387
-2.4029
-5.93553
5.27835
-0.901978
-1.14832
-4.80597
4.63819
-2.31514
-3.0842
0.112334
-5.30242
10.6513
5.49011
0.238569
3.22484
3.56339
10.2311
1.46734
-1.88348
-5.2906
-4.12247
-0.668113
3.51547
2.85844
0.352649
6.88162
5.1201
6.90665
0.265691
-2.22959
-1.14562
2.22533
-6.23881
-5.9485
2.84973
6.55927
-1.37933
0.550477
-0.782902
0.0935822
5.07216
1.46561
1.66557
-0.609188
6.90824
8.4885
-10.7476
-0.683554
-4.12016
2.47096
-5.16777
-4.46391
-0.353019
4.61533
11.1109
-3.27976
-2.98436
3.0793
5.8629
-6.33542
4.13521
3.31275
2.48772
-4.86893
0.81958
-6.0537
-2.11229
-13.3536
3.4483
-4.96901
-2.74803
-8.21717
-5.04187
7.91558
2.69748
-3.37659
2.79386
1.42645
-3.48252
3.28145
0.234195
-1.23915
4.49215
-5.03632
-1.99308
7.35246
-2.02434
-1.26158
-3.08302
-4.74731
2.64571
-5.13812
0.539414
-0.466158
-3.64278
2.13092
3.74024
-1.51312
1.70465
-6.09839
-0.66632
0.170129
-9.9286
-10.1298
7.41601
6.01761
-2.28194
0.949856
-1.04499
-2.03395
3.19639
-7.26486
3.64306
3.24976
0.0947319
-10.5039
0.754076
-4.36164
4.36369
-2.05143
2.3119
-2.73677
-0.819995
5.17761
1.92519
1.79054
2.4388
-0.498509
12.9105
3.83806
6.13723
-1.92862
-2.77525
0.412769
-2.5762
-9.67026
1.57826
6.27745
3.99588
-8.58285
-4.35802
-0.270734
8.19227
3.61308
2.08196
9.43091
3.38446
-2.96326
-4.78456
7.99737
-0.030446
0.00720466
0.397607
-3.63054
-5.54872
3.82387
-2.82116
-4.82019
-2.2814
1.70977
3.53122
5.26301
1.53155
-11.5351
0.774462
-0.287665
6.57164
6.8643
7.35141
4.36653
-0.209974
-16.8258
-2.1335
1.07
-4.47745
0.39101
-1.16403
1.55113
-2.74654
-2.75818
1.41478
5.27859
-5.46738
-0.906515
2.55886
2.28824
4.83555
2.19056
0.549988
8.44557
5.10583
2.87663
-0.607493
-4.22058
2.39584
-12.4075
-1.34267
1.56952
-0.105268
-0.00941574
-0.227182
-3.77311
1.42053
-8.05435
-5.4605
5.17528
-7.28465
3.3344
3.61425
-8.80602
1.2961
-1.29602
0.855018
-6.17319
-6.28182
-9.35061
-0.905572
-1.86022
-1.27072
-1.48354
-5.08788
2.72508
1.72001
2.88758
0.87041
-1.6546
-14.2811
0.827629
-1.22549
-2.32249
-1.06673
-0.507887
0.157307
2.10068
2.03593
3.84913
-3.11207
-1.22368
1.51503
1.85937
3.474
-8.35271
4.23461
-3.27414
7.09829
2.96951
-2.40312
-3.89722
0.621803
-3.71779
-10.1705
2.02853
-1.24688
-0.791029
-4.33014
-9.91368
-2.84091
1.47972
-0.282148
-1.73038
-2.54237
9.7036
-8.55984
-2.55915
7.33448
-0.490454
0.856831
-6.60973
10.9802
3.32329
4.04174
-1.08911
8.4248
6.30627
2.62864
-0.847016
-4.25981
-1.65738
-5.84897
-2.25744
2.18458
11.0946
3.2584
-9.87379
-7.65911
1.92866
-0.754046
-2.45751
3.52539
-7.24954
-0.491284
-1.25441
-5.57181
6.04216
0.637491
-2.06517
3.7753
6.0778
1.54476
4.49451
5.32182
-1.63425
0.870219
-0.638728
5.99509
8.61484
4.55497
5.27269
-10.3072
-8.15064
-0.289853
-12.7762
-1.68794
-4.22242
0.620163
2.61279
-1.59255
7.20075
2.11701
-6.42715
-10.594
1.52618
1.1181
-9.5541
-2.6533
-8.2645
-8.0234
-0.489141
-2.2802
8.57916
-12.2235
0.748179
-3.5884
6.50684
3.30883
1.06342
0.0854441
-0.294815
-4.75207
-1.04236
1.64878
0.500893
-3.05052
5.68983
2.09952
3.67237
-6.66445
3.21724
-9.32475
-9.13929
-4.48435
9.91265
-3.35398
0.0576206
-3.30411
9.14319
-4.21261
0.729135
8.10411
-0.67461
7.11276
9.66782
-2.43093
-7.48577
-2.93745
4.65286
-10.4139
-1.42551
-9.43999
-1.59313
-1.07237
-5.42469
-2.31747
-5.79136
5.63496
-1.13542
3.16949
7.26771
0.975596
0.206176
2.52235
-5.52191
1.52
-14.6968
5.87989
-4.67727
-2.72422
-5.10305
-7.66661
6.48926
4.32023
-0.866344
2.78168
1.79577
1.35769
3.86652
-6.18009
-4.27558
-3.67724
0.746009
5.59411
-5.51349
-4.65882
-0.663123
11.3907
5.99108
3.62283
-6.85846
-5.01201
-7.78338
9.30627
-5.6098
10.5638
-2.93117
5.10721
-4.64567
3.67857
-0.535468
-3.35515
-7.78134
-5.43882
-6.128
-4.02647
-0.121203
-2.72791
3.19723
3.59297
3.02885
2.40085
1.77241
1.52254
-3.3148
3.15951
4.99452
-2.60835
1.14874
-0.595029
1.33344
-1.15215
-3.02203
-0.992684
-10.9139
3.70246
3.96533
1.65569
-4.41384
0.749657
-1.63569
-0.584928
2.08328
-11.2457
-0.0911246
6.76722
-0.953916
-5.72054
4.25733
1.40727
-8.28561
-6.69757
-0.475605
-0.0478331
-5.68039
9.38221
1.32534
4.23708
1.91339
-2.59034
8.52368
8.88557
-0.281733
10.0108
4.3558
1.37812
-5.41294
1.82528
-2.00354
1.18716
-2.50832
-1.85502
2.58164
7.87222
-1.9128
4.65844
-0.193886
-1.06031
-5.08651
4.21917
2.80916
3.62049
4.28622
0.67519
6.44237
-1.8131
-3.20965
8.18919
-0.186268
0.488373
-5.84174
5.71823
-0.63748
-9.38549
4.32836
4.31322
4.1294
-8.31262
5.43767
-0.497494
-7.66795
-1.91067
1.85662
9.7118
-3.50115
-2.29897
-4.79136
2.2929
1.42269
-0.020581
-7.29097
-0.372891
3.54811
7.45297
0.733525
0.82049
-0.489096
3.65096
-12.0792
1.13893
-5.85344
-5.25561
-1.09972
7.04478
-2.38154
3.67757
3.0347
7.47651
10.4525
5.60031
2.89557
0.854818
1.30465
8.27329
-3.32713
-4.4101
-7.26248
1.94026
-2.51202
2.51053
7.08299
3.14253
7.72223
12.3769
-2.52575
-2.63274
-1.74367
8.77365
1.99443
-2.28103
4.53973
0.784593
-5.72596
-0.0163329
5.17208
8.03554
0.414967
-1.44039
-3.18989
-2.461
-2.0021
-5.69947
-4.07169
5.1257
-2.7164
3.97717
3.98132
-3.65223
4.25902
-1.32014
-3.604
-6.67956
-4.70103
-7.33217
-4.43297
-6.95603
-2.71781
2.81466
2.73923
-2.57518
0.412423
-2.94312
-2.24052
-4.9264
-11.989
4.29169
-4.7905
-6.11908
1.41787
-1.32891
10.7463
3.48502
3.76029
9.42427
-0.247056
0.234742
-3.08408
0.999931
1.24756
1.46479
2.8551
5.10538
-2.0898
-1.69642
0.812719
-0.394463
-0.817456
3.74858
-11.2082
-8.50991
4.51538
6.44805
-0.705956
-2.99894
3.35331
7.95442
-6.24286
-1.22767
-2.8626
0.130791
2.86493
2.42893
-1.23131
-9.08104
0.470712
1.99691
-6.57194
-2.37292
-3.00373
-6.29866
-2.92505
-0.838215
2.4898
5.0679
-2.33359
-1.64533
7.02978
-6.88905
-5.75461
4.17016
4.6688
-2.10565
0.173361
1.63468
-0.274823
1.7001
-3.19931
-4.19214
-1.34502
-6.51994
6.79498
4.33392
0.669294
-0.517576
4.73843
5.71205
5.6655
0.64566
-7.60947
-3.5368
3.66724
-10.1991
-11.5608
-3.84656
1.25659
-5.62772
4.3453
-2.67793
-6.20972
2.03563
-8.86041
-3.06108
-4.94581
2.13777
8.52922
2.62544
0.288725
-1.1647
1.20725
-3.11517
0.385392
-0.735552
1.58624
-7.81769
-6.62118
3.78695
2.9113
-3.93767
-11.4077
12.326
-8.3681
0.279163
11.6444
-5.44469
-2.34305
-1.33538
2.98683
3.7706
-2.62555
-6.86015
1.07907
-5.19865
0.107693
6.01763
3.00083
-0.837174
2.71412
-4.95953
5.25005
2.09275
-5.65861
4.63628
-4.29413
-6.87801
-2.82014
-1.45006
-1.50294
4.35333
4.09233
1.58171
-2.56781
-2.20269
14.7706
-0.176688
-0.94934
-2.79325
1.22509
1.49174
-3.57041
1.66389
0.445072
3.62452
-9.94053
3.97827
-3.02114
4.55793
0.491597
-5.4832
-2.29783
-0.322099
-0.255817
-2.42182
-1.06707
2.33871
-5.62472
-7.3369
-2.78222
8.06282
-0.00217568
-4.3138
-0.764531
-3.81835
1.34322
0.010208
1.63934
-5.58145
-9.10293
-3.83955
0.425251
8.2431
-2.60902
-0.138627
-5.71898
6.81629
-5.57345
-2.9232
-3.27079
-0.250911
3.33315
-3.58059
3.45216
-1.02761
7.13247
6.38034
1.55874
9.03269
-1.90479
7.5642
-5.44431
3.18895
11.3534
4.91821
1.84696
0.797169
5.21027
2.36187
0.317636
2.16482
3.96061
-1.71527
-4.49294
-1.70253
0.842753
0.785746
7.07588
0.0338049
6.42015
0.506253
5.48984
-5.99302
-4.92427
-4.61
8.58861
8.11377
4.55676
0.967555
3.217
-2.38364
3.82396
-7.48146
-1.00097
13.0216
-2.3701
-0.489686
-1.23011
2.16552
1.43455
8.66519
1.32849
-6.65952
-2.45078
-3.65744
-0.0852979
-2.48673
-3.95071
3.14799
-0.248118
-3.1537
-6.95997
-6.60112
-4.73744
4.52011
5.98225
3.09283
-4.89041
5.02583
6.60102
0.722843
-2.92597
5.85974
-1.76147
-4.935
-7.2168
-6.19177
9.24231
4.21847
7.85731
-6.06976
0.672479
-5.18101
-1.3506
-5.74565
6.2718
0.121426
-0.190804
0.937215
-1.01388
-1.33276
5.79081
-2.82267
7.37282
-7.6708
6.85214
4.77667
11.2975
1.13109
4.62341
0.674854
3.30349
2.16839
-6.70141
-2.98699
6.91596
5.91267
0.766767
-4.2074
-3.34556
-4.67655
-3.74298
2.99614
-1.67857
4.8541
5.89974
-1.2215
-7.00606
6.08694
-16.9156
-9.97305
1.34329
13.0596
-0.918522
6.57441
-12.5605
2.50956
-0.998016
0.833285
-0.67353
1.90472
3.77061
6.1375
5.04308
-0.160331
1.66684
-10.2072
-1.33736
-0.118974
-8.44221
-0.873681
2.31342
-3.4848
2.01024
5.79031
-3.45883
7.19483
4.17578
-2.83139
2.42977
-5.82948
0.256239
-2.74609
-6.64316
0.380381
1.16748
2.45847
1.7166
-2.8302
-0.504244
-0.87316
-6.90749
7.61266
3.78043
-4.135
-1.82118
-2.38946
-0.367451
4.91677
-1.19428
-0.400755
11.3047
-0.827769
-5.60964
-4.17458
-0.13238
8.28189
1.0251
-9.93822
-8.82969
-1.20772
9.56472
6.80326
-0.974176
0.430951
-3.1414
3.37204
0.724898
-1.84262
-4.18447
0.947813
1.53049
4.42773
8.44228
-1.00423
-1.53158
3.31977
-2.99466
4.55195
-6.19626
0.263282
-0.737631
0.76371
-2.39165
3.15335
12.4754
-0.673152
3.78716
5.59834
0.953566
-1.73438
0.047502
3.71275
-0.356393
-0.851972
-0.487204
0.895191
-5.14386
-8.91254
-2.02553
7.40625
7.09179
3.91942
-2.54896
-4.67846
5.89322
1.16461
0.272223
-8.90295
1.1169
3.29966
-3.2577
5.83034
-6.64817
0.196318
-4.06077
3.09747
-8.90238
-0.501063
-2.20954
-0.951169
0.1299
7.36334
-4.16681
2.75779
-9.20694
7.18702
-3.7951
-3.05419
3.93815
-0.00139261
-3.83044
-0.80188
-8.47044
-13.8455
1.52807
-0.741502
-3.72619
5.37733
-4.03638
5.32815
-3.45691
5.80255
3.00066
4.23465
3.88697
-5.55282
-3.57922
-3.69047
-1.63914
6.15375
0.215401
-2.03754
-6.95469
-4.9552
-1.09712
5.50032
-0.0801445
4.42815
3.56149
0.368251
-4.11213
3.77883
1.10926
1.75493
3.29646
-11.1683
-4.54734
3.02061
-3.62416
-1.03548
-0.0762354
-4.46068
-3.92096
11.8134
6.01563
-2.68635
2.68714
1.30915
9.80588
11.2667
-2.03489
-0.621372
-6.474
1.54325
9.07506
-2.74724
-4.10296
8.15283
-2.62757
-5.89787
-4.76685
1.96376
0.806821
8.59371
-1.61227
2.44434
5.69293
-4.09651
-7.47202
7.07134
1.05504
-1.49107
4.04206
0.532847
-0.00802027
0.211231
5.92237
-7.563
1.54684
6.64338
4.22309
3.52497
6.68593
-0.548489
0.587886
-0.22721
12.1949
-2.79207
-0.493222
4.17705
-1.5791
3.67717
-0.524229
-8.28037
-8.13994
-3.11438
-1.45173
-0.823221
3.58879
-2.43737
6.79827
5.17858
-1.55878
3.1546
-5.46052
4.02762
0.932831
9.13004
4.32941
-0.865776
-1.7655
-7.02318
1.1022
-2.31932
-2.17463
3.66055
-2.22671
-5.07649
3.15037
-3.57582
12.8946
3.97613
-7.90032
-2.92346
-8.8125
-3.44657
-1.43293
-2.58164
2.15526
0.123059
-3.03864
-3.64888
1.64206
5.62317
6.90971
4.66079
-5.53873
-13.2703
-1.21678
3.49147
-5.24609
-7.74204
-0.378067
-8.16796
-0.624484
2.43706
14.1682
-0.506
-3.64916
3.35503
-0.683046
-0.912326
-1.91046
-2.66538
4.98104
2.30678
-6.06321
-3.61386
-0.582795
2.86502
7.8433
-8.47192
-7.25134
-7.65908
0.834402
2.49494
14.7976
0.908406
-0.904116
2.71936
5.35315
0.810516
-6.0948
7.9335
-14.0303
3.4363
-9.28251
-2.30686
4.98413
5.73474
-0.711381
4.619
7.12245
2.46209
-4.32351
5.41226
-2.00973
2.85036
4.48872
-3.97875
9.00566
-2.06897
-0.0916981
-2.87074
4.29768
-4.23365
-1.48057
2.12509
-4.18947
2.01211
4.7332
-4.05324
-0.0941688
-5.47761
-10.3553
2.73524
-0.333495
-5.08617
3.95825
3.16805
5.19891
-9.85271
2.7901
0.61751
-3.14621
-3.86404
-5.60174
6.36198
-10.7737
2.53676
-1.43471
-3.02343
6.37231
-3.33259
-1.65016
2.14095
0.122838
0.693058
9.9492
-10.8807
-1.73529
3.00144
5.43803
8.77378
6.39767
-3.71983
0.149543
-2.41161
1.61519
1.19568
-6.75621
-8.81027
-5.94716
-5.49188
-3.81424
6.16186
-2.89194
0.177372
-3.70843
9.42956
-5.35513
-2.43847
1.77577
7.19139
-4.03275
-4.79247
-3.78612
4.42062
-1.18192
3.57445
3.29122
10.0278
-2.23889
-6.08971
0.331429
-6.50369
-0.302022
-1.69206
10.0036
-4.71778
-7.59802
-0.0774132
-4.73298
-1.43146
3.89578
-1.3974
6.50647
-0.827281
1.23636
0.847952
-0.243134
13.28
2.49774
-5.58017
4.41301
10.6823
6.74767
-3.87112
-2.88781
-1.36864
6.53209
5.45533
-5.41633
-3.78109
-1.64234
-6.60822
6.29433
0.20212
-2.66872
-2.5976
13.6421
0.907787
-4.32443
-3.33926
-6.4221
4.8454
-0.216108
-4.06584
2.8985
-0.68054
6.40503
0.455518
4.15624
5.61648
3.8161
-0.0894966
-0.52253
-5.22593
3.89066
-2.85829
-0.564277
-2.62314
8.78475
-7.55477
-3.58257
-7.38095
-4.16427
-0.88956
6.59756
0.238929
-3.02701
-8.85503
5.83167
-1.36773
-1.18528
1.10894
-5.55708
5.77839
2.20133
-4.46091
6.54868
-1.0212
7.8227
-8.21223
0.644303
-6.20417
7.29474
-5.88469
7.37071
-2.50929
3.45303
1.75208
-0.00855949
-4.2724
-5.96361
4.68087
6.50182
-2.69535
-1.71184
3.57543
-3.66298
4.44734
2.17677
5.70451
6.04369
-0.804995
-2.1934
0.261157
4.02984
-6.35694
8.34839
4.56958
8.48337
-0.314483
-1.48695
-1.57913
-1.22877
-2.41559
2.20561
1.2691
-2.282
2.05795
-9.326
3.15589
4.24794
0.749386
3.79261
3.59127
-0.828601
-4.20947
4.93869
3.58585
-3.96126
-9.70635
0.862639
4.09726
-10.217
5.07195
9.25835
-1.35369
-8.39717
0.458055
0.110697
2.22841
5.96991
-3.79504
-8.11725
2.9378
-4.31737
4.82847
-1.08707
-3.78816
7.71203
6.58293
-1.60491
-1.97113
-0.186903
2.47253
0.910318
0.67588
0.271982
-1.84651
-9.93331
-7.98034
-2.1473
-0.257563
-6.99314
-2.31701
0.848412
6.27081
2.48843
4.80797
2.67822
5.08453
1.71384
7.08504
3.1728
0.0523829
-3.01262
6.85545
-3.32342
11.7506
-3.65655
5.26165
0.082953
5.48082
5.92756
6.20459
-2.07127
-2.20354
5.20453
2.37047
-9.95968
-2.74664
-0.449998
0.0943119
0.728376
-3.6863
2.58216
-2.16478
-4.86715
-3.25253
-1.51817
-14.7774
-7.79514
4.80458
1.73734
1.72466
-1.45456
-4.72978
-4.77927
-4.06282
4.88936
5.02436
0.0899896
-5.37364
1.07654
1.60746
0.945503
13.0957
5.51407
-4.07368
-16.2222
-5.4099
0.4077
7.31338
1.22427
1.79143
-1.91812
-0.607676
-6.8535
-5.48647
12.2586
5.34174
2.76938
3.41839
-1.80684
-0.376073
-6.00239
4.24182
-2.77668
-5.52735
4.45455
2.9
-4.40925
-2.31025
-3.03203
-3.57591
0.35603
1.01032
-2.14512
5.37303
4.3443
-16.2152
2.46104
-2.3536
1.45421
-4.74818
-7.78369
1.17403
-6.33218
-1.98161
-1.54453
3.28893
-3.90556
-4.32851
-5.01327
6.09914
-3.26798
-8.5524
0.10171
-8.50209
1.9179
-3.08283
-3.82266
2.81841
-1.36764
-6.66255
5.22479
0.578377
3.29847
3.80379
0.863079
4.31718
5.12016
-1.14081
-0.576912
-3.07733
-0.718824
4.56014
4.00032
11.4003
-2.68853
-6.63221
8.85394
0.658125
11.9496
1.65619
-2.39239
-2.00373
5.49506
6.74082
1.79777
-2.68646
-3.38177
-1.01841
4.2713
-6.37804
5.50977
-5.33081
-2.11467
-6.93214
4.85069
-4.13814
-2.61128
1.41415
-8.01565
-3.49155
4.24489
-6.93783
-4.11149
0.576142
-8.42221
7.37358
2.05675
0.793679
0.0237287
8.85808
0.967288
-3.98846
-7.48771
-3.62507
4.41819
-5.76624
-1.61677
2.4984
-2.74177
0.614481
7.52053
4.14139
-5.55813
-3.50494
-1.15051
-6.14838
5.31991
3.94267
2.32489
4.55874
2.03272
1.59283
1.62939
3.19351
-1.69958
-6.0862
-2.97283
8.48336
0.534117
-4.56281
0.33062
-0.64231
2.68835
-7.06967
-1.06025
-3.08128
2.8385
2.9069
1.24808
-1.9453
1.89893
3.01535
6.46981
0.392512
7.37038
-1.85799
3.63593
2.41443
-4.26991
-4.32621
6.67497
10.4428
0.618192
10.672
-6.42031
5.96604
7.37589
-0.471535
1.90091
-1.44795
-2.85181
-1.63018
-7.12475
0.211134
10.1849
-7.99481
5.13853
7.5173
-6.61684
0.874401
-4.94972
2.87916
6.27875
-1.02296
4.70716
-4.84566
0.483182
-4.57021
-6.94079
-3.27523
-3.32538
-0.663025
3.31854
-5.86126
-2.62945
-9.41184
-6.03654
-9.74779
-1.87629
2.63914
-1.68491
-4.91813
1.96626
-0.654304
0.554916
2.44036
-0.0161733
-6.12153
-5.1021
5.63568
-1.08792
-4.78467
-11.2436
-6.35357
0.831248
-7.68158
9.97484
3.7912
-0.948703
9.52998
5.10898
-2.30092
1.56999
-6.36487
2.96773
6.87782
1.47405
1.25733
1.85065
4.6451
-6.53871
5.13858
-6.00516
-0.380004
-7.15952
1.5349
8.6157
2.97497
1.31968
-2.43278
2.59956
9.11226
-3.79399
-0.962539
-3.24492
1.22344
0.751166
6.15782
-2.55186
-1.90018
-1.25549
-0.5817
1.70062
2.32245
-0.436676
-3.32449
0.870801
-2.08178
-7.73589
4.19167
4.88395
-9.47837
-1.72835
3.8588
-8.28368
4.84226
-1.23202
5.6331
7.01459
-0.585411
-3.25967
11.1217
-3.93445
-0.390496
7.4841
0.603937
5.13795
-1.62458
-3.13231
-1.7674
-3.63976
2.66196
-6.04157
6.71701
9.88514
-8.13472
2.28386
6.42489
8.98582
-4.60459
11.0404
0.10405
-0.0987834
7.78367
1.13574
3.18245
4.78745
-0.214094
9.28683
-9.24989
-2.97349
1.79957
-4.97919
5.51492
3.64726
-0.50803
4.52686
-1.89479
-1.06371
