-133.998
36.1996
34.8533
43.5742
38.4872
39.5596
27.7127
21.8242
30.4053
33.4507
37.9612
33.0626
26.326
29.3375
33.4546
36.5244
29.2546
28.592
31.6731
28.0094
27.0097
34.1459
28.924
29.1179
25.7235
27.2369
30.3447
30.0423
25.7762
28.6797
36.7182
27.9084
27.4356
27.8666
15.4389
31.2008
27.8656
26.7034
31.3033
35.4709
25.2067
33.039
35.9139
22.824
23.1779
36.7507
21.3723
34.6393
32.6074
23.4354
23.6309
31.389
23.4027
24.3944
28.5232
27.0072
24.5084
30.7929
23.7562
27.3396
15.3175
22.0104
24.7765
22.4875
19.9836
15.5731
31.2146
24.3957
29.8531
25.3809
18.7175
28.2755
17.1461
25.1967
16.999
20.5304
28.4317
22.6479
37.4446
29.3662
28.932
23.1918
14.2922
21.2066
21.699
7.29561
16.0559
8.07259
13.9163
16.5618
14.6394
19.6324
16.5497
9.95026
13.5634
18.2944
24.0274
27.5311
18.3612
18.5818
24.0316
20.2675
14.8254
19.4721
27.2404
27.7248
14.7101
12.7062
9.88832
9.26934
14.3217
23.7019
9.231
10.6045
15.1308
16.6769
27.5162
17.2393
17.2167
11.5396
23.9076
13.1121
24.5409
16.7701
9.48464
15.9645
12.6907
18.9244
20.8707
18.0731
11.8937
16.7345
10.4786
10.9075
17.4408
14.4154
11.0173
15.7416
10.7675
13.2769
15.5435
27.2428
9.31437
9.33013
21.5256
20.0959
13.9954
11.7597
11.1782
-0.290755
7.10647
11.8503
11.6537
11.1017
12.3002
15.1519
8.08757
11.162
10.5742
11.3696
18.1582
4.17998
15.9958
5.54196
14.0214
12.4553
12.1743
14.2803
9.39786
11.4271
15.447
8.05291
6.70273
3.46935
14.9867
8.32952
5.13438
16.3725
1.34171
15.7589
9.98764
11.6891
20.8913
16.7044
8.19288
6.62175
2.00415
5.21055
8.7529
4.82036
15.4051
7.88398
6.30581
4.90838
11.4721
19.1838
13.0958
6.89914
10.1816
7.44767
6.48042
8.63888
11.0188
8.55031
7.40792
5.75618
0.532036
11.3312
11.4246
-0.764041
4.26993
4.08602
11.6244
14.331
11.5397
12.8007
4.07604
10.6998
11.6049
11.2017
5.70285
8.65935
12.1319
-0.579738
15.4995
-0.534527
0.483053
5.78849
-2.86805
6.24753
-5.91871
8.54313
5.62653
8.42306
6.16605
7.42916
3.32451
5.92977
9.63357
7.20607
8.7626
3.00085
6.25788
12.5054
-7.43959
-0.0142662
-2.02635
11.722
3.04401
4.36771
2.78804
19.7534
-3.818
7.99465
3.87236
10.8727
14.4931
-0.524501
1.40255
11.6868
5.01837
-0.478324
11.2552
3.60452
3.63071
3.90748
4.42503
7.09824
6.29108
2.58232
2.50973
12.3503
-0.537705
7.28234
5.08222
11.3292
3.75811
4.45035
0.873563
7.89598
1.58095
7.68725
7.69496
0.149673
14.7614
6.41283
10.0352
7.44855
4.94736
10.4648
12.8412
6.30081
3.70837
4.8071
1.20563
8.41812
1.84613
8.52784
0.915125
-1.0787
-0.646598
4.38412
8.35422
3.37495
-3.64784
7.48605
3.95515
5.2235
9.75022
10.9554
0.983105
-3.43894
0.829712
9.14637
4.3199
4.80559
-0.517379
9.55475
18.046
4.40312
6.97358
1.86131
-10.0967
8.5719
-1.20342
-1.70671
-3.26668
6.2128
-1.37969
6.26675
3.57342
-4.04737
0.210015
2.08032
5.1354
5.29343
-1.00911
5.58963
2.65058
3.78503
3.84813
10.6466
-4.78756
3.3037
2.83148
-8.40439
-1.9688
4.24088
-2.3198
3.52952
4.10144
0.150547
14.7329
6.45054
-1.23018
-2.795
-3.43113
8.3831
14.3835
2.19578
8.36913
5.59839
9.72861
9.8238
1.42366
6.06064
2.64559
1.13442
9.31654
2.39177
3.99187
-0.509806
8.82396
1.5865
3.57245
5.5836
-5.11849
7.7973
-1.64391
1.87965
6.66382
-2.10229
0.0718949
-2.34279
2.60696
3.47581
3.29275
10.5394
3.45257
1.99621
5.83055
4.93973
10.8915
-9.68519
7.753
0.510999
13.1734
-0.822972
6.03062
-9.29332
-10.0479
3.64107
-2.39999
5.9734
2.72446
1.61504
-6.63076
-6.87129
0.93822
0.619362
3.7888
2.6031
0.236247
2.51429
7.67753
6.13532
9.05733
-1.90979
9.48892
1.17332
1.16249
-3.40406
1.39243
5.80986
0.748672
0.0662407
3.57785
-0.820889
3.73903
1.50092
4.98223
4.22456
7.0255
3.75383
2.16113
0.646206
7.31702
2.69279
-3.81442
0.520459
-0.053948
-1.79822
-3.31503
0.0838764
1.85305
5.53518
6.64188
-8.01408
-1.42299
-1.47088
2.6253
5.82807
-2.21187
11.0275
7.32628
9.99504
-3.63371
3.06961
0.414534
-3.36867
9.12394
-3.04169
13.7376
-5.07362
4.61998
-4.09607
-8.292
-2.57188
-1.66925
-4.8249
13.5531
-2.94343
6.45034
2.86023
6.83447
4.70301
-1.85516
-7.35078
-4.24818
5.00869
-5.14188
4.18769
-0.471203
1.56668
5.86097
0.728679
-1.92746
-1.42897
1.85323
-1.45587
-2.98226
-2.82751
-3.95955
6.98012
-4.76001
3.88486
2.65466
7.50588
1.58735
5.65033
2.79225
0.769138
1.49506
-1.11982
4.78607
-5.74403
1.04508
14.0421
1.83138
-4.33421
4.71419
-1.14964
0.109975
2.53585
4.10747
-3.96644
2.5079
-3.80866
0.260389
-1.36195
-5.38864
-3.03406
4.28306
4.62491
-3.79531
-4.24535
0.159529
-2.14925
4.59547
5.83034
2.31151
-5.57179
10.6788
3.3968
6.39217
-5.81398
-4.4071
3.14504
1.26493
5.92951
9.9246
-4.7185
7.83431
2.54815
1.24105
-4.13122
8.79828
10.1394
9.79993
-0.11604
2.33939
-4.95644
-3.29993
-0.578157
11.5772
-2.45192
-4.61562
-1.14389
-2.57937
-2.62675
1.24307
3.69163
8.20475
-5.53797
5.24219
1.23684
6.10234
-4.53631
1.05721
0.666332
-5.24281
-0.143054
2.99888
-1.95491
4.24516
2.18629
0.178852
-1.38132
0.22875
1.79043
-4.36207
-2.83271
0.743173
-1.25467
-3.06081
2.66091
11.5417
-3.31711
1.79121
13.2985
2.60275
-0.0215094
-4.21968
-4.39749
-4.18889
-5.38034
-0.864134
-3.42259
-1.90671
5.28387
-6.29286
-1.1873
-5.15153
-3.67375
5.23255
3.7003
7.44086
-2.54887
-6.63189
-10.8042
-10.8111
-2.19318
3.87723
-2.0596
4.51687
-0.484498
5.4843
-3.65287
1.8615
3.93794
8.31813
-0.726185
0.687843
1.72565
0.837818
0.724944
0.324743
-9.02771
-8.07908
6.18062
2.7423
6.35103
0.655868
-7.77947
-4.41679
7.97098
6.94997
-0.149168
6.28971
-8.76859
-0.185701
-9.52242
1.69231
-0.587154
4.00048
2.73704
4.11588
0.746964
-2.60498
2.01655
0.37666
4.18037
1.27764
-5.68014
4.33761
2.99469
4.35216
-2.18828
8.74359
-0.3499
-5.87248
-2.16834
-11.4969
-13.2059
9.89933
-0.388492
5.0464
-4.10486
-4.88858
0.693742
-1.15526
1.57739
7.8641
-6.06803
-6.65111
9.70398
-0.798649
-0.172104
-6.29493
2.74337
0.626625
-5.01382
4.81645
-2.24603
-1.10471
-2.99433
5.9986
-9.04554
-2.53332
3.737
-8.06115
1.19729
2.9578
8.33815
-5.96615
-0.492917
-1.71197
-4.07414
3.51109
0.802564
-2.62588
4.98752
5.20013
-5.23359
4.81033
0.73748
-9.40645
-5.04108
5.01308
-1.92834
-2.70347
-1.91113
4.16916
-8.00292
1.99324
-6.77779
-4.90078
9.73526
-3.92373
-0.311552
-6.37802
-2.44415
4.39357
0.260687
-5.85451
-2.84295
-3.71332
8.96294
14.047
-7.27424
1.34386
7.56385
-4.12178
4.89302
1.60289
2.94709
-10.9421
2.97979
-2.30191
4.12337
9.5564
2.72939
-7.99676
-1.83345
-2.4
-0.841684
-4.65001
1.24925
-1.25802
-3.50908
6.86985
6.93687
0.0718041
-1.20233
7.12413
-3.81867
-3.07024
-0.238938
-3.68367
4.67151
2.56133
0.624521
11.8175
-3.92757
-1.34946
1.67456
-6.61144
-0.926562
2.43259
-2.01047
0.0859516
-1.99346
3.30158
4.78006
4.22014
7.66025
1.27844
1.11135
-2.74427
6.96787
-1.65527
5.83251
-2.91721
4.77425
3.3326
-3.00084
1.34016
-0.365085
-0.683312
-5.72992
3.27988
-5.54337
5.29709
-5.19028
6.56811
-2.71967
1.53324
-9.40839
4.75111
6.43211
0.974202
1.42777
-0.00350674
1.17379
-7.77632
-2.3176
2.7595
7.19089
1.85155
-6.81833
-1.85202
4.28396
5.97256
-1.45485
9.50205
1.73348
3.46413
-0.0839096
-1.20406
1.27286
6.21244
-0.141382
3.64226
6.87144
-10.2699
3.12669
-1.1044
4.04884
8.35341
-0.318814
-2.63427
0.151234
2.85157
-7.74955
0.0144308
4.02685
1.0285
-5.71003
0.997267
4.16564
-3.47918
5.41039
-3.06605
0.259752
-3.75012
-0.17322
-0.921629
-2.52292
0.835431
-5.40202
-8.43384
7.61887
2.45922
-1.40174
3.63156
3.55453
-5.12037
2.16936
-6.49283
-1.3841
-0.430061
-4.38771
6.19081
-0.934422
-5.63786
-3.7708
2.9153
-10.9017
-4.75946
5.46812
5.2264
-0.586121
-2.46257
-1.6998
-8.61746
-0.30574
4.26657
0.897869
2.58966
-0.755264
3.07916
-0.60157
-2.89653
5.75698
-1.76635
-10.7352
-3.63267
1.04862
-2.41016
4.7632
-1.15293
1.54329
3.74863
8.11367
5.30819
-0.16608
3.61167
2.9277
1.12003
-0.475351
-2.29422
-0.295158
-8.85233
-8.22243
-8.14775
-4.55306
-0.0217044
1.92948
-6.05549
-3.11201
-1.53215
-4.88616
3.18836
2.04151
10.2002
5.29324
-1.90813
-3.1092
4.30334
-8.39817
-3.37178
-2.8763
3.50146
4.68518
-1.44187
-0.557987
7.95883
2.07358
-2.099
-7.78364
1.49709
8.09881
-0.528421
1.4147
3.1459
1.28441
-4.67856
8.78522
2.56465
-5.54785
-7.78172
4.00172
8.08041
6.03721
1.22987
7.87819
-0.74701
7.60153
2.5304
-7.4195
-1.66611
-5.90901
-3.87234
1.37543
6.00263
4.60146
0.186682
-3.96695
2.93455
6.11774
3.88591
-3.72636
-6.31101
-2.96311
-11.928
2.2852
6.61083
2.9549
-4.12338
-3.30503
-0.564113
-1.42233
-2.12439
2.3873
-7.002
-0.428272
-3.19936
-10.843
3.13428
4.7807
-1.08289
8.40316
1.28045
1.11005
-2.07844
1.9465
5.66076
-2.50734
-5.00672
-6.64803
8.47752
0.962093
-1.64683
-0.23026
2.67314
5.43242
3.18833
-3.45508
6.79869
1.17964
-3.06364
-4.77441
-3.74815
0.683903
0.875561
-3.90978
-1.60586
7.21521
-1.88181
-1.02465
0.941622
0.386707
2.64077
-3.0688
8.74224
8.3979
-1.86887
2.09102
2.71136
4.47361
-1.29319
-8.18714
3.85088
-5.01611
-4.1592
-0.776255
2.87501
4.21788
0.0635257
-1.26737
-2.04982
-6.06754
-6.48365
10.2558
3.47268
-3.51119
2.94951
-2.94224
-0.416973
-11.3412
-4.19097
0.705608
-3.94008
-0.498512
5.81797
-4.03485
-5.77515
-4.06486
1.19423
-2.08997
-2.84421
-2.16462
7.43025
4.49889
-0.101808
-1.55095
-3.03526
0.437736
-0.70332
8.18302
-6.50889
-1.42022
-2.15935
9.50716
8.33682
-2.88753
4.44002
7.14285
-0.317881
-1.90481
1.01475
3.82141
3.57601
3.25278
-0.507306
-4.74544
-0.570434
-0.0405513
-0.96962
3.64527
2.35694
-7.75396
4.77528
4.83694
0.430484
-7.02412
-0.801759
8.30275
-6.15412
3.45685
2.73137
2.94919
13.5474
-1.31969
1.24057
3.78359
-1.81164
6.68577
-4.18251
2.81926
8.00691
8.11112
-1.18614
0.193305
-0.820656
7.68756
1.41713
1.24028
8.98241
4.06812
-4.43023
7.06165
9.55347
6.4012
5.17607
-0.680983
-7.60564
1.07773
-1.78145
1.45069
6.71111
1.99064
3.05112
-1.84241
-4.66569
-0.365116
3.69604
-5.60004
5.23131
0.766255
0.517966
2.04837
-4.16819
6.52008
-2.42576
-5.39353
-2.08823
0.485035
5.45789
-2.78905
-9.82024
-2.22168
-3.77952
-5.1274
-5.29039
-2.26197
3.49912
-4.26504
0.984657
6.97478
2.66524
-0.751099
2.54284
3.98432
-3.13072
1.21733
5.44753
5.58811
-3.82925
6.51594
1.3512
-7.39367
-2.46764
8.08003
5.0421
8.1808
2.57716
-3.22864
3.92909
0.121855
-5.36037
-4.02516
-4.10169
1.49587
-5.4667
-4.7188
9.92337
-6.17236
1.0853
0.774411
2.87547
4.57209
0.548234
-1.30093
3.84864
8.62314
-4.42401
-1.03886
-1.48919
3.04378
-2.83583
-2.71114
0.811048
-3.5421
-5.15333
-0.934859
-2.09026
2.86128
7.42528
-4.923
9.76716
11.1673
-6.58383
1.31428
3.23631
-7.62089
2.30293
1.30366
3.80821
0.0877318
-9.1822
-4.76086
-2.68632
8.44065
-3.61727
6.18602
6.07046
0.338181
3.34031
2.26098
1.61428
2.14265
-4.82059
-4.43309
2.88256
-1.71032
-1.81693
-3.33675
-1.40674
2.33683
2.92552
-2.95897
-0.749866
-0.0243926
0.789026
-5.00193
-3.24264
-1.71909
-10.0003
0.920688
-3.89177
-5.45576
-0.0523895
1.14478
3.8722
-0.346802
7.52182
-1.08736
-3.57947
1.68817
4.24146
-2.71834
2.60721
-3.15839
0.723376
1.45378
0.125674
4.87976
-0.633099
2.18239
-6.23248
-9.55666
5.16766
-4.86709
1.38315
6.25649
-1.3244
11.2033
1.6181
-10.6474
0.310124
-0.839433
13.9816
-1.65329
0.44284
-3.75121
-6.67773
-11.2178
1.08477
3.14144
-4.13183
4.94444
0.614098
7.1172
-8.05131
1.04411
6.2325
6.53926
-5.22662
4.71152
-0.677674
-2.12644
5.26702
3.55438
-1.7968
-0.269965
5.53945
-5.57135
-4.2074
9.83609
0.85306
-7.91004
-6.00026
3.82253
4.38532
-6.88155
1.25496
1.92623
-1.68588
0.238119
-6.47081
-2.46073
3.04033
-0.738338
-1.79548
-0.846609
-4.82755
1.42337
-0.474445
0.613183
1.83357
2.60497
2.00128
2.63878
-3.96499
0.0543835
1.63564
0.171164
1.92784
8.06233
8.25235
-7.30244
-1.05403
-1.40765
-4.20689
-0.989177
1.27505
5.38179
3.60353
5.06419
-1.43168
2.29037
-3.04269
-3.63623
-1.28605
0.935513
9.13754
9.44237
-2.00384
0.780743
3.93333
2.95727
5.97435
-0.637107
-7.08246
-4.61913
2.44011
0.587751
-7.36251
1.23514
-4.39342
-4.53091
-11.2608
-2.26861
10.5698
-1.59554
-2.26544
6.0232
1.29889
-10.5877
-1.55209
1.58091
0.631809
3.04357
-1.74836
-6.66637
-6.77402
-9.06762
-1.83372
-0.000296081
8.25304
6.45926
3.80581
6.18754
1.72561
-3.79911
3.92936
10.7648
10.433
-0.915292
-1.92438
-4.31873
-2.00421
-5.68892
1.59232
7.34631
-4.084
-3.12283
1.97946
1.55773
-8.9097
-1.95121
-6.65121
-0.808246
5.83263
-5.74439
2.00897
5.19692
0.649763
-3.89162
-2.37862
-9.27676
-5.47086
6.35834
-4.97439
2.9184
10.3205
1.85727
-2.48041
-0.811638
1.4673
4.74582
12.2724
-5.85292
0.628629
-2.45731
4.27165
0.568987
6.95519
4.99506
-1.78883
-2.1901
-0.180808
-1.69815
1.85377
0.895919
-1.85449
-1.09754
-0.186161
5.65205
3.35245
-1.05592
-4.78825
6.16347
-5.76031
-2.71001
-9.77877
-1.63737
4.53104
2.19831
0.328842
6.80623
-2.34169
-5.44963
-2.63031
1.34055
4.44518
-3.98963
1.51607
3.43769
-9.44481
-3.27054
0.37004
-7.37818
2.42826
4.07216
6.72344
2.71276
-0.0407657
0.600286
2.26336
5.20828
-7.28262
-0.528504
5.08571
-2.83598
-9.49269
-3.6758
-5.57218
1.25403
-2.91463
-0.637683
1.49813
-11.2635
0.15022
4.59752
-1.7702
-9.07407
2.63159
-0.51161
-1.92433
-11.091
-4.90287
13.1559
-1.69482
-5.77277
11.6535
5.68675
-8.97662
1.86364
-6.83497
6.5669
-4.10404
-2.35262
-2.67821
0.752899
4.96111
3.69725
5.95051
3.66628
-2.13674
1.14583
-0.145872
0.887957
1.22044
-1.55005
-1.70662
-0.377445
-7.55077
2.33613
3.02406
-2.24505
2.62123
5.73997
1.99776
3.39307
5.9937
-1.48011
-5.53277
0.932634
5.63716
3.15895
-3.87972
-2.53215
-6.85776
-1.01085
-0.360104
1.8125
6.77001
-1.8447
-3.70994
-3.65164
-0.00399849
12.8773
-3.61762
-7.27791
-1.46392
-3.91308
-4.29831
-1.36672
-0.384686
-3.81173
0.0194687
2.15939
-1.16655
-6.87941
5.47523
-12.6881
0.90015
1.92711
1.49384
-1.21672
-9.37719
-5.18456
2.31576
4.41687
4.67144
1.63655
-5.94174
0.516057
-1.53437
2.38408
-14.579
2.12097
-4.17799
-9.40207
1.80082
-2.37597
-0.850089
-1.57433
-1.28165
4.08342
5.51281
-1.68136
5.82204
4.17264
0.950723
7.10425
10.7638
3.07099
-4.22405
-3.83313
-4.01925
-3.9861
0.913754
-9.16949
0.0397997
-5.50087
2.82163
3.56702
4.48549
0.197534
0.447728
5.38035
-9.15897
2.33096
-7.16783
-2.77057
-7.86317
-5.98534
2.52802
5.55532
1.11789
4.2829
-7.74704
7.07421
8.27985
3.15078
10.4585
7.27419
3.46351
-0.620634
-5.29834
-1.23402
0.993677
-1.0186
-3.98065
10.4237
-6.62521
2.83955
-5.71371
-10.2702
7.89542
-1.52815
1.78365
8.49596
5.69472
-6.21945
3.9565
-0.212754
0.0954513
-5.0542
0.858176
8.6677
3.04462
5.40794
2.37199
0.846649
-1.16896
-0.573164
-3.43986
-4.40256
-7.33054
-11.2109
-4.55644
-1.37285
8.04643
0.352114
-2.36075
7.52615
-3.78995
-0.0268532
9.13933
-1.90269
2.53633
-0.246649
3.90619
-2.28291
-2.45211
-3.80393
-4.89907
0.871572
4.77039
9.2244
3.3897
-5.59737
-1.11776
5.51704
-6.88133
3.45421
-7.75432
-6.82664
-2.46854
-1.2711
-0.163713
-1.65108
-1.35031
4.17239
-4.30043
2.42412
-7.29445
2.18908
-2.80272
0.793457
-0.759634
5.36745
-4.77422
5.45863
1.88082
1.70251
-4.33684
-4.3667
8.70695
-0.541004
-6.66937
2.62938
7.04451
-1.0541
10.3866
-7.16927
-0.305198
0.489263
-13.583
-0.0161946
5.84835
3.05035
-7.57766
-0.317443
9.57456
-3.46204
-6.68162
-7.87812
0.575296
0.284203
-11.1732
-0.00995281
3.44789
-6.49874
1.11833
1.93887
-8.42135
-5.73808
1.60475
-3.70531
-1.54858
1.07162
1.86326
5.151
15.246
0.525713
1.27159
3.73681
-5.74764
-3.80971
-1.97277
-3.65559
-7.71234
-5.87491
-4.82971
-3.33
4.45382
9.54449
1.14708
-9.01756
-5.79796
-9.6224
0.0632028
7.68721
10.1152
-10.8388
-1.37616
-0.899126
9.03287
1.48756
4.93896
-0.272072
0.237522
1.08752
-8.07044
-3.90498
5.5149
-2.8656
4.20571
5.20485
-1.72603
1.38209
6.55611
3.2626
-5.83588
-4.73881
-0.27839
-1.81196
-8.22749
-11.8114
-4.04657
1.25537
1.91839
5.78095
-2.96119
-1.79085
3.90483
-6.68631
-1.08572
1.08841
2.25712
-4.04818
1.2073
-6.32241
-2.46563
-1.99422
7.71103
-0.508308
1.69147
-1.34477
-7.66359
-9.11273
-0.724993
2.52361
2.87443
0.741534
-11.7128
-4.88436
3.20757
8.20296
13.8114
3.64635
7.17829
-2.13839
3.58611
1.16397
-1.26034
6.01642
0.468948
-0.742015
-1.26906
-1.62859
-10.7954
-4.86688
0.938514
0.806252
-0.1573
-5.69229
3.86279
-0.475345
-8.78706
6.09866
-6.7432
-5.46237
-12.4166
-0.664273
0.414966
1.81686
4.65213
0.185257
-2.76713
3.14039
1.5826
1.46397
0.455528
2.36856
1.81426
-0.0381401
-0.545022
-1.29688
4.50411
-4.54454
-10.2046
0.986546
2.622
6.93668
9.07945
-1.28159
-3.78268
-3.43295
-0.726331
-1.39166
5.19526
-3.40168
3.20402
-5.5567
-8.61552
-3.96134
-3.11525
3.47957
-0.791731
3.82028
-3.13955
-4.14625
-1.08887
-7.99859
-4.18098
-3.89711
-1.52942
2.45115
4.47583
4.26657
3.52849
-1.41039
-3.19748
-0.468689
-0.431078
2.30713
7.66213
-0.543148
-1.18895
-2.29084
5.68603
0.0141816
-5.53299
-0.449493
-0.713541
-1.36743
5.69102
-2.51398
-8.7549
11.0374
0.693381
0.635795
-0.643354
-7.84871
1.1753
5.15364
-1.13577
2.73472
0.797881
11.216
-2.81154
1.04718
9.11693
1.74661
2.46838
6.08059
2.73273
-3.1241
-3.0116
-3.2197
-2.88699
-4.62415
-2.40185
-11.3316
-6.81559
-2.05736
0.234062
-3.32129
-4.43452
-5.19043
-2.81615
-1.23844
-4.42171
-3.36237
-3.55925
-2.68454
4.85126
-6.05202
3.98244
4.20448
-3.67896
-0.449502
-6.60679
-4.65139
14.8568
-8.08708
-0.408129
1.90565
-5.71892
-2.85073
2.75316
0.782933
3.32619
1.3058
-3.49322
4.36438
3.84616
10.6372
7.67116
5.52258
1.42762
1.33274
-7.55261
-6.28459
-5.23511
-1.77936
0.25006
-0.227604
-7.95186
0.0452666
-4.65251
-0.177419
3.69044
-0.922324
-5.34142
6.86701
2.57972
-1.31852
4.95748
-2.65653
-1.70499
11.8764
4.06265
2.03982
-6.93531
1.21053
4.23741
15.6208
-1.89299
8.05102
-0.314589
-2.28769
5.20207
8.23766
-8.87479
-6.65573
1.78249
-0.926004
-7.68832
8.93732
-0.578901
9.14916
-7.8895
3.66477
1.09783
8.06958
7.55994
-8.1609
7.09193
-3.19811
10.7546
-0.00209535
3.71712
-5.51555
7.17383
-4.00242
13.5648
4.91937
-4.66411
-7.31829
-1.98261
1.86162
-1.42733
4.46894
-6.49348
2.82654
10.2931
6.96046
8.06104
-4.99955
2.52256
-6.12838
-4.09917
4.87974
-1.7624
-4.19872
-7.39191
3.23594
1.27292
-2.48338
-6.37908
1.66426
6.11189
3.3316
6.24732
-2.05557
-3.71627
-1.3608
6.66843
-8.00631
0.421805
2.16092
-0.399062
3.90668
2.44811
1.43384
5.94292
2.01589
4.11823
-0.382077
-2.98413
1.44644
-4.90963
0.202333
-0.310036
3.97746
-9.63605
1.6405
-4.21592
3.80154
1.1816
-1.70149
-4.18345
-5.5014
-2.069
3.96277
-6.94141
3.07572
-6.59772
9.93003
-6.61979
-9.22844
-3.60365
-5.14047
1.64533
1.06392
10.6861
4.94684
2.43802
3.58934
-0.598156
-3.75965
1.022
-10.7129
8.58625
4.34529
-6.72585
-3.06798
4.69904
7.13485
2.48913
-8.30493
1.49401
2.17294
2.63339
-4.75524
3.88399
-2.74383
-5.39435
1.74469
-5.12494
11.0289
4.64556
1.16653
8.14651
3.53592
6.31344
-10.1189
-0.947142
4.17611
4.01393
2.28137
-0.318822
-2.02899
0.316101
-5.67815
1.41134
-1.26616
-0.284613
-8.9466
-3.60347
-2.68405
1.13019
-4.19941
-15.0954
-3.5376
-4.52985
-5.87793
-2.1718
0.323769
-6.69612
0.0852584
-4.9455
2.17932
2.83516
1.2028
1.81053
-2.54579
3.82536
8.94858
-2.01613
0.634319
4.08844
-4.38366
1.20534
-6.80926
-7.85258
4.47919
-2.20415
-0.562689
-4.04447
-2.76051
-4.25557
-0.958702
-3.40062
-2.19371
4.36772
10.1735
-6.11759
-4.42924
1.33663
6.75824
-3.10003
-0.364895
0.916729
-2.51187
0.0376698
2.54739
11.0775
-1.53477
-1.83198
-3.24407
1.68409
-8.2037
-0.16934
-2.40608
3.50893
2.4405
13.7228
-10.004
3.03007
1.25351
2.23232
1.68691
1.93764
2.55771
2.96021
-1.66187
2.44437
0.63201
-7.37368
1.68862
6.39976
6.88405
-1.57734
-11.3978
-4.52547
5.88939
-4.78157
1.06185
4.682
5.47331
-3.58395
-7.41795
-3.92883
-1.31817
-1.82698
-1.50545
-6.86348
-2.12114
6.887
-13.6889
1.52654
-6.62497
1.89563
2.098
2.30802
-0.621017
5.24453
1.4117
1.27237
5.10098
-0.516633
-6.74286
2.75823
1.27626
6.95852
-4.79164
-1.22785
-4.73484
-5.71546
9.09942
-11.1168
4.56922
8.73192
7.58504
2.95932
-4.78595
7.11297
0.605528
-5.5674
1.82032
4.18474
1.52038
3.59155
7.28819
-1.73321
-7.10828
-0.965686
-11.0566
8.78805
0.500514
-0.472689
-6.19118
-0.210195
-7.45985
-0.944919
0.392976
-2.6323
5.33944
6.08956
-5.20975
-1.44021
-10.7465
5.05167
-1.80688
-4.17467
2.87775
1.45896
1.37515
2.1168
-2.16778
1.54192
-5.38814
-9.22732
0.00541569
1.26741
6.87283
9.61011
-3.26308
6.68089
-2.04353
10.6319
-3.55154
4.88206
2.23455
-0.5195
-3.27626
2.10488
7.59141
-0.740564
2.96397
-2.65233
-5.20366
0.299129
-1.99658
-8.47989
-2.00421
5.91761
-1.04471
7.00322
-2.29946
5.2963
-2.94528
10.1297
-1.05853
-6.56009
5.89509
3.24757
-3.40835
-0.17161
9.27304
1.01071
2.86949
-9.50762
-3.19986
-0.298567
4.71055
-2.16874
-2.98998
8.38902
-1.75127
-1.22771
-0.205371
-1.49896
3.47273
0.347537
-4.29016
5.71471
-1.12029
0.859062
7.4175
-5.50219
-2.54481
-1.37277
0.866396
-3.69271
0.0621409
-0.911718
-0.692309
5.76124
2.39023
3.11112
4.24474
4.08333
9.5393
-10.189
-3.36996
-6.29071
1.93462
0.728278
2.08506
2.70736
-4.82219
-11.989
-1.69906
-1.12654
4.98405
-6.05041
-1.09511
3.08052
4.07754
-6.29692
5.34891
-0.591685
-1.46668
6.11263
3.68861
12.4038
9.25918
1.09329
-3.57852
-5.9005
7.92177
2.22799
-1.21385
-6.87081
2.70295
7.24127
-0.16485
-0.116308
-9.96497
-1.96741
-0.144937
5.03377
-0.0590716
5.62984
-1.3123
-1.86916
4.39131
-8.12554
8.80973
-6.33785
-5.29142
-10.0506
-3.1902
1.49238
-2.09391
7.67527
6.41622
2.89105
4.81097
5.6042
-1.93748
-4.15614
1.29403
-1.35494
-7.66025
-0.560445
11.536
-0.567631
1.90177
6.6452
-0.113633
7.31661
1.55608
-8.32895
9.44697
2.20613
-9.40842
3.12466
-9.57509
1.25989
7.80693
-6.30884
-4.45624
7.01016
-1.21199
-12.3447
2.56258
-8.63241
4.89531
2.39184
-9.46359
-4.79328
-1.01187
-4.68742
0.873153
-0.979971
-8.33023
-6.63584
9.33745
0.865243
-2.47323
10.8501
8.03425
2.80118
-5.50944
-0.606126
-2.10063
7.38105
1.26754
-2.77183
10.1832
6.10587
-0.611277
-0.574288
2.95942
7.39207
-0.954018
-6.08041
7.042
-4.39897
1.76552
-1.58142
6.37833
-0.514602
-10.4236
-5.3864
2.30156
0.413896
6.84202
1.08942
-3.95917
0.425408
-5.91742
-0.860744
-1.01118
5.48585
5.65369
-0.221449
-0.250624
-8.46537
1.83254
5.55408
-2.39257
-1.21443
3.65996
-15.5669
3.93911
3.27248
-3.23124
1.82147
6.95707
-0.501328
5.17541
9.82473
5.51922
11.9368
2.70943
4.75258
-6.90789
5.34008
-1.89444
2.86025
10.5789
3.13115
3.0927
-3.59814
-0.859572
-8.42051
7.56352
-5.82711
7.53576
-3.31284
-0.315467
-3.50086
2.35123
-0.767854
8.24604
-1.19007
-5.07255
-3.2541
-7.1326
2.50418
9.09692
4.12936
-12.3018
2.12594
9.10818
-0.0493466
3.42848
-2.21079
-1.21217
4.9421
5.35167
-6.84087
-2.50299
-1.48142
-1.63453
-3.51852
-3.61783
-0.474313
4.96338
2.82996
3.68218
7.52458
5.87177
-6.59751
4.59901
-14.7714
-6.73176
-2.58413
0.304625
2.81817
2.50383
4.18417
-1.28156
8.40649
0.456117
-0.0590611
8.80274
-0.885345
-0.0217645
-0.567855
-6.59656
2.61783
8.03645
-0.0130163
4.8035
1.97898
-0.315113
1.14259
1.79589
0.751113
6.77795
-4.79226
-2.76327
7.23125
0.0826208
-5.52604
3.77217
-2.40624
-2.9794
1.59963
4.30246
-2.63527
5.64093
-1.10502
-2.0603
-0.736447
-1.91004
-6.30504
6.57027
8.74815
-2.16351
-1.30769
-2.64351
-6.30057
3.76977
-3.69438
-2.54635
0.0239447
7.88329
-6.80759
0.0521303
3.43871
-0.727166
-1.54665
-2.20536
-0.391224
4.98464
0.474629
4.42489
0.154918
12.2568
-3.11866
7.29548
0.0251036
-6.28606
-5.42063
3.51711
-4.79963
-5.35846
-1.09756
2.89814
-8.88362
-4.49507
-2.07715
-0.695146
7.96351
7.44917
-9.10321
-0.617827
2.11804
5.73511
0.884784
-0.804801
0.274524
-3.04755
8.88091
-1.15311
-0.0348955
0.568729
0.733063
8.3439
-13.2156
1.3858
-0.477666
-2.93585
1.66601
-0.406868
1.50117
2.94995
-0.574375
-4.5382
-3.41152
-0.352426
-4.92357
-3.10954
-2.50028
5.67353
-9.29928
-7.09182
2.8644
-6.2871
-1.90253
1.94856
2.55551
-6.60602
-5.4654
6.85996
-1.31045
-1.31692
-1.56687
-0.743826
4.99086
0.0586904
6.91747
-4.16257
2.73629
-5.32551
6.70747
-1.85392
2.75449
2.28168
6.49159
-8.42231
5.0124
-1.00167
-5.80052
5.48346
-0.251604
4.60697
-0.749659
-5.41475
-8.73564
10.1433
-9.4416
-6.55643
-5.52549
2.43551
-1.53181
10.9718
6.93997
-7.60591
-8.33969
-4.63156
-3.75262
7.38557
-10.1249
-7.30948
5.60195
1.70329
7.17573
0.0760431
8.47285
-4.70345
-3.00946
-2.99904
0.00767717
-2.35052
-6.47226
-3.86116
10.3559
2.49167
-8.15121
-2.44927
3.1181
9.71666
0.669443
2.31712
-7.98343
-5.2951
0.778924
-3.42936
-1.90709
-8.29669
-5.56391
3.37704
-7.66655
5.00376
5.73589
0.770991
3.33985
3.55926
-7.64162
-7.37665
-2.29557
10.9147
5.44293
-3.37377
12.5659
4.86527
6.75536
0.0426675
0.460014
-1.73662
-3.01778
2.61311
5.4314
-3.99928
-7.67179
-0.969477
3.94741
2.11856
1.01258
-2.24899
6.37581
-1.69166
1.17404
-1.99819
-2.9796
4.1467
7.41778
-1.36202
-1.8715
0.285345
4.08688
-1.46745
5.59723
-0.216005
-12.4338
0.882418
-1.8611
4.97637
-2.77493
0.820079
-4.96929
-12.258
-2.69556
-5.45127
1.72859
1.46782
1.20222
6.05247
-6.62103
-3.98004
-1.55261
1.60266
6.41347
0.139729
7.7173
7.11019
-3.02239
-4.30417
4.77551
-0.45551
2.83097
-0.305531
4.41395
-4.17362
-11.5218
-0.311919
-7.40458
-4.59137
-0.0886791
-4.14049
-5.11223
2.46113
3.87762
-0.211131
-8.15564
-7.53268
-3.54865
-1.13223
-2.93164
-2.4325
1.33666
1.28791
-2.12055
-5.47441
-13.527
-6.09469
-1.91489
-8.44594
-2.82973
5.38089
2.75411
-6.16763
-1.68507
-6.68517
-0.841995
-1.6457
-3.32767
-1.26399
-3.36353
2.1474
-0.919795
-4.88126
1.4516
-11.0914
0.320863
-12.041
-2.47139
-1.71958
-2.8094
-4.53513
-5.28504
-1.17705
1.42039
-3.66579
8.90389
-7.55667
-0.737879
-10.5316
8.22888
7.18113
4.72226
2.40337
5.60064
-3.0387
-11.5813
2.92357
-0.610924
3.94415
0.102503
0.161406
3.59664
-0.421237
0.57473
-7.1832
-2.09187
7.15116
5.27731
-0.0297897
-1.6569
15.2652
-1.60505
-3.62551
3.05201
9.42256
-3.55212
-4.0674
1.54879
7.76333
-5.31235
0.419247
-0.305628
-0.188927
0.686942
-6.21166
-5.39214
-12.6299
-1.87416
-1.70796
-3.32669
5.06622
3.56075
-3.3628
1.44151
-3.9575
-2.5805
1.65244
-8.2518
-1.55894
-4.44015
6.73754
8.38725
-2.20077
7.05585
6.12945
4.79136
4.22768
-0.0868214
1.12776
-2.48628
-0.192889
1.04258
-8.02183
-6.37842
-5.9812
9.12415
2.35676
5.862
-4.0688
-1.26948
9.34495
4.4718
-2.65944
0.270793
-5.00105
4.72884
-10.4088
12.9557
4.68619
1.64725
3.46525
-2.08239
5.28847
2.25954
-4.34163
2.11674
-5.95062
9.43137
3.34303
2.10044
-2.90687
5.66124
-5.54838
7.70116
6.65911
4.7236
5.53547
0.30943
-7.21567
5.26601
-1.24685
1.18368
-3.23868
0.917608
-0.113909
-1.15587
-1.42543
-5.54476
1.70509
-1.41632
-1.34384
-2.42924
0.920919
9.07687
2.67601
10.4026
-0.816526
8.38329
3.08507
6.03002
-4.1973
-1.65906
3.54892
-0.869012
9.28765
4.65913
2.52083
7.38763
6.56596
5.06646
7.88694
0.488497
-3.53926
2.89895
-0.228681
-1.90938
-3.88641
4.33579
-10.2869
-5.84264
8.48166
-2.18774
-2.25934
13.0994
1.3623
-3.25224
-6.01613
-2.61896
6.46223
-6.86613
7.56272
-4.09287
-4.66722
-0.816566
7.42591
-7.94457
0.589884
3.8548
1.91684
-2.58076
-2.22344
2.80302
2.12463
-1.13712
-2.38086
-4.2643
6.01789
8.80181
5.97967
-15.1973
-2.22343
-5.12441
-1.86955
8.41622
8.77205
-5.11679
-4.41266
-5.58446
5.01757
11.4799
7.10123
-6.0709
-14.3608
-4.78047
3.52209
-2.43718
-7.62253
-1.83867
-0.763061
-6.93284
1.4198
3.83088
0.0551027
3.2458
-7.11138
4.80388
-0.192459
-4.87056
-3.42989
1.67422
2.05255
-6.85685
0.348491
5.29552
3.88498
-5.17055
-5.3525
-3.99834
-10.6085
6.5887
-0.137397
-6.01218
-5.28441
-2.33585
0.213943
-8.76112
7.69743
3.70853
0.93143
3.3971
4.97109
-0.376777
3.8607
-2.51052
-3.84379
-10.4162
2.29742
2.58044
8.74034
-11.2299
4.88735
1.97099
2.92971
-4.29984
9.90112
-3.53717
3.38933
6.34337
-1.49784
4.69947
4.3682
-5.7667
-4.76972
-2.76081
-0.514016
8.35458
-4.40638
-6.3477
3.2181
-2.49932
5.28962
-0.235658
2.84313
-0.583572
3.64099
-2.8094
-0.472213
0.355011
5.59423
3.75349
-4.4355
-4.58592
5.87226
0.928068
2.24145
0.808622
-0.710244
7.8775
-6.25046
-2.72574
-0.39067
6.11893
-7.49042
9.01562
-13.224
-0.225223
-0.860856
3.30746
-5.65763
1.13739
2.01933
5.47223
-1.12853
-12.93
3.70733
9.41819
0.662593
3.18908
-1.13462
1.37297
4.7422
-1.1111
0.451483
0.438754
-4.22363
-1.30536
-6.79035
-4.3526
2.02651
2.82041
2.2107
-6.66026
7.19841
-1.17661
3.26987
-5.38779
-8.17191
-0.216225
-12.2361
3.86912
9.41789
-4.33759
-3.62041
0.290176
0.593043
4.48842
-0.885775
-6.19283
0.403008
8.41833
4.02816
-5.91882
-1.60522
5.61492
-7.59361
-9.87984
-6.27995
-0.0289445
4.52564
-2.2512
2.68406
-3.20524
6.85706
-6.50585
3.88633
9.54382
0.708444
4.15335
-3.54206
-7.82025
3.1046
0.181511
-0.986113
-7.95553
-8.09027
-1.01292
0.773488
3.58932
-4.97808
-4.51982
9.23474
-0.768797
-0.839112
-3.06218
-2.07072
0.991
5.44898
-5.7976
-2.75079
-2.72963
9.1219
3.34496
-0.224726
4.65731
-4.17335
8.239
2.01009
-3.02916
3.45335
-8.07286
-3.13596
1.56752
0.322628
-0.533231
-8.31772
0.508054
-0.0705675
0.248393
-2.58005
-1.09906
3.15046
-1.69881
11.2613
-1.1667
-3.3839
1.62742
2.40455
8.53228
3.11666
5.46366
-9.1084
4.12187
3.94538
-8.20794
1.8301
0.978699
-4.43975
9.29024
3.88164
4.19608
0.706553
-13.7136
3.36271
3.74408
0.439408
-2.3293
4.68933
0.445265
-7.91277
-6.79526
3.23128
-1.97825
-3.39462
0.563537
9.45343
-1.99615
-6.26985
4.18793
2.36539
0.963945
-4.25979
-5.86665
-7.56656
-6.12112
-1.78988
1.09548
-1.14268
-10.6869
9.44224
13.397
0.413277
4.13951
3.19179
5.19048
-6.63771
-3.23066
0.564207
-3.92694
1.09778
1.66713
-6.47007
-3.13226
-7.09827
12.662
3.76458
-1.57087
2.05189
-0.438613
-4.71283
-0.97541
-4.58737
2.4838
-2.762
0.014956
1.48068
-10.3688
5.18808
-3.77463
14.093
-1.28793
-6.75793
3.0053
4.36161
-1.55784
-7.3143
-0.897277
-3.83239
8.1465
-2.79965
-6.24758
-3.35513
-1.2757
-5.51572
4.50484
7.83428
-3.77445
6.23295
-3.21892
7.04929
5.00597
9.76193
10.0611
-1.17502
-2.76646
1.10447
-6.81091
-5.31863
1.09427
2.65007
4.90206
-1.8163
-5.00409
-2.36156
1.16616
0.861789
5.63323
-4.21942
-0.993294
-11.2416
6.52932
-9.45968
4.67349
1.76864
5.9024
5.28499
0.72978
9.26626
-5.76472
-6.23958
12.352
1.69307
5.79394
-5.29346
-0.955765
2.96098
-10.1907
-2.22493
3.35366
0.277486
2.51684
4.49059
5.2173
6.07647
-6.54346
-5.35048
0.771401
10.5187
-1.99359
-6.22523
-1.49195
2.92851
3.31344
2.00917
1.70569
-2.10053
6.41812
-6.52356
-0.0525358
3.70381
-4.79333
1.07279
4.23032
-0.217875
3.18447
-3.90611
3.20503
-5.65737
-5.41957
-4.9255
-15.6111
-4.11706
-4.63063
-0.0161095
2.69658
3.48653
-1.1005
1.34415
-4.419
-0.0486864
0.878292
-5.68421
-5.44068
3.68096
4.7016
5.35503
-0.222271
-0.0813232
0.352166
0.670554
6.17318
-6.26524
0.102194
-4.65756
4.16715
0.886046
3.72313
1.32503
-3.07375
-0.309549
-3.03969
-3.12498
-7.44484
-2.81939
-2.59878
3.17471
-3.72574
2.77818
-0.0838401
-2.76935
5.86006
0.399424
6.47553
-9.50836
2.03921
-4.33001
-10.0261
-6.57952
6.39833
2.7878
0.599449
2.74238
11.7642
2.0866
-0.354381
-5.42704
-3.23275
2.01905
-4.22571
5.03771
-4.38467
7.92987
4.31111
1.65691
2.99326
-1.46321
6.93556
0.0327221
2.9895
-8.98485
2.71266
0.446469
-1.97429
2.77349
4.74762
-4.84289
2.92727
10.3205
-3.64473
6.18316
3.21781
-6.28327
7.09554
-1.91825
-7.68853
3.68707
-3.28452
2.53335
12.6556
-3.57037
-1.13014
-4.4926
2.0465
7.21195
-2.01105
-4.7713
2.61742
3.73845
-2.82106
7.47618
4.46416
-4.46637
-7.31967
-4.64994
-4.80029
-6.90343
5.21563
-1.24599
7.03154
10.5797
10.9988
1.62671
4.90205
-8.03391
4.61395
3.9377
2.15295
3.08111
6.15398
-6.89762
1.46903
2.84028
-2.20982
3.0523
8.27108
-4.26022
-1.94203
-3.801
-4.54235
5.27449
-2.87814
1.39706
3.74959
-3.13498
4.45859
-9.0111
2.64621
1.04692
3.33354
8.27957
-8.45186
-0.345426
-8.19851
-0.592974
-0.294229
4.92376
1.53661
-6.0426
-13.375
4.99105
-1.84527
-2.9723
5.17489
-1.92865
2.68836
-4.70981
3.03399
-1.3781
-1.03614
3.20568
-6.98999
-0.391629
0.0980114
-1.92711
7.51904
-1.04722
-4.69964
-1.92767
-1.31389
1.04274
7.48826
10.4907
7.61651
1.98719
5.15653
-0.391167
-3.02288
-0.416437
4.09959
-9.03791
0.273976
6.33672
-4.82377
-1.78817
5.89994
9.74606
1.12539
-9.50546
-2.16811
-16.3331
0.360937
-9.24616
-7.92106
4.46236
3.31702
-3.80539
1.04721
-13.6788
-7.75862
-1.41214
-4.78874
1.35733
-2.04354
3.95705
4.77568
-5.77315
6.66586
-6.37018
-1.77617
-1.88429
-1.14586
-2.07169
1.51174
-7.0388
-0.667107
-1.51928
-0.249519
0.594377
7.03939
0.531533
-2.43809
-0.0623804
5.45194
-1.87696
2.28677
1.10383
1.08267
0.0374598
4.7061
0.77435
-4.79468
6.43584
4.25096
6.87194
-6.45665
0.429941
-1.93418
1.55959
5.82722
3.88843
0.250202
-2.70215
-0.428201
7.2227
-7.84506
3.94359
-0.19099
1.49369
-1.0387
-2.0487
-2.24004
-10.803
-5.30965
8.93542
1.18958
0.538424
1.17028
4.01123
1.4749
-7.51801
3.71052
-1.61713
5.0142
6.14143
-0.224578
0.114948
7.27094
-8.21133
0.855498
-1.20176
2.37722
-4.15475
5.75207
-3.07783
2.81526
-0.334968
-8.2198
6.31695
4.22303
1.17062
3.87661
-3.01049
2.93074
8.67666
-2.23998
-3.817
3.73599
-1.32759
3.48154
-3.47065
9.31874
-0.857806
-9.14281
2.14582
6.32126
2.62554
-0.657895
3.48884
-8.7569
-2.34834
-1.10229
2.43989
3.23349
-8.72477
4.21945
1.06808
-2.81991
7.83809
-4.06571
-0.845303
-0.304357
4.99363
-0.762694
-1.6862
-6.37765
-8.57778
0.874494
-1.85314
-0.54021
-6.42646
4.66171
3.68625
-0.695801
0.0445167
11.1298
-2.17251
-3.24891
-0.622749
2.11698
-1.60237
-0.766466
-1.17544
-5.75535
-8.24178
3.08171
-2.86235
8.30339
3.34143
5.23098
1.7796
-0.393762
-5.70242
-5.28144
8.24444
1.05757
5.34063
1.38703
-4.1086
5.05284
-1.49225
1.23514
-3.79386
-3.63783
-2.83734
-2.32926
5.81204
0.0620358
1.987
9.88737
4.53526
-1.64073
-3.84264
-6.01871
12.5336
-11.3347
5.80707
-1.97838
1.10695
0.538685
9.07803
0.163703
-9.04465
9.95577
1.11853
7.30324
1.46193
3.52123
-2.72899
4.89829
5.67378
-9.49059
2.81122
2.00893
-4.55332
10.0473
-6.82357
13.6357
3.06199
-0.885954
3.67393
-6.58009
7.66072
-2.99502
-18.3331
-1.2658
-3.50848
6.35695
5.8334
-1.84845
4.60864
-1.7963
-4.95737
-1.10704
4.97889
-4.59798
6.30739
4.11087
-2.40244
6.87325
-1.2347
-0.497386
4.10191
-13.235
-2.02407
-0.198077
0.638385
-5.70677
-0.506355
-9.58001
-5.06815
9.37587
-2.86135
2.7276
-3.78873
6.97002
7.20229
-1.65845
-8.26783
7.40503
-0.38956
-2.08909
-3.34614
-0.635504
-6.2115
-0.462729
8.83555
5.90608
-2.6958
7.80792
-2.76767
1.96578
4.19564
-2.89043
-2.55576
-1.999
-6.64224
1.93593
7.3302
7.1544
3.37233
-6.14946
6.29261
-4.03841
-1.67525
-1.60336
-2.33531
9.49448
9.50744
12.2722
9.22421
0.468958
1.09863
-3.2335
3.41736
6.91323
4.33461
-5.52814
-6.9522
2.83516
-6.06554
-1.61315
-4.18916
0.564875
0.610269
-11.7738
-0.807451
15.2794
-0.917327
3.81648
-7.27413
2.86718
-1.86217
-5.0625
-8.24608
-3.75825
-3.15033
5.10307
-0.286588
0.689363
-4.1848
4.7621
1.45068
-8.5002
-7.41414
-2.51268
-10.1969
2.13499
3.13197
3.76654
-2.69654
2.08858
10.7106
2.67481
-1.14491
-3.84368
4.26909
-3.93912
0.0955874
-5.9955
8.22539
1.36208
3.04525
7.42352
4.65608
0.378275
0.598973
-1.19559
-7.33577
0.942088
-3.29697
0.904082
-9.01748
-2.74786
4.42388
-2.5138
-1.95263
1.53263
-6.09997
1.77186
6.20474
5.28373
10.1206
1.44486
1.91542
5.19473
3.35158
-1.77125
-1.39119
4.36116
-0.804548
-7.78989
9.10757
1.60411
-0.35326
13.3204
-0.417017
1.90586
2.16308
1.49098
-6.39975
-0.139225
-5.59414
-6.43462
1.81944
7.83484
-9.10439
-8.43018
4.12286
0.472514
-6.88102
-0.378591
-3.52509
-1.58753
-6.28533
-1.01487
-7.64993
15.9793
-7.0394
0.153683
-0.798441
-1.96073
6.47511
8.08716
5.52664
3.24136
0.572446
-17.3777
-2.93496
-3.45836
3.61027
-6.10948
5.80754
7.77678
4.08972
0.918546
0.399654
-3.73334
5.3344
1.60175
2.1927
-3.71618
0.316748
4.48692
-3.87186
-3.62046
-4.59156
6.10855
-0.687213
-8.28928
-1.43611
-6.00054
5.3454
2.88008
-6.01898
-3.97211
-12.802
-7.6052
-0.219078
-6.15657
-0.857947
-6.93583
1.80595
7.54393
-0.485986
6.66462
4.71132
-7.41902
-1.9876
2.26245
-0.911902
-8.88033
-10.9198
-1.82508
0.618451
-0.179797
4.0575
2.04829
-9.97142
0.627598
0.458793
1.64913
2.68111
3.87438
3.71378
-5.65565
4.66118
3.50542
5.29082
3.77253
-1.08108
-0.344604
4.85987
-9.27752
2.25025
4.8127
5.0823
-4.01098
-3.20396
3.02811
0.808639
-4.93943
-11.7577
4.84894
-2.37303
3.20154
-5.95252
1.86731
0.778352
3.4125
0.879905
1.33093
1.80855
-4.90603
4.30317
0.416496
-4.73081
6.31515
6.99069
-0.238224
-3.99282
9.39522
-8.59732
-10.5044
-4.02124
-5.77707
-11.3347
6.54068
-2.65966
-1.73224
-5.46404
-3.27594
-1.6159
-5.58198
4.49641
-2.12859
-0.442325
0.628683
0.0285176
2.97582
1.18256
3.89954
4.58911
-5.24823
4.37361
2.16756
-0.579326
-9.82504
-7.22018
3.04998
-6.82306
6.28846
0.241514
-4.55908
2.09428
-2.40112
-3.83898
6.7364
-2.30411
-5.35751
8.42708
3.43963
0.9669
10.347
11.7004
2.93936
-2.55401
14.6606
-2.01731
-6.90102
0.483066
-0.146564
0.262104
3.4633
-4.92299
-0.5252
-8.59286
-0.249685
-6.80699
7.84486
-8.96613
-0.057416
3.15657
4.56942
1.6389
6.86321
1.3366
2.78564
-1.08406
4.13631
-4.90547
12.9261
-3.5939
-5.14493
-0.996063
-7.35178
4.88341
-6.3311
-9.92931
-9.12166
-7.55061
-1.00756
-1.45693
2.74831
8.21398
-3.99854
-2.25251
-0.657179
-2.40443
-5.9406
5.2846
-0.90196
-1.14854
-4.80985
4.64384
-2.3165
-3.08631
0.113465
-5.30672
10.6631
5.49664
0.239807
3.22909
3.56797
10.2423
1.46976
-1.88443
-5.29495
-4.12561
-0.667759
3.52004
2.86234
0.354022
6.88957
5.12624
6.91457
0.266908
-2.23087
-1.1458
2.22855
-6.2441
-5.95346
2.85365
6.56691
-1.3797
0.552065
-0.782651
0.0947249
5.07831
1.46812
1.66828
-0.60877
6.91622
8.49804
-10.7574
-0.683211
-4.12326
2.47451
-5.17191
-4.46731
-0.352257
4.62109
11.1232
-3.282
-2.98629
3.08349
5.86988
-6.34074
4.14046
3.31716
2.49128
-4.87277
0.821486
-6.05871
-2.1133
-13.3659
3.45296
-4.97282
-2.74958
-8.2242
-5.04567
7.92484
2.70146
-3.37873
2.79795
1.42915
-3.48475
3.28604
0.235705
-1.23912
4.49796
-5.04012
-1.99379
7.36116
-2.0251
-1.26156
-3.08482
-4.75077
2.6497
-5.14196
0.54131
-0.465273
-3.64509
2.13445
3.74537
-1.51329
1.70772
-6.10316
-0.665601
0.171694
-9.93719
-10.1385
7.42496
6.02512
-2.2828
0.952258
-1.0446
-2.03455
3.20106
-7.27071
3.64821
3.25449
0.0962811
-10.513
0.756341
-4.36452
4.36961
-2.05199
2.31574
-2.73801
-0.819299
5.18434
1.92862
1.79384
2.44273
-0.497538
12.925
3.84333
6.14479
-1.9292
-2.77667
0.414566
-2.57741
-9.67859
1.58129
6.28519
4.0013
-8.5901
-4.36098
-0.269568
8.20195
3.61811
2.08543
9.44175
3.38918
-2.96495
-4.78806
8.00674
-0.0291867
0.0084986
0.399291
-3.63291
-5.553
3.82903
-2.82269
-4.82372
-2.28236
1.71283
3.53609
5.26961
1.53436
-11.5454
0.776563
-0.286638
6.57956
6.87247
7.36004
4.37212
-0.209012
-16.8416
-2.13439
1.07233
-4.48071
0.39267
-1.16394
1.55395
-2.74805
-2.7597
1.41747
5.28515
-5.47165
-0.906174
2.56269
2.29178
4.84163
2.19396
0.551717
8.45523
5.11209
2.88062
-0.607033
-4.22375
2.39933
-12.4189
-1.3429
1.57222
-0.104262
-0.00831834
-0.226309
-3.7758
1.42307
-8.06134
-5.46485
5.18164
-7.29085
3.3389
3.61902
-8.81376
1.29855
-1.29619
0.857016
-6.17826
-6.28698
-9.35883
-0.905261
-1.86087
-1.27077
-1.4838
-5.09177
2.72907
1.72297
2.89169
0.872482
-1.65507
-14.2942
0.829717
-1.22547
-2.32357
-1.06655
-0.507142
0.158717
2.10404
2.03921
3.85421
-3.11401
-1.2237
1.51775
1.86243
3.47867
-8.35996
4.24005
-3.27627
7.10659
2.97363
-2.40442
-3.90002
0.623562
-3.7204
-10.1796
2.03175
-1.24697
-0.790657
-4.33333
-9.92247
-2.84254
1.48244
-0.281211
-1.73091
-2.5437
9.71458
-8.56727
-2.56051
7.34308
-0.489768
0.858869
-6.6152
10.9924
3.32777
4.04691
-1.08912
8.43435
6.31365
2.63229
-0.846883
-4.26311
-1.65805
-5.85385
-2.25869
2.18781
11.1067
3.26262
-9.88279
-7.66584
1.9316
-0.753817
-2.459
3.52993
-7.25586
-0.490782
-1.25468
-5.57642
6.04925
0.639111
-2.06627
3.78007
6.08486
1.54723
4.49992
5.32804
-1.63506
0.871935
-0.638539
6.00194
8.6243
4.56029
5.2787
-10.3168
-8.15811
-0.289388
-12.7883
-1.68882
-4.22586
0.621612
2.61623
-1.59335
7.20879
2.11989
-6.43287
-10.6039
1.52853
1.12002
-9.56292
-2.65513
-8.27197
-8.03059
-0.488726
-2.28159
8.5887
-12.2349
0.749848
-3.5911
6.51431
3.31304
1.06536
0.086384
-0.294262
-4.756
-1.04254
1.65131
0.502248
-3.05274
5.69641
2.10245
3.67687
-6.67036
3.22128
-9.33334
-9.14764
-4.48798
9.9235
-3.35651
0.0585257
-3.30659
9.15323
-4.21604
0.73069
8.11307
-0.674518
7.12068
9.67827
-2.4327
-7.49262
-2.93969
4.65826
-10.4237
-1.42619
-9.44873
-1.59394
-1.07265
-5.42935
-2.31898
-5.79636
5.64147
-1.13575
3.1735
7.27581
0.977338
0.207136
2.52563
-5.52673
1.52229
-14.7109
5.88661
-4.68119
-2.72616
-5.10737
-7.67349
6.49665
4.32541
-0.866409
2.78529
1.79837
1.35983
3.87117
-6.18556
-4.27911
-3.68014
0.747566
5.60053
-5.51826
-4.66271
-0.662975
11.403
5.99786
3.6272
-6.86465
-5.01632
-7.79045
9.31642
-5.6147
10.5752
-2.93341
5.11307
-4.64964
3.68299
-0.535309
-3.35782
-7.78845
-5.44354
-6.13339
-4.02972
-0.120509
-2.72984
3.20127
3.59739
3.03269
2.40403
1.77495
1.52482
-3.3174
3.16344
5.00028
-2.61027
1.15061
-0.594914
1.33549
-1.1526
-3.02436
-0.99296
-10.9242
3.70696
3.97007
1.65809
-4.41755
0.751157
-1.63659
-0.584768
2.08612
-11.2563
-0.0904242
6.77482
-0.954117
-5.72553
4.2624
1.40945
-8.29318
-6.7035
-0.475252
-0.0470489
-5.68527
9.3925
1.32749
4.24214
1.9161
-2.59217
8.53303
8.89524
-0.281316
10.0216
4.36083
1.38014
-5.41776
1.82776
-2.00491
1.18899
-2.5102
-1.85624
2.5849
7.88077
-1.91412
4.66374
-0.193494
-1.06079
-5.09103
4.22403
2.81258
3.62471
4.29109
0.676406
6.44938
-1.81442
-3.21237
8.19794
-0.185975
0.489342
-5.84713
5.72449
-0.637647
-9.39445
4.33323
4.31806
4.13403
-8.32053
5.44362
-0.497529
-7.67519
-1.91209
1.85899
9.72206
-3.50422
-2.30081
-4.7957
2.2957
1.42461
-0.020121
-7.29782
-0.372751
3.55219
7.46096
0.734722
0.82177
-0.489138
3.65508
-12.0909
1.14057
-5.85883
-5.26038
-1.10028
7.0524
-2.38342
3.68179
3.03825
7.48451
10.4634
5.60634
2.89884
0.856026
1.30631
8.28194
-3.33018
-4.41423
-7.26945
1.94258
-2.51419
2.51342
7.09046
3.146
7.73028
12.3896
-2.5281
-2.63518
-1.74521
8.78269
1.9966
-2.28316
4.54446
0.785526
-5.73158
-0.0161845
5.17744
8.04375
0.415475
-1.44175
-3.19301
-2.46337
-2.00399
-5.70508
-4.07563
5.13102
-2.71899
3.98132
3.98546
-3.65579
4.26343
-1.32137
-3.60752
-6.68616
-4.7056
-7.33936
-4.43722
-6.96279
-2.72027
2.81777
2.74225
-2.57752
0.413097
-2.94583
-2.2425
-4.93107
-12.0007
4.29637
-4.79497
-6.12486
1.41969
-1.32986
10.7575
3.48886
3.76439
9.43405
-0.247053
0.235228
-3.08693
1.0012
1.24907
1.46651
2.85821
5.11074
-2.09171
-1.69792
0.813749
-0.394651
-0.81807
3.75256
-11.2193
-8.51822
4.52021
6.4548
-0.706435
-3.00172
3.35693
7.96265
-6.24895
-1.22869
-2.86526
0.131158
2.86804
2.43159
-1.23234
-9.08996
0.471439
1.99917
-6.57831
-2.37504
-3.00647
-6.3047
-2.92767
-0.838717
2.49264
5.07332
-2.33563
-1.64667
7.03717
-6.89569
-5.76007
4.1747
4.67382
-2.10746
0.173847
1.63664
-0.274798
1.70212
-3.20224
-4.19605
-1.34604
-6.52616
6.80218
4.33861
0.670274
-0.517793
4.7435
5.71807
5.67145
0.646531
-7.61691
-3.5401
3.6712
-10.2091
-11.5721
-3.85007
1.25823
-5.63301
4.35007
-2.68025
-6.21557
2.03809
-8.86891
-3.06371
-4.95031
2.14041
8.53828
2.62852
0.289438
-1.16545
1.20889
-3.11788
0.386216
-0.735858
1.58827
-7.82512
-6.62737
3.79126
2.91471
-3.94116
-11.4187
12.3389
-8.37603
0.279964
11.6566
-5.4497
-2.34491
-1.33622
2.99034
3.77489
-2.62771
-6.86656
1.08068
-5.20336
0.108341
6.02422
3.00435
-0.837521
2.71734
-4.96403
5.25584
2.09534
-5.66383
4.64144
-4.29797
-6.88443
-2.82244
-1.45098
-1.5039
4.35827
4.09698
1.58382
-2.56989
-2.20438
14.786
-0.176406
-0.949837
-2.79559
1.2268
1.49371
-3.57354
1.66604
0.445989
3.62863
-9.95007
3.98276
-3.02371
4.563
0.492557
-5.48825
-2.29965
-0.321924
-0.255575
-2.42376
-1.06763
2.34157
-5.62987
-7.34374
-2.78446
8.0715
-0.00164113
-4.3176
-0.764745
-3.82163
1.34515
0.0107875
1.64156
-5.5865
-9.1115
-3.84278
0.426325
8.25203
-2.61104
-0.138152
-5.72411
6.82379
-5.57844
-2.9255
-3.27343
-0.2505
3.33717
-3.58355
3.45629
-1.028
7.14029
6.38737
1.56089
9.04235
-1.90618
7.57234
-5.44928
3.19268
11.3653
4.92361
1.84924
0.798388
5.21591
2.36463
0.318326
2.16736
3.96495
-1.71667
-4.49712
-1.70389
0.843962
0.786891
7.08334
0.0341503
6.42691
0.507036
5.49563
-5.9988
-4.92895
-4.61435
8.59755
8.12218
4.56156
0.968718
3.22042
-2.38588
3.82797
-7.48883
-1.0018
13.0349
-2.37237
-0.490058
-1.23123
2.16781
1.4361
8.67399
1.32987
-6.66618
-2.45318
-3.66104
-0.0852979
-2.48915
-3.95459
3.15125
-0.248283
-3.15679
-6.96688
-6.60764
-4.74206
4.52482
5.98841
3.09605
-4.89524
5.03099
6.60774
0.723611
-2.92888
5.86568
-1.76323
-4.93994
-7.22402
-6.19793
9.25169
4.22275
7.86522
-6.07589
0.673149
-5.18623
-1.35195
-5.75142
6.27814
0.121544
-0.191006
0.938142
-1.01493
-1.33413
5.79661
-2.82557
7.38019
-7.6786
6.85897
4.78137
11.3088
1.13204
4.62786
0.675306
3.30657
2.17032
-6.70843
-2.99024
6.92267
5.91834
0.76722
-4.21196
-3.34924
-4.68155
-3.74703
2.99887
-1.68055
4.85868
5.90535
-1.22309
-7.01346
6.09272
-16.933
-9.98337
1.3444
13.0724
-0.919778
6.58069
-12.5735
2.51177
-0.999355
0.833785
-0.674555
1.90628
3.77403
6.14328
5.04772
-0.160954
1.66805
-10.2179
-1.33915
-0.119533
-8.45115
-0.874971
2.31534
-3.48874
2.01184
5.79569
-3.46278
7.2016
4.17948
-2.83477
2.43169
-5.83588
0.255976
-2.74938
-6.65036
0.380267
1.16815
2.46042
1.71779
-2.83359
-0.505294
-0.874584
-6.91498
7.61979
3.78366
-4.13975
-1.82358
-2.39244
-0.368389
4.92114
-1.19609
-0.401763
11.3154
-0.829273
-5.61596
-4.17943
-0.133152
8.28957
1.02543
-9.94891
-8.83923
-1.20956
9.57372
6.80942
-0.975872
0.430665
-3.14528
3.37471
0.724886
-1.84522
-4.18942
0.948034
1.53128
4.43142
8.44998
-1.00607
-1.53396
3.32227
-2.99852
4.55568
-6.20337
0.262694
-0.739232
0.763615
-2.39492
3.15565
12.4871
-0.674787
3.79001
5.60298
0.953504
-1.73716
0.04652
3.71545
-0.357813
-0.853895
-0.488763
0.895018
-5.15012
-8.92257
-2.0286
7.41267
7.09785
3.92225
-2.55266
-4.68428
5.89804
1.16464
0.271341
-8.91307
1.11689
3.30184
-3.26213
5.83505
-6.65603
0.19536
-4.06601
3.09944
-8.91249
-0.502695
-2.21289
-0.953249
0.128905
7.36961
-4.17217
2.75941
-9.21737
7.19311
-3.80009
-3.05842
3.94096
-0.00256825
-3.83547
-0.80385
-8.48012
-13.8605
1.52855
-0.74332
-3.73101
5.38167
-4.04153
5.33243
-3.46149
5.80729
3.00255
4.23777
3.88972
-5.55959
-3.58398
-3.69533
-1.64192
6.1588
0.214454
-2.04076
-6.96284
-4.96131
-1.09933
5.50474
-0.0813607
4.43146
3.56391
0.367437
-4.11745
3.78146
1.10918
1.75549
3.29856
-11.1808
-4.55309
3.02249
-3.62898
-1.03768
-0.0774696
-4.46632
-3.92604
11.8242
6.02049
-2.69026
2.68864
1.30924
9.81451
11.2767
-2.03827
-0.623327
-6.48184
1.54351
9.08287
-2.75136
-4.10843
8.1597
-2.63159
-5.90516
-4.77297
1.96442
0.80631
8.60102
-1.61526
2.44543
5.69727
-4.10204
-7.48093
7.07709
1.0547
-1.49397
4.04473
0.531966
-0.00945028
0.21002
5.9269
-7.57206
1.54698
6.64863
4.22587
3.52703
6.69115
-0.550584
0.586933
-0.228986
12.2056
-2.79649
-0.495319
4.17965
-1.58231
3.67925
-0.526394
-8.29033
-8.14972
-3.11906
-1.45473
-0.825584
3.59087
-2.44137
6.80356
5.1822
-1.56195
3.15617
-5.46762
4.03008
0.93216
9.1376
4.3321
-0.868334
-1.76896
-7.03192
1.10167
-2.3233
-2.17845
3.6626
-2.23059
-5.08323
3.15192
-3.58104
12.906
3.97845
-7.90996
-2.92805
-8.823
-3.45164
-1.43595
-2.58581
2.15586
0.121608
-3.04327
-3.65411
1.64217
5.62727
6.91508
4.66386
-5.54593
-13.2852
-1.21954
3.49344
-5.25292
-7.75135
-0.379934
-8.17765
-0.626555
2.43807
14.181
-0.50803
-3.65435
3.35691
-0.685247
-0.914753
-1.91388
-2.66955
4.98456
2.3076
-6.07082
-3.61898
-0.584846
2.86644
7.84971
-8.48195
-7.2601
-7.66821
0.833849
2.49605
14.811
0.907841
-0.906507
2.72062
5.35704
0.809817
-6.10244
7.93999
-14.046
3.4383
-9.29331
-2.31059
4.98773
5.73907
-0.713553
4.62219
7.12813
2.46306
-4.32938
5.4162
-2.01327
2.85172
4.49171
-3.9843
9.01319
-2.07262
-0.0933466
-2.87518
4.30046
-4.23947
-1.4836
2.1257
-4.19522
2.01262
4.73643
-4.05886
-0.0957871
-5.48463
-10.3672
2.73655
-0.335279
-5.09273
3.96081
3.1698
5.20269
-9.86409
2.79148
0.616697
-3.15081
-3.86935
-5.60877
6.36701
-10.7859
2.53797
-1.4375
-3.02781
6.3774
-3.33729
-1.65315
2.14178
0.121633
0.692428
9.95788
-10.893
-1.73836
3.00315
5.44218
8.78126
6.40271
-3.72499
0.1483
-2.41542
1.61543
1.1955
-6.76439
-8.82048
-5.95444
-5.49867
-3.81932
6.16684
-2.89609
0.176322
-3.71339
9.43784
-5.36176
-2.44213
1.77635
7.19741
-4.03804
-4.7985
-3.79112
4.42389
-1.18429
3.57686
3.29334
10.0367
-2.24239
-6.09707
0.330561
-6.51142
-0.303491
-1.69492
10.0125
-4.72372
-7.60682
-0.0786183
-4.73886
-1.434
3.89861
-1.39991
6.51192
-0.829232
1.23649
0.84769
-0.244494
13.2922
2.49908
-5.58696
4.41629
10.6919
6.75324
-3.87626
-2.89194
-1.37123
6.53746
5.45958
-5.42303
-3.78611
-1.6452
-6.61605
6.2995
0.201137
-2.67259
-2.60138
13.6547
0.907482
-4.32999
-3.34381
-6.42973
4.84913
-0.217487
-4.07109
2.90028
-0.682372
6.41032
0.454805
4.15925
5.62093
3.81872
-0.0908174
-0.524284
-5.23241
3.89337
-2.86237
-0.566041
-2.62697
8.7924
-7.56358
-3.58735
-7.38953
-4.16957
-0.891551
6.6031
0.238049
-3.03117
-8.86503
5.83648
-1.37018
-1.18755
1.10899
-5.56374
5.78316
2.20248
-4.46647
6.55421
-1.0233
7.82949
-8.2216
0.643884
-6.21148
7.30104
-5.89167
7.37708
-2.51288
3.45544
1.75277
-0.00964733
-4.27777
-5.97066
4.68455
6.50732
-2.69913
-1.71463
3.57797
-3.66773
4.45077
2.1779
5.70917
6.04867
-0.806935
-2.19673
0.260306
4.03278
-6.36447
8.35568
4.57303
8.49073
-0.316004
-1.48965
-1.58191
-1.23119
-2.4192
2.20666
1.2692
-2.28548
2.05884
-9.33656
3.15793
4.25106
0.748967
3.79525
3.59369
-0.830645
-4.21491
4.94246
3.58824
-3.96647
-9.71731
0.862344
4.10021
-10.2284
5.07592
9.2665
-1.35626
-8.40682
0.457354
0.109645
2.22948
5.97474
-3.80006
-8.1266
2.9396
-4.32287
4.83218
-1.08933
-3.79313
7.71864
6.58836
-1.60774
-1.97432
-0.18829
2.47382
0.910021
0.675341
0.271033
-1.84959
-9.94451
-7.98953
-2.15059
-0.258944
-7.00129
-2.32042
0.848187
6.27604
2.48981
4.81168
2.67976
5.08848
1.71437
7.09096
3.17476
0.0511801
-3.0169
6.8611
-3.32804
11.7612
-3.66155
5.26563
0.0816974
5.48499
5.93214
6.20942
-2.07479
-2.20719
5.20834
2.3714
-9.97116
-2.75082
-0.451859
0.092997
0.727694
-3.69143
2.58335
-2.16838
-4.87345
-3.25719
-1.52107
-14.7936
-7.80427
4.80815
1.7378
1.72509
-1.45734
-4.73585
-4.78536
-4.06817
4.89302
5.02813
0.0887779
-5.38034
1.07634
1.60779
0.945155
13.1076
5.51824
-4.07918
-16.2399
-5.41665
0.406827
7.31945
1.22417
1.79189
-1.92139
-0.609627
-6.86173
-5.49329
12.2696
5.34577
2.77079
3.42044
-1.81007
-0.377856
-6.00983
4.24471
-2.78087
-5.5343
4.45766
2.90153
-4.41509
-2.31397
-3.03646
-3.58087
0.355033
1.00998
-2.14864
5.37707
4.34727
-16.2329
2.46218
-2.35732
1.45433
-4.75431
-7.79285
1.17392
-6.33985
-1.98488
-1.54735
3.29097
-3.91077
-4.33412
-5.01955
6.10405
-3.27252
-8.56224
0.100612
-8.51184
1.91867
-3.0871
-3.82766
2.8201
-1.37018
-6.6704
5.22892
0.577809
3.30063
3.80645
0.862755
4.32032
5.12409
-1.1432
-0.578735
-3.08167
-0.720774
4.5635
4.00309
11.4105
-2.69256
-6.64019
8.86155
0.657455
11.9603
1.65646
-2.3962
-2.00714
5.49919
6.74617
1.79812
-2.69063
-3.38663
-1.02087
4.27415
-6.38592
5.51388
-5.33763
-2.11823
-6.94054
4.85417
-4.14373
-2.61531
1.41418
-8.02511
-3.49642
4.24781
-6.94618
-4.11697
0.575401
-8.432
7.37971
2.0575
0.793144
0.0224156
8.86565
0.966879
-3.99386
-7.4966
-3.63004
4.42131
-5.77337
-1.61971
2.49961
-2.74584
0.613792
7.52678
4.1442
-5.56509
-3.5098
-1.15299
-6.15588
5.32396
3.94531
2.32589
4.56197
2.03339
1.59305
1.62963
3.19532
-1.70271
-6.09373
-2.9772
8.49052
0.533245
-4.56881
0.32956
-0.644349
2.68966
-7.07818
-1.06269
-3.08574
2.84
2.90846
1.24795
-1.94864
1.89947
3.017
6.47491
0.391472
7.37635
-1.86133
3.63811
2.41538
-4.2757
-4.33204
6.68022
10.4518
0.61727
10.6812
-6.42837
5.97047
7.3817
-0.473649
1.90118
-1.45106
-2.85632
-1.63345
-7.13354
0.209757
10.1936
-8.0045
5.14209
7.52322
-6.62516
0.873642
-4.95634
2.88043
6.28343
-1.02565
4.71023
-4.85222
0.482004
-4.57647
-6.94941
-3.28013
-3.33032
-0.66527
3.3203
-5.86874
-2.63366
-9.42286
-6.04411
-9.75906
-1.8796
2.64037
-1.68802
-4.92449
1.96685
-0.656362
0.554078
2.44141
-0.0175977
-6.12909
-5.10861
5.64
-1.09039
-4.79085
-11.2562
-6.36124
0.830831
-7.69056
9.98365
3.79375
-0.950936
9.53829
5.1128
-2.30458
1.57024
-6.3726
2.96941
6.88343
1.47419
1.25725
1.85116
4.64842
-6.54666
5.14241
-6.01256
-0.381722
-7.16805
1.53515
8.62306
2.97662
1.31965
-2.43658
2.60083
9.12006
-3.79919
-0.964882
-3.24955
1.22332
0.750567
6.16266
-2.55581
-1.90346
-1.25811
-0.583634
1.70098
2.32343
-0.438475
-3.32919
0.870339
-2.08522
-7.745
4.1946
4.88756
-9.48922
-1.73136
3.86142
-8.29329
4.84589
-1.23452
5.63751
7.02036
-0.587309
-3.26425
11.1316
-3.93975
-0.392205
7.49032
0.603198
5.14177
-1.62759
-3.13682
-1.77052
-3.64475
2.66333
-6.04896
6.72247
9.89376
-8.14426
2.28483
6.43002
8.9935
-4.61062
11.0501
0.102725
-0.100311
7.79007
1.13542
3.18419
4.79079
-0.215812
9.29467
-9.26073
-2.97798
1.7999
-4.98568
5.51901
3.64944
-0.510039
4.52991
-1.89821
-1.06628
