-0.0744274
-0.0666851
-0.0592316
-0.0499306
-0.0417087
-0.0332603
-0.0273237
-0.0226356
-0.0161294
-0.00897872
-0.000873064
0.0061934
0.0118314
0.0181069
0.0252542
0.0330511
0.0393063
0.0454205
0.0521868
0.0581759
0.0639524
0.0712405
0.077421
0.083642
0.0891428
0.0949638
0.101443
0.107857
0.113366
0.11949
0.127316
0.133275
0.139133
0.145082
0.148396
0.15505
0.160997
0.166697
0.173371
0.180927
0.186308
0.193347
0.200996
0.205869
0.210817
0.218641
0.223205
0.230581
0.237525
0.242524
0.247565
0.254249
0.25924
0.264441
0.270516
0.27627
0.281493
0.288048
0.293111
0.298933
0.302206
0.306898
0.312176
0.316968
0.321228
0.324554
0.331195
0.336389
0.34274
0.348143
0.352133
0.358149
0.361805
0.367167
0.370792
0.375165
0.381211
0.386032
0.393988
0.400232
0.406383
0.411317
0.414365
0.418878
0.423496
0.42506
0.428481
0.430209
0.433176
0.436704
0.439823
0.444001
0.447525
0.44965
0.452541
0.456434
0.461542
0.467392
0.471299
0.475252
0.48036
0.48467
0.487826
0.491967
0.497754
0.503644
0.506775
0.509481
0.51159
0.513568
0.516616
0.521652
0.523621
0.525881
0.5291
0.532647
0.538491
0.542156
0.545817
0.548274
0.553352
0.556142
0.561355
0.56492
0.566941
0.570335
0.573035
0.577057
0.58149
0.585331
0.587862
0.591419
0.59365
0.595971
0.599678
0.602742
0.605087
0.608433
0.610725
0.613548
0.616851
0.622634
0.624618
0.626604
0.631175
0.635443
0.638418
0.64092
0.643298
0.643245
0.64476
0.64728
0.649758
0.65212
0.654735
0.657955
0.659677
0.662052
0.664301
0.666719
0.670576
0.67147
0.674868
0.676051
0.679031
0.681679
0.684267
0.687302
0.689302
0.691732
0.695013
0.696728
0.698157
0.6989
0.702085
0.703858
0.704954
0.708432
0.708724
0.712072
0.714197
0.716682
0.721118
0.724666
0.726411
0.727822
0.728255
0.729368
0.731231
0.73226
0.735533
0.737212
0.738557
0.739605
0.742045
0.746118
0.748902
0.750372
0.752538
0.754125
0.755507
0.757346
0.75969
0.76151
0.763088
0.764317
0.764438
0.766848
0.769277
0.769124
0.770037
0.770912
0.773384
0.77643
0.778884
0.781605
0.782478
0.784754
0.787223
0.789605
0.790823
0.792667
0.795247
0.795133
0.798427
0.798323
0.798435
0.799671
0.799072
0.800405
0.79916
0.80098
0.802181
0.803976
0.805292
0.806876
0.80759
0.808856
0.810907
0.812444
0.81431
0.814956
0.816292
0.818952
0.817385
0.817392
0.816972
0.819466
0.820121
0.821057
0.821658
0.825854
0.825055
0.826759
0.82759
0.829905
0.832987
0.832886
0.833194
0.835681
0.836755
0.836664
0.83906
0.839835
0.840615
0.841454
0.842403
0.843918
0.845262
0.845821
0.846364
0.848992
0.848889
0.850444
0.851532
0.853945
0.854753
0.855707
0.855904
0.857589
0.857936
0.859577
0.861219
0.861263
0.864403
0.865774
0.867913
0.869504
0.870565
0.872795
0.875529
0.876877
0.877675
0.878707
0.878975
0.880772
0.881176
0.882996
0.883203
0.882988
0.882864
0.883806
0.885589
0.886318
0.885558
0.887158
0.888009
0.88913
0.891209
0.893545
0.893767
0.893052
0.893241
0.895193
0.896122
0.897155
0.897059
0.899098
0.902936
0.903884
0.905376
0.905785
0.90366
0.905491
0.90525
0.904903
0.904225
0.905556
0.905278
0.906621
0.907393
0.906549
0.906609
0.907064
0.908167
0.909304
0.909104
0.910304
0.91088
0.911698
0.912528
0.914799
0.9138
0.914515
0.915131
0.913365
0.912963
0.913877
0.9134
0.914163
0.915048
0.915095
0.918233
0.919615
0.91937
0.918793
0.918082
0.919874
0.922938
0.923419
0.925208
0.926411
0.928489
0.930587
0.930905
0.932206
0.932783
0.93304
0.93503
0.935554
0.936416
0.936325
0.938212
0.938565
0.939338
0.940539
0.939471
0.94114
0.940808
0.941224
0.942653
0.942224
0.942256
0.941777
0.942346
0.9431
0.943814
0.946065
0.946814
0.947254
0.948507
0.949571
0.951897
0.949861
0.951522
0.951648
0.954457
0.9543
0.955596
0.953644
0.951532
0.952321
0.951829
0.953113
0.953707
0.954067
0.952679
0.951241
0.951457
0.951605
0.952425
0.952994
0.953062
0.953612
0.955256
0.956574
0.958511
0.958123
0.960152
0.960418
0.960682
0.959979
0.960291
0.96154
0.961716
0.961748
0.962524
0.962368
0.963178
0.963513
0.964587
0.9655
0.967006
0.96782
0.968295
0.96845
0.970019
0.970607
0.969816
0.969945
0.969951
0.969587
0.968903
0.968938
0.969348
0.970539
0.971964
0.970283
0.969999
0.969705
0.970278
0.971531
0.97108
0.973434
0.975004
0.97714
0.976387
0.977055
0.977161
0.976464
0.978416
0.977788
0.980717
0.979659
0.980656
0.979805
0.978066
0.977538
0.977201
0.976196
0.979085
0.978478
0.979862
0.980485
0.981951
0.982964
0.982588
0.981047
0.980164
0.981242
0.980169
0.981074
0.98099
0.981339
0.982598
0.982769
0.982377
0.98209
0.9825
0.982207
0.981592
0.981009
0.980186
0.981681
0.980688
0.981527
0.982106
0.983712
0.984065
0.985278
0.985886
0.986065
0.986397
0.986176
0.987206
0.986004
0.986242
0.989233
0.989637
0.988734
0.989748
0.98952
0.989559
0.990112
0.990998
0.990172
0.990719
0.989927
0.989997
0.989723
0.988596
0.987968
0.98889
0.989885
0.989095
0.98821
0.988258
0.987817
0.988805
0.990055
0.990559
0.989392
0.991669
0.992403
0.993772
0.992554
0.991634
0.992314
0.992596
0.993866
0.995983
0.994997
0.996671
0.997224
0.997501
0.996639
0.998517
1.00068
1.00277
1.00276
1.00327
1.00223
1.00154
1.00143
1.0039
1.00339
1.00243
1.0022
1.00167
1.00112
1.0014
1.00219
1.00394
1.00278
1.0039
1.00418
1.00548
1.00453
1.00477
1.00492
1.00382
1.00381
1.00445
1.00405
1.00496
1.00544
1.00548
1.0052
1.00526
1.00565
1.00474
1.00415
1.00432
1.00406
1.00342
1.004
1.00646
1.00576
1.00615
1.00898
1.00954
1.00955
1.00866
1.00774
1.00686
1.00573
1.00556
1.00484
1.00445
1.00558
1.00425
1.00401
1.00293
1.00216
1.00328
1.00407
1.00565
1.00512
1.00373
1.00144
0.999161
0.998704
0.999534
0.999105
1.00007
0.999975
1.00114
1.00038
1.00078
1.00162
1.00339
1.00325
1.0034
1.00377
1.00396
1.00412
1.00419
1.00229
1.00058
1.0019
1.00249
1.00384
1.00398
1.00234
1.00141
1.00311
1.00459
1.00456
1.0059
1.00405
1.00401
1.002
1.00237
1.00225
1.0031
1.00369
1.00456
1.00473
1.00418
1.00461
1.0047
1.00559
1.00586
1.00467
1.00559
1.00623
1.00716
1.0067
1.00856
1.00849
1.00725
1.00679
1.00436
1.00157
1.00367
1.00359
1.00466
1.0038
1.00276
1.00292
1.00267
1.00301
1.00468
1.0034
1.00199
1.00405
1.00389
1.00386
1.00253
1.00311
1.00325
1.00219
1.00321
1.00274
1.00251
1.00187
1.00315
1.00123
1.0007
1.0015
0.99979
1.00005
1.00068
1.00244
1.00118
1.00108
1.00072
0.99986
1.00061
1.00078
1.00022
1.00128
1.00239
1.00128
1.0023
1.00246
1.00047
0.999403
1.00047
1.00006
0.999489
0.999086
0.999971
0.998277
0.998701
0.997267
0.99623
0.998294
0.997464
0.9974
0.99605
0.995533
0.996466
0.996522
0.995283
0.994682
0.993896
0.995797
0.998775
0.997235
0.997521
0.999125
0.998253
0.999292
0.999633
1.00026
0.997941
0.998574
0.998088
0.998963
1.00099
1.00157
0.999876
0.999489
0.998982
0.998805
0.99782
0.998086
0.997821
0.997079
0.998536
1.00001
1.00002
0.99977
1.00128
1.00047
0.999825
0.999776
0.998996
0.999988
1.00053
1.00067
1.00317
1.00234
1.00206
1.00241
1.00101
1.00082
1.00134
1.00091
1.00093
1.00051
1.00121
1.00223
1.00312
1.00475
1.00502
1.00526
1.00468
1.00616
1.00581
1.00705
1.00643
1.00745
1.00815
1.00752
1.00781
1.00773
1.00759
1.00638
1.00708
1.0059
1.00703
1.00593
1.00733
1.00675
1.00708
1.00509
1.0061
1.00747
1.00767
1.00798
1.00798
1.00824
1.00659
1.0061
1.00669
1.00822
1.00861
1.00717
1.00678
1.00769
1.00896
1.00866
1.01068
1.01105
1.01179
1.01177
1.01152
1.0118
1.01312
1.01309
1.01387
1.01533
1.01316
1.01382
1.0136
1.01446
1.01623
1.01617
1.01562
1.01566
1.01627
1.01463
1.01464
1.0155
1.01572
1.01452
1.01473
1.01562
1.01489
1.01604
1.0154
1.01546
1.01467
1.01464
1.01445
1.01393
1.01411
1.01297
1.01119
1.01281
1.01334
1.01305
1.01383
1.01459
1.01351
1.01398
1.01261
1.01232
1.01224
1.01132
1.01264
1.01245
1.01126
1.01047
1.0111
1.00879
1.00779
1.00896
1.01008
1.00996
1.00945
1.0091
1.00728
1.00722
1.00814
1.00834
1.0089
1.00875
1.00941
1.00929
1.00869
1.00992
1.00955
1.00729
1.00653
1.00676
1.00626
1.00728
1.00705
1.00739
1.00819
1.00992
1.01106
1.01103
1.01181
1.01244
1.01269
1.0126
1.01213
1.01208
1.01022
1.00849
1.00677
1.00582
1.00583
1.00625
1.00498
1.00433
1.00402
1.003
1.00369
1.00413
1.00631
1.00745
1.00706
1.00641
1.00734
1.00557
1.00487
1.00428
1.00503
1.00604
1.00575
1.00565
1.00735
1.0078
1.00737
1.00574
1.00607
1.00781
1.00771
1.00803
1.00871
1.009
1.00802
1.0099
1.01046
1.0093
1.00767
1.00854
1.01027
1.01156
1.01184
1.01353
1.01339
1.01502
1.01557
1.01402
1.01368
1.01245
1.01165
1.01196
1.01325
1.01424
1.0143
1.01348
1.01412
1.01544
1.01628
1.01551
1.0142
1.01359
1.01108
1.01159
1.01301
1.01365
1.0128
1.01212
1.01202
1.01174
1.01131
1.01184
1.01038
1.01031
1.00965
1.00737
1.00806
1.0091
1.00889
1.01069
1.01098
1.01124
1.01082
1.01126
1.01248
1.01197
1.01093
1.00955
1.01137
1.01159
1.01127
1.01124
1.01183
1.01301
1.01371
1.013
1.01446
1.01474
1.01411
1.01313
1.01236
1.01253
1.01274
1.01193
1.01162
1.01317
1.0128
1.0126
1.01283
1.01294
1.01352
1.0129
1.01477
1.01658
1.01621
1.01668
1.01728
1.01825
1.018
1.0163
1.01714
1.0161
1.01525
1.01511
1.01574
1.01666
1.0167
1.01646
1.01606
1.0148
1.01345
1.01565
1.01641
1.0157
1.01635
1.01575
1.01569
1.01331
1.01245
1.01263
1.01182
1.01174
1.013
1.01218
1.01098
1.01015
1.01043
1.01001
1.00944
1.009
1.01061
1.01159
1.01159
1.01129
1.01068
1.0108
1.01068
1.01244
1.01109
1.01081
1.01039
1.01243
1.01422
1.01364
1.01461
1.01615
1.01611
1.01574
1.01598
1.01682
1.0176
1.01832
1.01824
1.01727
1.01717
1.01719
1.01702
1.01782
1.01835
1.01673
1.01777
1.01883
1.01895
1.01749
1.01735
1.01913
1.01786
1.01862
1.01923
1.01988
1.02278
1.02253
1.02282
1.02365
1.0233
1.02474
1.02388
1.02451
1.02624
1.02798
1.02776
1.02783
1.02769
1.02935
1.02967
1.02997
1.0319
1.03279
1.03188
1.0334
1.03546
1.03684
1.03797
1.03785
1.03627
1.03653
1.03618
1.03652
1.03797
1.03842
1.03909
1.03873
1.03777
1.03772
1.03853
1.03737
1.03851
1.0387
1.03884
1.0393
1.03844
1.03985
1.03937
1.03825
1.03784
1.03797
1.03915
1.03859
1.03653
1.03609
1.03531
1.03425
1.03316
1.0327
1.03347
1.03259
1.03283
1.03433
1.03492
1.03479
1.03535
1.03622
1.03558
1.03587
1.03705
1.03826
1.03747
1.03887
1.03919
1.03764
1.03714
1.03888
1.03997
1.04173
1.0423
1.04164
1.0425
1.04255
1.04144
1.04061
1.03976
1.0401
1.03896
1.03799
1.04011
1.03883
1.03908
1.03926
1.0399
1.04089
1.04102
1.04077
1.04161
1.04345
1.04254
1.04234
1.04204
1.04271
1.04213
1.04157
1.04177
1.04104
1.03996
1.03978
1.03936
1.03999
1.04158
1.04055
1.04264
1.04503
1.04365
1.04395
1.04465
1.04305
1.04356
1.04385
1.04468
1.04471
1.04278
1.04179
1.04124
1.04304
1.04229
1.04362
1.04492
1.04501
1.04573
1.04623
1.04658
1.04705
1.04605
1.04512
1.04575
1.0454
1.04503
1.04433
1.04405
1.04455
1.04519
1.04457
1.04443
1.04443
1.04461
1.04356
1.04289
1.04254
1.04043
1.04063
1.03982
1.03867
1.03867
1.03892
1.03975
1.03969
1.04129
1.04107
1.04032
1.04069
1.0416
1.04103
1.04159
1.04093
1.04109
1.0414
1.04144
1.04248
1.04235
1.04282
1.0415
1.03949
1.04059
1.03956
1.03986
1.04119
1.04091
1.04329
1.04364
1.04139
1.04146
1.04128
1.04425
1.0439
1.044
1.04321
1.0418
1.03942
1.03965
1.04032
1.03945
1.0405
1.04063
1.04214
1.04043
1.04065
1.04198
1.04336
1.04225
1.04325
1.04311
1.04266
1.04377
1.04453
1.04414
1.04409
1.04526
1.04408
1.04318
1.04526
1.04544
1.04376
1.04249
1.0433
1.04422
1.04276
1.04302
1.04343
1.04307
1.04311
1.04174
1.04121
1.04185
1.04169
1.0413
1.04112
1.04009
1.04038
1.04028
1.0404
1.04078
1.04133
1.04174
1.04229
1.04145
1.04145
1.04179
1.04182
1.04222
1.04392
1.04566
1.0441
1.04387
1.04356
1.04266
1.04244
1.0427
1.04383
1.04459
1.04565
1.04534
1.04581
1.04515
1.04437
1.04409
1.04428
1.0462
1.04819
1.04775
1.04791
1.04873
1.04934
1.0506
1.05045
1.04893
1.04794
1.04845
1.04856
1.04698
1.04723
1.04629
1.04531
1.04291
1.04242
1.04464
1.04429
1.04379
1.04505
1.04531
1.04305
1.04271
1.04303
1.04315
1.04378
1.04339
1.04196
1.04051
1.03857
1.03816
1.03815
1.03988
1.04123
1.04202
1.04331
1.04366
1.04284
1.04365
1.04591
1.04811
1.0479
1.04747
1.04654
1.04609
1.04487
1.04519
1.04672
1.04584
1.04516
1.04556
1.04587
1.04396
1.04353
1.0421
1.04191
1.04312
1.04188
1.04229
1.04337
1.04349
1.04264
1.04212
1.04013
1.03895
1.04028
1.0392
1.0398
1.04196
1.04234
1.04179
1.0416
1.04189
1.04287
1.04545
1.04419
1.0443
1.04375
1.04464
1.04474
1.04619
1.04722
1.04682
1.04634
1.04628
1.04589
1.04626
1.04643
1.04602
1.04576
1.0457
1.04687
1.04756
1.04731
1.04628
1.04756
1.04632
1.04572
1.04362
1.04325
1.04419
1.04463
1.04468
1.0461
1.04558
1.0444
1.04382
1.04408
1.045
1.04413
1.04443
1.04513
1.04311
1.04239
1.04244
1.04086
1.04135
1.04219
1.04359
1.04414
1.04411
1.04421
1.04466
1.04574
1.04418
1.04404
1.0451
1.04447
1.04244
1.04163
1.04043
1.04067
1.04003
1.03987
1.04016
1.03775
1.03776
1.03871
1.03831
1.03636
1.0369
1.03677
1.03633
1.03396
1.0329
1.03566
1.03528
1.03403
1.03648
1.03766
1.03573
1.0361
1.03463
1.036
1.03511
1.03458
1.03399
1.03413
1.03516
1.03592
1.03716
1.03791
1.03743
1.03765
1.0376
1.03776
1.038
1.03765
1.03726
1.03716
1.03554
1.03601
1.03663
1.03613
1.03666
1.03786
1.03826
1.03896
1.0402
1.03987
1.03867
1.03885
1.04002
1.04067
1.03983
1.03927
1.03779
1.03756
1.03746
1.03782
1.03923
1.03882
1.03801
1.03722
1.0372
1.03991
1.03912
1.03755
1.03722
1.03637
1.03544
1.03513
1.03503
1.0342
1.03418
1.03462
1.03435
1.03288
1.03402
1.03131
1.03148
1.03187
1.03216
1.03189
1.02988
1.02876
1.02923
1.03015
1.03112
1.03145
1.03017
1.03026
1.02991
1.0304
1.02729
1.02772
1.02682
1.02481
1.02517
1.02465
1.02445
1.0241
1.02381
1.02466
1.02581
1.02543
1.02665
1.02751
1.0277
1.02919
1.03145
1.03208
1.03117
1.03034
1.02948
1.02861
1.02879
1.02683
1.02682
1.02564
1.02622
1.02696
1.0279
1.02792
1.028
1.02913
1.02717
1.02765
1.02611
1.02551
1.02383
1.02255
1.02307
1.02423
1.02445
1.02534
1.02369
1.02517
1.02691
1.02757
1.02977
1.0313
1.03202
1.03187
1.03073
1.03046
1.03066
1.03043
1.02957
1.03177
1.03035
1.03094
1.02971
1.02752
1.02918
1.02885
1.02921
1.031
1.0322
1.03087
1.03169
1.03164
1.03164
1.03056
1.03073
1.03256
1.03319
1.03433
1.03482
1.03499
1.03473
1.03459
1.03385
1.03291
1.03135
1.02896
1.02798
1.02768
1.02938
1.02944
1.02893
1.03052
1.0297
1.02969
1.03162
1.0312
1.03173
1.03167
1.03249
1.03199
1.03147
1.03065
1.0296
1.02978
1.03078
1.03273
1.03344
1.03224
1.032
1.03316
1.03169
1.03242
1.03076
1.02931
1.02878
1.0285
1.02846
1.0281
1.02781
1.02868
1.02777
1.02827
1.02672
1.02718
1.02657
1.02674
1.02657
1.0277
1.02668
1.02783
1.02822
1.02858
1.02765
1.02672
1.02856
1.02844
1.02702
1.02757
1.02906
1.02883
1.03102
1.0295
1.02943
1.02952
1.02664
1.02663
1.02787
1.02851
1.0269
1.02682
1.02885
1.02811
1.02669
1.02501
1.02513
1.02519
1.02281
1.02281
1.02353
1.02215
1.02238
1.02279
1.021
1.01978
1.02011
1.01933
1.01899
1.01922
1.01961
1.02069
1.02392
1.02403
1.02429
1.02508
1.02386
1.02305
1.02263
1.02185
1.02021
1.01896
1.01794
1.01723
1.01817
1.02019
1.02043
1.01851
1.01728
1.01524
1.01525
1.01688
1.01902
1.01672
1.01642
1.01623
1.01814
1.01845
1.0195
1.01944
1.01948
1.01971
1.018
1.01717
1.01834
1.01773
1.01861
1.01972
1.01935
1.01964
1.02103
1.02172
1.02048
1.01947
1.01941
1.01902
1.01728
1.01477
1.01391
1.01418
1.01458
1.01581
1.01518
1.0148
1.01562
1.0142
1.01397
1.0142
1.01468
1.01382
1.01407
1.01273
1.01221
1.01178
1.01341
1.01331
1.01366
1.01338
1.01175
1.00982
1.00966
1.0102
1.0108
1.01096
1.00848
1.00744
1.00812
1.00986
1.01278
1.01355
1.01507
1.01462
1.01538
1.01562
1.01536
1.01663
1.01673
1.01657
1.0163
1.01596
1.01367
1.01264
1.01283
1.013
1.01297
1.01176
1.01258
1.01248
1.01062
1.01191
1.01048
1.00932
1.00669
1.00655
1.00663
1.00702
1.008
1.00804
1.00745
1.00812
1.00845
1.00876
1.00886
1.00936
1.00975
1.00974
1.00962
1.00935
1.0103
1.00934
1.00717
1.00738
1.00794
1.00941
1.01133
1.01106
1.01026
1.00953
1.00937
1.00908
1.01018
1.00946
1.01014
1.00896
1.00713
1.00629
1.00563
1.00637
1.0062
1.00701
1.00635
1.00547
1.00523
1.00354
1.00265
1.00183
1.0015
1.00202
1.00297
1.00387
1.00462
1.00432
1.00364
1.00354
1.00345
1.00394
1.00556
1.00545
1.0052
1.00471
1.00591
1.00592
1.00474
1.00465
1.0045
1.00421
1.00541
1.00488
1.00302
1.00536
1.00551
1.00564
1.00551
1.00384
1.00409
1.00519
1.00494
1.00552
1.00569
1.00807
1.00747
1.0077
1.00963
1.01
1.01052
1.01181
1.01239
1.01173
1.01109
1.01041
1.00979
1.00881
1.0083
1.0059
1.00446
1.00402
1.00407
1.00337
1.00243
1.00133
1.00073
1.00047
0.999529
0.998816
0.998061
0.997492
0.998519
0.997236
0.99808
0.99897
0.99819
0.998094
0.996694
0.995708
0.998856
0.997141
0.997054
0.997458
0.996245
0.995641
0.996224
0.996389
0.997093
0.99737
0.996629
0.997554
0.998368
1.00062
1.00225
1.00342
1.00372
1.004
1.0024
1.00107
0.99996
0.999583
0.999636
0.999587
0.997901
0.997911
0.996924
0.996886
0.997668
0.997472
0.99634
0.997795
0.998341
0.998061
0.999111
0.998548
0.998186
1.0007
1.00156
1.002
1.00053
1.00078
1.00168
1.00499
1.00459
1.0063
1.00623
1.00574
1.00685
1.00859
1.00671
1.0053
1.00568
1.00548
1.00385
1.00575
1.00563
1.00756
1.00589
1.00667
1.0069
1.00861
1.01021
1.00848
1.00999
1.00931
1.01159
1.01159
1.01238
1.01121
1.01273
1.01188
1.01476
1.0158
1.01481
1.01326
1.01284
1.01324
1.01293
1.01388
1.01251
1.01311
1.01529
1.01676
1.01847
1.01741
1.01795
1.01665
1.01578
1.01682
1.01644
1.01555
1.01399
1.01467
1.01494
1.01442
1.01307
1.01342
1.01472
1.01542
1.01675
1.01631
1.01552
1.01524
1.01665
1.01495
1.01504
1.0155
1.01542
1.01625
1.01677
1.01707
1.01833
1.01876
1.01963
1.01955
1.01892
1.01923
1.01819
1.01823
1.01817
1.01901
1.01697
1.01732
1.01642
1.01723
1.01748
1.01712
1.01624
1.01507
1.01463
1.01547
1.014
1.01465
1.01326
1.01536
1.01396
1.012
1.01124
1.01015
1.0105
1.01073
1.01299
1.01404
1.01456
1.01532
1.01519
1.0144
1.01462
1.01235
1.01417
1.01509
1.01366
1.01301
1.01401
1.01552
1.01605
1.01429
1.01461
1.01507
1.01563
1.01462
1.01545
1.01487
1.01373
1.0141
1.01301
1.01535
1.01633
1.01658
1.01831
1.01906
1.0204
1.01826
1.01806
1.01894
1.0198
1.02028
1.02021
1.01979
1.01985
1.01865
1.01895
1.01869
1.01863
1.01673
1.01597
1.0154
1.01564
1.01475
1.01155
1.01081
1.00985
1.0086
1.00814
1.00821
1.00679
1.00681
1.00577
1.00623
1.00683
1.00709
1.00747
1.00693
1.00774
1.00964
1.00922
1.00935
1.01022
1.00929
1.00955
1.00811
1.00644
1.00739
1.00693
1.00681
1.00595
1.00537
1.00447
1.00427
1.00355
1.00308
1.00401
1.00617
1.00487
1.00394
1.00422
1.00565
1.005
1.00492
1.00512
1.00459
1.0046
1.00514
1.00749
1.00716
1.00678
1.00609
1.00645
1.00471
1.00468
1.00417
1.00491
1.00543
1.00834
1.00622
1.00687
1.00714
1.00761
1.00797
1.00838
1.00893
1.00956
1.0092
1.00972
1.00986
1.0083
1.00866
1.01002
1.01148
1.01115
1.00873
1.00778
1.00903
1.00801
1.00824
1.00924
1.0104
1.00964
1.00807
1.00724
1.00696
1.00658
1.00626
1.00481
1.00436
1.00582
1.00292
1.00325
1.00185
1.00225
1.0027
1.00319
1.00306
1.00417
1.00447
1.00474
1.00583
1.00572
1.00429
1.00488
1.00515
1.00663
1.00562
1.00536
1.00436
1.00315
1.00508
1.00273
1.0037
1.00555
1.00716
1.00779
1.00678
1.00829
1.00842
1.00724
1.00763
1.00852
1.00885
1.00961
1.01116
1.01079
1.00929
1.00909
1.00675
1.00861
1.00872
1.00862
1.00731
1.00727
1.00569
1.0055
1.00558
1.00503
1.00616
1.00746
1.00636
1.00605
1.00378
1.00485
1.00447
1.00359
1.0042
1.00452
1.00481
1.00526
1.00481
1.00514
1.004
1.00204
1.00205
1.00232
1.00378
1.00582
1.00513
1.00655
1.00612
1.00838
1.00763
1.00867
1.00914
1.00904
1.00835
1.0088
1.01041
1.01026
1.01089
1.01033
1.00923
1.0093
1.00888
1.00709
1.00667
1.00792
1.00771
1.00919
1.00871
1.00984
1.00922
1.01137
1.01115
1.00976
1.01102
1.01171
1.01099
1.01096
1.01293
1.01315
1.01376
1.01175
1.01107
1.01102
1.01202
1.01156
1.01093
1.01272
1.01235
1.0121
1.01206
1.01174
1.01248
1.01256
1.01166
1.01287
1.01264
1.01283
1.01441
1.01324
1.01271
1.01242
1.01261
1.01184
1.01185
1.01167
1.01152
1.01275
1.01326
1.01393
1.01483
1.0157
1.01773
1.01558
1.01487
1.01354
1.01396
1.01412
1.01456
1.01514
1.01413
1.01159
1.01124
1.011
1.01207
1.01079
1.01056
1.01122
1.01209
1.01076
1.0119
1.01178
1.01148
1.01278
1.01357
1.0162
1.01817
1.01841
1.01766
1.01641
1.0181
1.01858
1.01833
1.01688
1.01746
1.019
1.01897
1.01895
1.01685
1.01644
1.01642
1.01749
1.01748
1.01868
1.01841
1.01802
1.01896
1.01725
1.01912
1.01779
1.01667
1.01455
1.01388
1.0142
1.01377
1.0154
1.01677
1.01739
1.01842
1.01961
1.01921
1.01834
1.01862
1.01834
1.01672
1.01661
1.01907
1.01895
1.01937
1.02078
1.02077
1.02233
1.02266
1.02091
1.02292
1.0234
1.02141
1.02208
1.02006
1.02034
1.022
1.02067
1.01974
1.02123
1.02098
1.01838
1.01893
1.01711
1.01815
1.01867
1.01667
1.01567
1.01546
1.01448
1.01467
1.01447
1.01272
1.01132
1.01331
1.0135
1.01299
1.0153
1.01701
1.01761
1.01646
1.01634
1.0159
1.01748
1.01775
1.01718
1.01935
1.02065
1.02053
1.02042
1.02106
1.02264
1.02244
1.02117
1.02267
1.02175
1.02213
1.02181
1.02317
1.02307
1.02088
1.01975
1.02025
1.02034
1.02181
1.02205
1.02122
1.02132
1.02008
1.01991
1.01971
1.02088
1.02209
1.02206
1.02201
1.02023
1.02063
1.02182
1.02133
1.02108
1.02187
1.01858
1.01943
1.02014
1.01946
1.01986
1.02135
1.02126
1.02236
1.02446
1.02564
1.02819
1.02877
1.02979
1.02834
1.02949
1.0291
1.02972
1.03198
1.03265
1.03332
1.03257
1.0324
1.03063
1.03225
1.03103
1.03264
1.03195
1.0319
1.03117
1.03169
1.03154
1.0333
1.03306
1.032
1.03133
1.02983
1.03037
1.03232
1.03321
1.03061
1.03108
1.03302
1.03303
1.03377
1.03332
1.03308
1.03414
1.03529
1.03385
1.03334
1.03304
1.03271
1.03198
1.03123
1.03114
1.03221
1.03283
1.03362
1.03523
1.03649
1.03511
1.0361
1.03299
1.03158
1.03104
1.03113
1.03174
1.03229
1.03319
1.03293
1.03473
1.03484
1.03485
1.03673
1.03656
1.03657
1.03647
1.03509
1.03566
1.03738
1.03739
1.03843
1.03886
1.03882
1.03907
1.03947
1.03965
1.0411
1.04011
1.03954
1.04109
1.04112
1.03997
1.04079
1.04029
1.03968
1.04004
1.04097
1.04043
1.04164
1.04142
1.04101
1.04087
1.04048
1.03916
1.04057
1.04245
1.04201
1.04175
1.04121
1.03989
1.04071
1.03994
1.03942
1.03944
1.04113
1.03971
1.03974
1.04049
1.04035
1.04004
1.03959
1.03953
1.0406
1.04072
1.04168
1.04173
1.04435
1.04371
1.04527
1.0453
1.04398
1.04285
1.04362
1.04262
1.0415
1.04129
1.04192
1.04006
1.03913
1.03871
1.03858
1.04029
1.04188
1.03997
1.03986
1.04033
1.04157
1.04177
1.04162
1.0417
1.04107
1.04297
1.04275
1.04276
1.0429
1.04308
1.04487
1.04208
1.0424
1.04232
1.04171
1.04209
1.04202
1.04236
1.043
1.0429
1.04196
1.04126
1.0412
1.04018
1.03954
1.03903
1.04025
1.0383
1.03682
1.03744
1.03613
1.03575
1.03618
1.03674
1.03536
1.03422
1.0357
1.03544
1.03518
1.03487
1.03473
1.03581
1.03584
1.03732
1.03646
1.03706
1.03595
1.03739
1.03702
1.03763
1.03813
1.03952
1.03776
1.03884
1.03865
1.03744
1.03862
1.03859
1.03958
1.03945
1.03832
1.03649
1.03866
1.03667
1.03531
1.03415
1.03469
1.03438
1.03673
1.03822
1.03663
1.03488
1.03392
1.03314
1.03473
1.0326
1.03107
1.03228
1.03266
1.0342
1.03423
1.03605
1.03507
1.03445
1.03384
1.03386
1.03338
1.03203
1.03123
1.03344
1.03399
1.03228
1.03178
1.03246
1.03454
1.0347
1.03521
1.03354
1.03243
1.03262
1.03191
1.03152
1.02979
1.02862
1.02936
1.02775
1.02883
1.03007
1.03025
1.03097
1.03175
1.03015
1.0286
1.02813
1.03047
1.03164
1.03094
1.03362
1.03467
1.03612
1.03615
1.03627
1.03592
1.03529
1.03587
1.03704
1.03621
1.0346
1.03441
1.03527
1.03573
1.03597
1.03551
1.03688
1.03654
1.0368
1.0364
1.03578
1.03668
1.03827
1.038
1.03762
1.0377
1.03858
1.03829
1.03949
1.03946
1.03685
1.03705
1.03667
1.03775
1.03717
1.03737
1.03633
1.03375
1.03319
1.03205
1.03244
1.03277
1.03304
1.03434
1.03295
1.03212
1.03181
1.03216
1.03354
1.03359
1.03524
1.03676
1.03614
1.03524
1.03627
1.03619
1.0368
1.03675
1.03771
1.03684
1.03441
1.03436
1.03281
1.03185
1.03184
1.03098
1.02991
1.03045
1.03129
1.03126
1.02954
1.02796
1.02722
1.027
1.02639
1.02589
1.02619
1.02647
1.02604
1.02489
1.02204
1.02076
1.02037
1.01859
1.01801
1.01916
1.01976
1.01846
1.01812
1.01671
1.01655
1.01621
1.01552
1.01526
1.01456
1.01503
1.01485
1.01383
1.01415
1.01181
1.01189
1.00935
1.00884
1.00848
1.0079
1.00695
1.00584
1.0056
1.00592
1.00515
1.00705
1.00546
1.00531
1.00309
1.00485
1.00638
1.00739
1.00791
1.00911
1.00848
1.00603
1.00666
1.00654
1.00739
1.00742
1.00747
1.00824
1.00816
1.00829
1.00678
1.00635
1.00787
1.009
1.009
1.00866
1.01191
1.01158
1.01082
1.01147
1.01348
1.01274
1.01188
1.01222
1.01388
1.01276
1.01286
1.0128
1.01277
1.01292
1.01162
1.01048
1.00782
1.00743
1.00707
1.00638
1.00746
1.00822
1.00752
1.00783
1.007
1.00646
1.00682
1.00508
1.00475
1.00382
1.00526
1.00704
1.00658
1.00808
1.00939
1.01041
1.01132
1.0113
1.01155
1.01103
1.011
1.01123
1.00953
1.00819
1.00693
1.00887
1.00937
1.01062
1.00977
1.0095
1.01149
1.01244
1.01189
1.01195
1.0109
1.0119
1.0097
1.01246
1.01345
1.01381
1.01455
1.01411
1.01524
1.01573
1.01481
1.01526
1.01401
1.01601
1.01673
1.01718
1.01657
1.01777
1.0166
1.01824
1.01965
1.02066
1.02184
1.02191
1.02038
1.02151
1.02125
1.0215
1.02082
1.02102
1.021
1.02076
1.02046
1.01929
1.01966
1.01936
1.01908
1.01857
1.01877
1.0207
1.02127
1.02347
1.02331
1.02509
1.02574
1.02703
1.02614
1.02579
1.02655
1.02637
1.02834
1.02933
1.02987
1.03144
1.03283
1.03391
1.03558
1.03569
1.03494
1.03556
1.03552
1.03512
1.0343
1.03522
1.03304
1.0318
1.03361
1.03314
1.03267
1.03545
1.03574
1.03505
1.03378
1.03323
1.0346
1.03315
1.03475
1.03389
1.0329
1.03273
1.0343
1.03262
1.03275
1.03357
1.03398
1.03343
1.03296
1.03356
1.03401
1.03377
1.03327
1.03237
1.03364
1.03551
1.03678
1.03356
1.03309
1.03201
1.03161
1.0334
1.03526
1.03417
1.03324
1.03206
1.03312
1.03556
1.03706
1.03578
1.03274
1.03172
1.03247
1.03196
1.03034
1.02995
1.02979
1.02832
1.02862
1.02944
1.02945
1.03014
1.02863
1.02965
1.02961
1.02858
1.02785
1.02821
1.02864
1.02719
1.02726
1.02839
1.02921
1.02811
1.02698
1.02613
1.02389
1.02528
1.02525
1.02398
1.02286
1.02236
1.02241
1.02055
1.02218
1.02297
1.02317
1.02389
1.02494
1.02486
1.02568
1.02515
1.02433
1.02212
1.02261
1.02316
1.02501
1.02263
1.02367
1.02408
1.0247
1.02379
1.02589
1.02514
1.02586
1.0272
1.02689
1.02788
1.02881
1.02759
1.02657
1.02599
1.02588
1.02765
1.02672
1.02537
1.02605
1.02552
1.02664
1.02659
1.0272
1.02707
1.02784
1.02725
1.02715
1.02722
1.02841
1.0292
1.02826
1.02729
1.02854
1.02873
1.02921
1.02938
1.02923
1.0309
1.02957
1.029
1.02891
1.03021
1.02862
1.03053
1.02773
1.02768
1.0275
1.0282
1.027
1.02724
1.02767
1.02883
1.02859
1.02585
1.02664
1.02863
1.02877
1.02945
1.02921
1.0295
1.0305
1.03027
1.03037
1.03046
1.02956
1.02929
1.02785
1.02693
1.02736
1.02795
1.02842
1.02701
1.02854
1.02829
1.02898
1.02784
1.02611
1.02606
1.02347
1.02429
1.02628
1.02536
1.0246
1.02466
1.02478
1.02574
1.02555
1.02424
1.02432
1.02611
1.02696
1.02571
1.02537
1.02656
1.02495
1.02285
1.02152
1.02152
1.02248
1.022
1.02257
1.02189
1.02334
1.02197
1.02279
1.02481
1.02496
1.02584
1.02509
1.02344
1.0241
1.02413
1.02393
1.02224
1.02053
1.02031
1.02048
1.02124
1.02018
1.01923
1.02118
1.02102
1.02084
1.0202
1.01976
1.01997
1.02112
1.0199
1.01931
1.01874
1.02067
1.02138
1.02133
1.02232
1.02144
1.02318
1.02361
1.02297
1.0237
1.02199
1.02133
1.02166
1.02173
1.02162
1.01986
1.01997
1.01995
1.02001
1.01946
1.01923
1.0199
1.01954
1.02193
1.02168
1.02096
1.02131
1.02182
1.02363
1.02429
1.02545
1.02352
1.0244
1.02523
1.0235
1.02389
1.02409
1.02315
1.02512
1.02595
1.02684
1.02699
1.02409
1.0248
1.0256
1.02569
1.0252
1.02619
1.02629
1.02461
1.02317
1.02386
1.02344
1.02273
1.02285
1.02485
1.02443
1.0231
1.02399
1.02449
1.0247
1.0238
1.02256
1.02096
1.01966
1.01928
1.01952
1.01927
1.01701
1.01901
1.02185
1.02194
1.02282
1.0235
1.0246
1.0232
1.02251
1.02264
1.0218
1.02204
1.02239
1.02102
1.02036
1.01886
1.02154
1.02234
1.02201
1.02245
1.02236
1.02136
1.02116
1.02018
1.02071
1.02013
1.02013
1.02045
1.01825
1.01935
1.01856
1.02154
1.02127
1.01984
1.02048
1.02141
1.02108
1.01953
1.01934
1.01853
1.02026
1.01967
1.01834
1.01763
1.01736
1.0162
1.01715
1.01882
1.01802
1.01934
1.01866
1.02015
1.02122
1.02329
1.02542
1.02517
1.02459
1.02482
1.02338
1.02226
1.02249
1.02305
1.02409
1.02371
1.02265
1.02215
1.0224
1.02258
1.02378
1.02289
1.02268
1.0203
1.02168
1.01968
1.02067
1.02105
1.0223
1.02342
1.02358
1.02554
1.02432
1.023
1.02562
1.02598
1.02721
1.02609
1.02589
1.02652
1.02436
1.02389
1.0246
1.02466
1.02519
1.02615
1.02725
1.02854
1.02716
1.02602
1.02619
1.02842
1.028
1.02668
1.02636
1.02699
1.02769
1.02811
1.02848
1.02803
1.02939
1.02801
1.028
1.02879
1.02777
1.028
1.0289
1.02885
1.02953
1.0287
1.02938
1.02818
1.02704
1.02599
1.02268
1.02181
1.02083
1.02083
1.0214
1.02214
1.02191
1.02219
1.02125
1.02124
1.02143
1.02023
1.01907
1.01985
1.02085
1.02198
1.02194
1.02192
1.022
1.02214
1.02345
1.02212
1.02214
1.02115
1.02203
1.02222
1.02301
1.02329
1.02264
1.02257
1.02193
1.02127
1.01969
1.01909
1.01854
1.01921
1.01842
1.01901
1.01899
1.0184
1.01965
1.01973
1.0211
1.01909
1.01952
1.0186
1.01647
1.01508
1.01643
1.01702
1.01715
1.01773
1.02022
1.02066
1.02059
1.01944
1.01875
1.01918
1.01828
1.01935
1.01842
1.0201
1.02101
1.02136
1.02199
1.02168
1.02315
1.02315
1.02379
1.02188
1.02245
1.02255
1.02213
1.02271
1.02372
1.02269
1.02331
1.0255
1.02472
1.02603
1.02671
1.02538
1.02688
1.02647
1.02484
1.02562
1.02492
1.02546
1.02814
1.02738
1.02714
1.02619
1.02662
1.02815
1.02772
1.02671
1.02726
1.02805
1.02745
1.02903
1.02998
1.02903
1.02747
1.02649
1.02547
1.024
1.02511
1.02484
1.02633
1.02857
1.0309
1.03124
1.03228
1.03057
1.03155
1.03238
1.03283
1.03348
1.03479
1.03332
1.03363
1.03423
1.03376
1.03441
1.03616
1.03525
1.03484
1.03403
1.03307
1.03418
1.03357
1.03386
1.03465
1.03399
1.03493
1.03302
1.03358
1.0338
1.0345
1.03625
1.03446
1.03438
1.03264
1.03251
1.03245
1.03349
1.03381
1.03253
1.02969
1.03075
1.03035
1.02972
1.03082
1.0304
1.03097
1.02997
1.03061
1.03032
1.03009
1.03077
1.02929
1.0292
1.02922
1.02881
1.0304
1.03017
1.02917
1.02876
1.02848
1.0287
1.03028
1.0325
1.03411
1.03453
1.03562
1.03554
1.03489
1.0348
1.03567
1.03375
1.0338
1.03514
1.03412
1.03374
1.03499
1.03705
1.03728
1.03527
1.0348
1.03134
1.03141
1.02945
1.02777
1.02871
1.02941
1.0286
1.02882
1.02592
1.02427
1.02397
1.02295
1.02324
1.0228
1.02364
1.02464
1.02342
1.02483
1.02347
1.02309
1.02269
1.02245
1.022
1.02232
1.02083
1.02068
1.02036
1.0203
1.02042
1.02191
1.02202
1.0215
1.02149
1.02264
1.02224
1.02272
1.02295
1.02318
1.02318
1.02418
1.02434
1.02332
1.02468
1.02558
1.02703
1.02566
1.02575
1.02534
1.02567
1.0269
1.02772
1.02777
1.0272
1.0271
1.02863
1.02697
1.0278
1.02776
1.02807
1.02785
1.02741
1.02694
1.02464
1.02352
1.02541
1.02566
1.02577
1.02602
1.02686
1.02717
1.02558
1.02636
1.02602
1.02708
1.02838
1.02833
1.02835
1.02989
1.02815
1.02833
1.02807
1.02858
1.02769
1.02891
1.02826
1.02885
1.02878
1.02704
1.02837
1.02927
1.02951
1.03033
1.02969
1.03031
1.03215
1.03168
1.03087
1.03166
1.03137
1.03211
1.03137
1.03335
1.03317
1.03123
1.03168
1.03302
1.03358
1.03343
1.03417
1.03232
1.03182
1.03158
1.0321
1.03279
1.03094
1.03183
1.03206
1.03146
1.03312
1.03226
1.03208
1.03201
1.03307
1.03291
1.03255
1.0312
1.02938
1.02957
1.02917
1.02906
1.0277
1.02868
1.02947
1.02932
1.02933
1.03169
1.03123
1.03054
1.03041
1.03086
1.03052
1.03035
1.03011
1.02889
1.02714
1.02779
1.02719
1.02895
1.02966
1.03077
1.03114
1.03106
1.02985
1.02874
1.03048
1.03071
1.03184
1.03214
1.03127
1.03234
1.03203
1.03229
1.03149
1.03072
1.03012
1.02962
1.03086
1.03087
1.03129
1.03339
1.03435
1.03401
1.0332
1.03192
1.03458
1.03218
1.03341
1.033
1.03323
1.03335
1.03527
1.03531
1.0334
1.03551
1.03575
1.0373
1.03761
1.03836
1.03778
1.03883
1.04003
1.03802
1.03862
1.03905
1.03809
1.04022
1.03878
1.04167
1.04232
1.04214
1.04292
1.04153
1.04315
1.04252
1.03864
1.03838
1.03764
1.03899
1.04023
1.03984
1.04082
1.04044
1.03939
1.03916
1.04022
1.03925
1.04059
1.04147
1.04096
1.04242
1.04216
1.04206
1.04294
1.04014
1.03971
1.03967
1.03981
1.03861
1.0385
1.03648
1.03541
1.0374
1.0368
1.03738
1.03658
1.03806
1.03959
1.03925
1.0375
1.03907
1.03899
1.03856
1.03785
1.03772
1.03641
1.03632
1.03819
1.03945
1.03888
1.04054
1.03996
1.04038
1.04128
1.04067
1.04013
1.03972
1.03831
1.03873
1.04029
1.04181
1.04253
1.04123
1.04257
1.04172
1.04137
1.04104
1.04055
1.04256
1.04459
1.04719
1.04915
1.04926
1.0495
1.04882
1.04955
1.05102
1.05194
1.05078
1.04931
1.04992
1.04864
1.0483
1.04742
1.04755
1.04768
1.04519
1.04503
1.04827
1.04809
1.0489
1.04737
1.04798
1.04759
1.04652
1.04478
1.04399
1.04333
1.04442
1.04437
1.04452
1.04364
1.04465
1.04497
1.04317
1.04161
1.04108
1.03893
1.03938
1.04005
1.04086
1.04029
1.04074
1.04302
1.04359
1.04336
1.04255
1.04346
1.04263
1.04266
1.0414
1.04315
1.04344
1.04409
1.04567
1.04667
1.04675
1.04689
1.04664
1.04509
1.0453
1.04461
1.04481
1.0429
1.04233
1.04327
1.04274
1.04234
1.04267
1.04138
1.04177
1.04309
1.04421
1.04637
1.04668
1.04709
1.0482
1.04892
1.04855
1.04826
1.04919
1.04903
1.04739
1.04932
1.04967
1.0496
1.05243
1.05235
1.05276
1.05323
1.05355
1.0522
1.05218
1.051
1.04965
1.05004
1.05171
1.04978
1.048
1.04889
1.04899
1.04754
1.04747
1.04673
1.0464
1.04507
1.04486
1.04325
1.04664
1.04516
1.0452
1.04504
1.04463
1.04601
1.04773
1.0489
1.0496
1.04973
1.04605
1.04544
1.04471
1.04548
1.04419
1.04543
1.04709
1.04796
1.04816
1.04825
1.04747
1.04861
1.04895
1.04942
1.04864
1.04872
1.04967
1.04886
1.0481
1.04713
1.04844
1.0483
1.04655
1.04625
1.04498
1.04612
1.04674
1.04547
1.04464
1.04193
1.04032
1.04028
1.03898
1.03881
1.03734
1.03773
1.03934
1.03924
1.04066
1.04166
1.0401
1.03968
1.04017
1.03998
1.0381
1.0358
1.03542
1.03555
1.03552
1.03639
1.03683
1.03472
1.03486
1.03496
1.03531
1.03589
1.03671
1.03751
1.03631
1.03731
1.03806
1.03918
1.03999
1.03976
1.0397
1.04073
1.03877
1.03925
1.04028
1.04136
1.04052
1.03984
1.04049
1.04067
1.03963
1.03714
1.03817
1.03768
1.03836
1.0371
1.0375
1.03767
1.0384
1.03859
1.03888
1.03927
1.03823
1.03915
1.03925
1.03825
1.03959
1.04108
1.04103
1.04019
1.04219
1.04037
1.03815
1.0373
1.03608
1.03368
1.03507
1.03451
1.03415
1.033
1.03231
1.03197
1.03079
1.03175
1.0313
1.03121
1.03135
1.03136
1.03199
1.03225
1.03308
1.03406
1.03295
1.03388
1.03434
1.03422
1.03214
1.03062
1.03127
1.02983
1.03116
1.03122
1.03025
1.0307
1.0302
1.02939
1.03082
1.03033
1.0292
1.03099
1.03172
1.03193
1.03413
1.03661
1.03724
1.0367
1.03981
1.03939
1.03793
1.03803
1.03801
1.03806
1.0388
1.03776
1.03765
1.03584
1.03579
1.03435
1.03601
1.03412
1.03411
1.03478
1.03575
1.0361
1.03756
1.03784
1.03844
1.03821
1.03909
1.03805
1.0408
1.04004
1.03895
1.03874
1.03719
1.03822
1.03688
1.03478
1.03285
1.03125
1.03104
1.03074
1.03132
1.03306
1.03222
1.03174
1.03161
1.0311
1.02984
1.03096
1.03077
1.03053
1.02951
1.0305
1.03001
1.02936
1.02939
1.02826
1.03052
1.03169
1.03174
1.03243
1.03319
1.03536
1.03567
1.03528
1.03415
1.03328
1.03314
1.03389
1.0345
1.03457
1.03604
1.03712
1.03859
1.03865
1.03818
1.03794
1.03841
1.03709
1.03583
1.03644
1.03783
1.03754
1.03766
1.03749
1.03751
1.03859
1.0389
1.03926
1.03913
1.0406
1.0424
1.04012
1.03998
1.0391
1.03963
1.03853
1.03759
1.03751
1.03849
1.04085
1.04016
1.03953
1.04018
1.04143
1.04008
1.04096
1.04166
1.04219
1.04116
1.04134
1.04005
1.03961
1.03677
1.03751
1.03645
1.03587
1.03413
1.03306
1.03474
1.03531
1.0346
1.03519
1.03549
1.03475
1.03545
1.0355
1.03524
1.03619
1.03512
1.0347
1.03626
1.03583
1.03557
1.03491
1.03391
1.03447
1.03338
1.03349
1.03339
1.03262
1.03307
1.03387
1.03355
1.03391
1.03261
1.03247
1.03251
1.0304
1.02825
1.02983
1.0311
1.03062
1.03082
1.0306
1.03017
1.03085
1.02931
1.03008
1.03077
1.03079
1.02856
1.02872
1.02779
1.02872
1.02828
1.02877
1.02819
1.02802
1.02912
1.02953
1.0299
1.03042
1.03032
1.03305
1.03387
1.03517
1.03476
1.03417
1.03426
1.03371
1.03166
1.032
1.03333
1.03418
1.03235
1.03143
1.03137
1.03311
1.03388
1.03432
1.03632
1.03704
1.03641
1.03539
1.03709
1.03708
1.03708
1.03717
1.0364
1.03522
1.03603
1.03543
1.03441
1.03392
1.03429
1.03504
1.03615
1.03648
1.03403
1.03419
1.03413
1.03553
1.03698
1.03854
1.03947
1.03942
1.03585
1.0354
1.03563
1.03468
1.03476
1.03451
1.03484
1.03426
1.03367
1.03397
1.03509
1.03393
1.03374
1.03428
1.03476
1.03579
1.03625
1.03637
1.03816
1.03924
1.03985
1.03973
1.03883
1.03934
1.03671
1.03642
1.03675
1.03673
1.03673
1.03668
1.03588
1.03618
1.03447
1.03331
1.03441
1.03286
1.03357
1.03434
1.03247
1.03274
1.03247
1.03265
1.03134
1.03001
1.02802
1.02783
1.02743
1.02716
1.02685
1.02577
1.02635
1.02671
1.02732
1.02751
1.02716
1.02413
1.0243
1.02404
1.02355
1.02332
1.02321
1.02325
1.02369
1.02412
1.02494
1.02428
1.02402
1.02434
1.02473
1.02547
1.0237
1.0246
1.0239
1.02541
1.02604
1.02553
1.0247
1.02483
1.02404
1.02189
1.02232
1.02205
1.02188
1.02096
1.01886
1.01826
1.01857
1.01851
1.01814
1.0176
1.01966
1.01785
1.0173
1.01886
1.01876
1.01894
1.01754
1.01986
1.02057
1.02143
1.0212
1.02298
1.02432
1.02488
1.0247
1.0238
1.02345
1.02221
1.02173
1.02219
1.02454
1.02524
1.02314
1.02152
1.02193
1.02177
1.02125
1.02199
1.02046
1.02035
1.02009
1.01891
1.02019
1.02032
1.01989
1.02069
1.02198
1.02231
1.02326
1.02439
1.02404
1.02423
1.02409
1.02537
1.0272
1.02816
1.02928
1.0271
1.02537
1.02531
1.0226
1.02224
1.02135
1.02148
1.02203
1.0217
1.02323
1.02368
1.02231
1.02007
1.02039
1.02063
1.0186
1.01804
1.01629
1.01459
1.01449
1.014
1.01582
1.01323
1.01339
1.01263
1.01401
1.01472
1.01494
1.01496
1.0149
1.01389
1.01367
1.01402
1.01413
1.01349
1.01469
1.01514
1.01592
1.01451
1.01519
1.01322
1.01128
1.01033
1.01243
1.01172
1.01174
1.01104
1.01298
1.01209
1.01224
1.01396
1.01382
1.01533
1.01739
1.01687
1.01529
1.01466
1.01565
1.01345
1.01315
1.01114
1.01081
1.01058
1.00943
1.00894
1.00772
1.00891
1.00868
1.00935
1.01089
1.0111
1.01115
1.01169
1.01052
1.01084
1.00772
1.00897
1.00798
1.00741
1.00633
1.0047
1.00608
1.007
1.00682
1.00741
1.00779
1.00809
1.00891
1.0076
1.00669
1.00592
1.00608
1.00727
1.0061
1.00511
1.00498
1.00739
1.00867
1.00944
1.00799
1.00693
1.00528
1.00725
1.00607
1.00831
1.00769
1.00878
1.00779
1.00858
1.00847
1.00776
1.00611
1.00496
1.00366
1.00281
1.00279
1.00221
1.00289
1.00366
1.0043
1.00482
1.00519
1.00552
1.00482
1.00549
1.00656
1.00601
1.00625
1.00613
1.00642
1.00618
1.00554
1.00533
1.00302
1.00381
1.00465
1.00501
1.00407
1.00423
1.00389
1.00377
1.00422
1.00183
1.00182
1.00326
1.00306
1.00185
1.00275
1.00306
1.0013
0.999884
0.999786
0.999779
0.998578
1.00057
1.00086
1.00176
1.00217
1.00162
1.00343
1.00532
1.00527
1.00739
1.00832
1.00862
1.00747
1.00786
1.00744
1.0077
1.00717
1.00678
1.00733
1.00901
1.00861
1.0096
1.00956
1.00934
1.00826
1.00916
1.00976
1.01054
1.01145
1.0116
1.01297
1.01259
1.01191
1.01365
1.01362
1.01372
1.01249
1.01371
1.01358
1.01159
1.01251
1.01343
1.01431
1.01255
1.01371
1.01361
1.01199
1.01159
1.01198
1.01405
1.01331
1.01283
1.01181
1.01231
1.01261
1.01261
1.01107
1.01099
1.01175
1.01334
1.0135
1.01368
1.01358
1.01435
1.0118
1.01204
1.01081
1.00969
1.00947
1.01096
1.01046
1.01125
1.0119
1.01349
1.01571
1.0169
1.01752
1.01771
1.01799
1.01975
1.01905
1.01812
1.01658
1.017
1.01647
1.01701
1.01851
1.01918
1.02083
1.02346
1.02293
1.02237
1.02201
1.02387
1.0243
1.02382
1.02479
1.02496
1.02375
1.02375
1.02485
1.02656
1.02666
1.02636
1.02568
1.02517
1.02475
1.02354
1.02268
1.02378
1.0232
1.02405
1.0249
1.02413
1.02504
1.02476
1.024
1.02259
1.0216
1.02005
1.01911
1.01764
1.01707
1.01767
1.01826
1.01771
1.01781
1.01719
1.01672
1.01568
1.01314
1.01405
1.01304
1.01175
1.01205
1.01177
1.01406
1.0148
1.0156
1.01761
1.01756
1.01761
1.01696
1.01718
1.01745
1.01776
1.01837
1.01946
1.01902
1.01867
1.01884
1.01876
1.01859
1.01939
1.01702
1.01522
1.01618
1.01755
1.01741
1.01678
1.01749
1.01918
1.01786
1.01761
1.017
1.01703
1.01765
1.01817
1.01791
1.01599
1.01609
1.01652
1.01513
1.01463
1.014
1.01266
1.01205
1.01187
1.0124
1.01348
1.01299
1.01265
1.01414
1.01268
1.01147
1.01236
1.01335
1.01291
1.01295
1.0133
1.01324
1.01361
1.01293
1.01205
1.01177
1.01039
1.01183
1.01275
1.0129
1.01279
1.0138
1.01502
1.01622
1.01636
1.01475
1.01401
1.01479
1.01263
1.01018
1.00937
1.00964
1.00845
1.00937
1.00881
1.00749
1.00793
1.00605
1.0054
1.00436
1.00481
1.00663
1.00719
1.00725
1.00701
1.00727
1.00661
1.00669
1.00654
1.00688
1.00522
1.00382
1.00463
1.00525
1.00442
1.002
1.00462
1.00285
1.00291
1.00538
1.00423
1.00373
1.00345
1.00409
1.00489
1.00434
1.00289
1.00312
1.00202
1.00204
1.00332
1.00396
1.00379
1.00436
1.00331
1.00443
1.00488
1.00368
1.00467
1.00376
1.0023
1.0017
1.0014
1.00108
1.00201
1.00288
1.00322
1.00267
1.00221
1.00535
1.00531
1.00511
1.00452
1.00478
1.0051
1.00435
1.0047
1.0048
1.00557
1.00346
1.00431
1.00367
1.00464
1.00475
1.00358
1.0031
1.00303
1.00298
1.00247
1.00224
1.00274
1.00155
0.999996
0.999408
1.00112
1.00112
1.00021
1.00005
0.999239
0.999525
0.999529
0.999879
0.998696
0.996767
0.995954
0.996045
0.997795
0.997243
0.997215
0.996004
0.997451
0.99627
0.995651
0.994959
0.994907
0.995615
0.994857
0.99559
0.995374
0.996888
0.998243
0.998575
1.00049
1.00009
1.0017
1.00054
1.00122
1.00363
1.00467
1.00507
1.00524
1.00634
1.00685
1.00692
1.00738
1.00822
1.00786
1.0069
1.00654
1.00672
1.00689
1.00839
1.0084
1.00976
1.00987
1.01104
1.00977
1.00873
1.00775
1.00957
1.01129
1.01226
1.01247
1.01315
1.01265
1.01346
1.01187
1.01166
1.01442
1.01392
1.01382
1.01356
1.01402
1.01433
1.01616
1.01645
1.01504
1.01452
1.01374
1.01372
1.0132
1.01236
1.01303
1.01298
1.01231
1.01083
1.00943
1.00843
1.00939
1.01066
1.01131
1.01027
1.01134
1.01274
1.0129
1.01228
1.01352
1.01315
1.0121
1.01057
1.00925
1.01122
1.01211
1.01378
1.01249
1.01263
1.01153
1.01125
1.01003
1.01136
1.01139
1.01135
1.01154
1.01133
1.01105
1.01227
1.01168
1.01324
1.01161
1.01307
1.01408
1.01648
1.01672
1.0177
1.01784
1.01854
1.019
1.01758
1.01695
1.01841
1.01967
1.01983
1.01894
1.01823
1.01723
1.01644
1.01708
1.01672
1.01775
1.019
1.01874
1.01725
1.01855
1.01496
1.01284
1.01313
1.0159
1.0157
1.01709
1.01443
1.01496
1.01475
1.01492
1.01478
1.01518
1.01598
1.01729
1.01835
1.01832
1.01867
1.01651
1.01622
1.0162
1.01441
1.01422
1.01471
1.01397
1.0144
1.01562
1.01489
1.01641
1.0173
1.0167
1.01721
1.01598
1.01603
1.01545
1.01404
1.01412
1.01436
1.01488
1.01525
1.01464
1.01454
1.01435
1.01288
1.0145
1.0153
1.01442
1.01403
1.01353
1.01345
1.01449
1.01423
1.01415
1.01655
1.01637
1.01518
1.01429
1.01426
1.01602
1.01623
1.01412
1.01225
1.01199
1.01402
1.01546
1.01526
1.01535
1.01468
1.01539
1.01555
1.01515
1.01426
1.01446
1.01479
1.01573
1.01752
1.0173
1.01698
1.01768
1.01704
1.01801
1.01669
1.01675
1.01659
1.01675
1.01624
1.01691
1.01955
1.01941
1.02021
1.0214
1.0216
1.02123
1.02124
1.02203
1.02195
1.02177
1.02166
1.02185
1.02076
1.01887
1.01844
1.02001
1.02151
1.02234
1.0218
1.0208
1.02205
1.0223
1.02236
1.02047
1.0207
1.0214
1.02071
1.02194
1.02053
1.02057
1.01971
1.02037
1.01848
1.01837
1.0179
1.01769
1.01772
1.01928
1.0184
1.01898
1.01702
1.01855
1.01774
1.01709
1.01793
1.01792
1.01711
1.01694
1.01514
1.0122
1.01253
1.01237
1.01157
1.01271
1.01186
1.01298
1.01225
1.01348
1.01411
1.01501
1.01583
1.01465
1.01389
1.01311
1.01276
1.01406
1.01411
1.01367
1.0122
1.01115
1.01091
1.01208
1.01206
1.013
1.01375
1.01383
1.01295
1.01375
1.01399
1.01436
1.01506
1.01269
1.01172
1.01236
1.01159
1.01137
1.01135
1.0104
1.00957
1.01207
1.01335
1.01278
1.01335
1.01362
1.0157
1.01809
1.01766
1.01752
1.01615
1.01648
1.0184
1.01782
1.01694
1.01867
1.01811
1.01686
1.01585
1.01626
1.01643
1.01826
1.01791
1.01843
1.01964
1.01877
1.01718
1.01868
1.0189
1.01859
1.01944
1.01955
1.01955
1.0196
1.02085
1.01925
1.01957
1.02098
1.02188
1.02262
1.02404
1.02392
1.02405
1.024
1.02658
1.02599
1.02589
1.02677
1.02643
1.02721
1.0271
1.02535
1.02362
1.02296
1.02265
1.02247
1.02323
1.02271
1.02416
1.02525
1.02492
1.02559
1.02443
1.02528
1.02548
1.02742
1.02834
1.02815
1.02778
1.02629
1.02652
1.02603
1.02556
1.02634
1.02587
1.02479
1.02546
1.0247
1.02743
1.02828
1.0266
1.02598
1.02411
1.02338
1.02307
1.02252
1.02298
1.02301
1.02236
1.02159
1.02193
1.02313
1.02459
1.02558
1.0244
1.02159
1.02133
1.02207
1.02096
1.01931
1.01923
1.0175
1.01737
1.01788
1.02089
1.02078
1.02
1.02071
1.02057
1.02038
1.01997
1.0194
1.02046
1.02095
1.01966
1.01889
1.01877
1.01938
1.02104
1.01924
1.0177
1.01608
1.01626
1.01678
1.01992
1.02012
1.01992
1.0205
1.02164
1.02181
1.02051
1.0222
1.01922
1.01995
1.01798
1.01749
1.01855
1.01976
1.01961
1.02059
1.0221
1.02262
1.02171
1.02285
1.02243
1.02303
1.02398
1.02314
1.02505
1.02461
1.02459
1.02398
1.0249
1.024
1.02368
1.02413
1.02325
1.02367
1.02468
1.02382
1.0238
1.02263
1.02044
1.02102
1.02095
1.01987
1.02071
1.02138
1.02248
1.02039
1.02098
1.02111
1.02045
1.01963
1.01844
1.01979
1.0175
1.01804
1.01774
1.01709
1.01845
1.01774
1.01739
1.01784
1.01787
1.01802
1.02013
1.01782
1.01745
1.01809
1.01924
1.0211
1.02246
1.02167
1.0217
1.02119
1.02153
1.02179
1.02036
1.01849
1.01722
1.01606
1.01525
1.01656
1.01594
1.01598
1.0152
1.0172
1.01606
1.01554
1.01592
1.01744
1.01659
1.01557
1.01477
1.01571
1.01546
1.01622
1.01691
1.01904
1.01857
1.01727
1.01735
1.01597
1.0159
1.01554
1.01767
1.01666
1.01505
1.01504
1.01403
1.01373
1.01456
1.01426
1.01564
1.01546
1.01573
1.01591
1.01586
1.01867
1.0192
1.01802
1.01896
1.02122
1.02265
1.02183
1.02122
1.02093
1.02232
1.02348
1.02233
1.02153
1.02118
1.01978
1.02111
1.02115
1.02059
1.02004
1.02293
1.02313
1.02221
1.0215
1.02014
1.02117
1.02112
1.02026
1.02087
1.02073
1.02209
1.02219
1.02307
1.02426
1.02507
1.02505
1.02494
1.02383
1.02466
1.02405
1.02393
1.02338
1.02524
1.02364
1.02288
1.02131
1.02043
1.02024
1.02164
1.02169
1.02105
1.01917
1.02041
1.02012
1.01987
1.0201
1.01892
1.02015
1.02062
1.01967
1.02106
1.02084
1.0225
1.02076
1.0209
1.01958
1.02113
1.01988
1.02145
1.02091
1.02165
1.02202
1.02202
1.02111
1.01985
1.02084
1.02222
1.02165
1.02128
1.02204
1.02127
1.02221
1.02267
1.02388
1.02516
1.02499
1.02453
1.02458
1.02544
1.02409
1.02586
1.02683
1.02863
1.02856
1.02825
1.02791
1.02765
1.02714
1.02761
1.02788
1.02739
1.02783
1.02585
1.02652
1.02742
1.02758
1.02839
1.02915
1.02897
1.02808
1.02913
1.02989
1.02905
1.02699
1.02717
1.02804
1.02587
1.02695
1.02891
1.02863
1.02684
1.02694
1.02696
1.02744
1.0287
1.0279
1.02618
1.0268
1.02588
1.02691
1.02668
1.02587
1.02751
1.0289
1.02856
1.02814
1.0281
1.02863
1.02882
1.02896
1.02902
1.02863
1.02652
1.02483
1.02437
1.02432
1.02283
1.02234
1.02252
1.02385
1.02438
1.0254
1.02596
1.02704
1.0274
1.02891
1.02958
1.02959
1.02895
1.0304
1.0297
1.03219
1.03141
1.03253
1.03255
1.03371
1.03497
1.03628
1.03584
1.03537
1.03648
1.03698
1.03487
1.03428
1.03419
1.03421
1.03436
1.03358
1.03412
1.03366
1.03263
1.03194
1.03162
1.02848
1.02683
1.02784
1.02821
1.02858
1.02827
1.02726
1.02625
1.02538
1.02642
1.02748
1.0275
1.02636
1.02659
1.02693
1.02713
1.0299
1.03107
1.03021
1.02676
1.02561
1.0257
1.02725
1.02751
1.02789
1.02748
1.02735
1.02589
1.02473
1.02733
1.02846
1.02904
1.02977
1.02938
1.0293
1.02803
1.02892
1.02833
1.02716
1.0281
1.02872
1.02778
1.02729
1.02664
1.02588
1.02596
1.02617
1.02571
1.02685
1.02777
1.02433
1.02485
1.02435
1.02465
1.02364
1.02199
1.02224
1.02089
1.02047
1.02014
1.02084
1.02
1.01908
1.01802
1.01931
1.01861
1.0168
1.01682
1.01501
1.01542
1.01476
1.01395
1.01454
1.01425
1.01283
1.01394
1.01406
1.01475
1.01556
1.01574
1.01665
1.01774
1.01749
1.01737
1.01671
1.01656
1.01752
1.01837
1.02078
1.02021
1.0188
1.02068
1.02082
1.02335
1.0237
1.02319
1.02276
1.02392
1.02535
1.02573
1.02516
1.02444
1.02422
1.02512
1.02377
1.02493
1.0238
1.02335
1.02187
1.0229
1.02202
1.02146
1.02176
1.02006
1.01931
1.02021
1.01874
1.01786
1.01798
1.01619
1.01775
1.01819
1.01835
1.01835
1.02023
1.02043
1.01958
1.01799
1.01722
1.01815
1.01693
1.01658
1.01711
1.01652
1.01665
1.01824
1.01912
1.01794
1.01719
1.01694
1.01564
1.01676
1.01759
1.01808
1.01905
1.01948
1.01981
1.02015
1.02083
1.02046
1.01917
1.01854
1.02033
1.02044
1.01947
1.01954
1.0194
1.01997
1.01846
1.01823
1.01758
1.01818
1.01879
1.01905
1.01864
1.01903
1.01967
1.02104
1.02112
1.02268
1.02228
1.02305
1.02356
1.02265
1.02173
1.02314
1.02536
1.02548
1.02774
1.02638
1.02764
1.0292
1.0291
1.0295
1.02919
1.02858
1.02823
1.02672
1.02676
1.02892
1.02722
1.0283
1.0299
1.02849
1.02867
1.02762
1.02822
1.02955
1.02933
1.03033
1.0293
1.0294
1.02842
1.02695
1.02625
1.02554
1.0254
1.0261
1.02485
1.02429
1.02229
1.021
1.01893
1.01853
1.01909
1.01872
1.01768
1.01809
1.01795
1.01806
1.01858
1.01857
1.01727
1.01618
1.01737
1.01714
1.01612
1.01373
1.01238
1.01255
1.01092
1.01303
1.01383
1.01362
1.01564
1.01672
1.01623
1.01656
1.0152
1.01583
1.01728
1.01759
1.01786
1.01824
1.01923
1.01784
1.01892
1.01764
1.01756
1.01604
1.01636
1.01818
1.01881
1.01909
1.01857
1.01911
1.02104
1.02023
1.02003
1.01933
1.01959
1.01974
1.02105
1.0205
1.02009
1.01982
1.0197
1.02005
1.02054
1.02045
1.01974
1.01992
1.01947
1.01783
1.01871
1.01974
1.01773
1.01736
1.01817
1.01641
1.01743
1.01717
1.01836
1.01984
1.01972
1.01902
1.02138
1.02054
1.02045
1.02203
1.02216
1.02324
1.0229
1.02223
1.02185
1.02107
1.02163
1.02035
1.02177
1.02386
1.02213
1.02261
1.02397
1.02587
1.02489
1.02723
1.02725
1.02722
1.02887
1.02911
1.02978
1.03079
1.03074
1.03271
1.03074
1.03011
1.03049
1.02943
1.03059
1.03136
1.03125
1.03221
1.0318
1.03157
1.03259
1.03235
1.03241
1.03266
1.03322
1.03252
1.03299
1.03219
1.03156
1.03208
1.03293
1.03436
1.03321
1.0336
1.03337
1.03447
1.03323
1.03234
1.03468
1.03737
1.03876
1.03803
1.0371
1.03464
1.03456
1.03357
1.03341
1.03383
1.03396
1.03446
1.03379
1.03428
1.03508
1.03635
1.03716
1.03767
1.03722
1.03729
1.03624
1.03576
1.03662
1.03596
1.0361
1.03629
1.03715
1.03811
1.03828
1.03906
1.03779
1.03575
1.03583
1.03644
1.03757
1.03748
1.03622
1.03608
1.03572
1.03499
1.03506
1.03746
1.0375
1.03894
1.03971
1.04104
1.0418
1.04172
1.04066
1.04058
1.04046
1.03913
1.0359
1.03712
1.03345
1.03378
1.03413
1.03299
1.03143
1.03373
1.03479
1.03528
1.03511
1.03351
1.03421
1.0349
1.03486
1.03639
1.03755
1.03713
1.03781
1.03726
1.03788
1.03636
1.03593
1.03649
1.03742
1.03741
1.03657
1.03691
1.03797
1.04009
1.03806
1.0366
1.03739
1.03577
1.0361
1.03585
1.03589
1.0375
1.0368
1.03728
1.03744
1.03687
1.03744
1.03746
1.0367
1.03609
1.03575
1.03464
1.03453
1.03402
1.03409
1.03234
1.03171
1.03363
1.03498
1.03546
1.03438
1.03525
1.03516
1.03701
1.03724
1.03789
1.03821
1.03859
1.03954
1.03966
1.03846
1.04045
1.04016
1.04119
1.04265
1.04133
1.04185
1.04033
1.03845
1.03709
1.03551
1.03445
1.03434
1.03351
1.03339
1.0325
1.03097
1.03214
1.03175
1.03165
1.03242
1.03165
1.03199
1.0344
1.03374
1.03309
1.03299
1.0344
1.03379
1.03409
1.03313
1.03299
1.03469
1.03453
1.03319
1.03278
1.03204
1.03036
1.02958
1.02935
1.02983
1.02826
1.02798
1.02577
1.02483
1.02623
1.02665
1.02537
1.02563
1.02343
1.02313
1.02367
1.02357
1.02201
1.02154
1.02225
1.02231
1.02026
1.01959
1.01846
1.01865
1.01891
1.01768
1.01846
1.01877
1.02025
1.01941
1.01764
1.01704
1.01817
1.01776
1.01881
1.0201
1.01926
1.01949
1.01955
1.02044
1.0203
1.01969
1.01747
1.01793
1.01613
1.0163
1.01652
1.01754
1.01936
1.01994
1.01936
1.01968
1.01957
1.02076
1.01829
1.01845
1.01955
1.02089
1.02172
1.02031
1.02184
1.02051
1.02136
1.02129
1.02036
1.01988
1.01937
1.0208
1.02018
1.01999
1.01841
1.01895
1.01972
1.01987
1.0187
1.02136
1.02102
1.02217
1.02061
1.02125
1.01942
1.01998
1.02079
1.01942
1.01951
1.02023
1.02052
1.02101
1.01921
1.01763
1.01586
1.01573
1.01733
1.01622
1.01701
1.01729
1.018
1.01733
1.01584
1.01737
1.01621
1.0161
1.0163
1.01682
1.0162
1.01809
1.01742
1.01511
1.01687
1.01636
1.01753
1.01634
1.01668
1.0149
1.01729
1.01808
1.01806
1.01834
1.01788
1.01901
1.01918
1.02003
1.02054
1.02
1.02077
1.02158
1.0212
1.02143
1.02066
1.02135
1.02055
1.02027
1.02134
1.01996
1.02066
1.02436
1.02496
1.02334
1.02258
1.02177
1.02401
1.02449
1.02371
1.02389
1.02451
1.02415
1.02378
1.02268
1.02476
1.02571
1.02668
1.02501
1.02472
1.02462
1.02387
1.02291
1.02328
1.024
1.02226
1.02281
1.02184
1.0229
1.02286
1.02469
1.02694
1.0278
1.02829
1.02862
1.02763
1.02632
1.0276
1.02915
1.0279
1.02582
1.02675
1.02597
1.02696
1.02615
1.02417
1.0265
1.02563
1.02572
1.02522
1.02562
1.02601
1.02809
1.02818
1.0266
1.02607
1.02646
1.027
1.02682
1.02581
1.02596
1.02698
1.02758
1.0287
1.0279
1.02876
1.02898
1.02971
1.0317
1.03076
1.03177
1.03117
1.03203
1.03031
1.03009
1.0305
1.03
1.0284
1.02856
1.02824
1.0292
1.02987
1.03009
1.03095
1.03199
1.03307
1.0328
1.03268
1.03017
1.03033
1.03073
1.02977
1.02917
1.02848
1.02897
1.03067
1.03119
1.03156
1.02868
1.02896
1.03126
1.03168
1.03137
1.031
1.02868
1.02777
1.02845
1.02973
1.0302
1.03195
1.0315
1.03252
1.03308
1.03426
1.03449
1.03332
1.03432
1.03402
1.035
1.03413
1.03455
1.03401
1.03477
1.03344
1.03476
1.03452
1.03547
1.03512
1.0344
1.03227
1.03135
1.03354
1.03291
1.03388
1.03226
1.03201
1.03178
1.03308
1.03499
1.03474
1.03483
1.03417
1.03253
1.03251
1.03293
1.03395
1.03381
1.03432
1.03333
1.03466
1.03342
1.0345
1.03216
1.03208
1.03081
1.03072
1.03228
1.03226
1.03198
1.03143
1.03074
1.03116
1.03142
1.03276
1.03439
1.03442
1.03569
1.03587
1.03458
1.03366
1.03386
1.03355
1.03325
1.03177
1.03178
1.03046
1.03026
1.03049
1.02917
1.02986
1.02892
1.02843
1.02832
1.02758
1.02717
1.02603
1.02607
1.02497
1.02441
1.02324
1.02361
1.02444
1.02534
1.02345
1.0255
1.02536
1.02417
1.02401
1.02291
1.02364
1.02208
1.02211
1.02247
1.02159
1.02178
1.01991
1.02047
1.01932
1.02037
1.02059
1.02032
1.02132
1.02271
1.02481
1.0268
1.02612
1.02614
1.02585
1.02926
1.03011
1.0287
1.02848
1.03095
1.03122
1.02955
1.02868
1.02766
1.02763
1.02639
1.02622
1.02684
1.02586
1.02557
1.0248
1.027
1.02615
1.02685
1.02716
1.02672
1.02466
1.02629
1.02461
1.02261
1.0214
1.01915
1.02056
1.02136
1.02221
1.02255
1.02067
1.02047
1.02037
1.02018
1.01892
1.01882
1.01897
1.01873
1.01838
1.01844
1.01784
1.01537
1.01381
1.01408
1.01527
1.01368
1.0111
1.0104
1.01124
1.01162
1.01114
1.01176
1.01029
1.0115
1.01225
1.01167
1.01275
1.01417
1.01365
1.01226
1.01168
1.01268
1.01263
1.01225
1.01396
1.01358
1.01355
1.01339
1.01267
1.01377
1.01199
1.01128
1.01226
1.0123
1.0135
1.01422
1.01292
1.01313
1.01506
1.01656
1.01719
1.01699
1.01775
1.01778
1.01758
1.01752
1.0196
1.02089
1.01813
1.01744
1.01806
1.01749
1.01723
1.01556
1.01666
1.01619
1.01664
1.0171
1.01655
1.01346
1.01271
1.01312
1.01248
1.01288
1.01209
1.01147
1.01075
1.01131
1.01179
1.01206
1.01229
1.01243
1.01227
1.01153
1.01397
1.01429
1.01361
1.01416
1.01228
1.01239
1.0127
1.01385
1.01154
1.01341
1.0131
1.01277
1.01214
1.01171
1.01083
1.01225
1.01051
1.01036
1.01021
1.00888
1.00921
1.00939
1.00945
1.01118
1.01057
1.01193
1.01116
1.01269
1.01475
1.01457
1.01352
1.01264
1.01289
1.01394
1.01355
1.01435
1.0153
1.01481
1.01542
1.01394
1.01359
1.01401
1.01606
1.01647
1.01637
1.01658
1.01639
1.01772
1.01883
1.01913
1.01909
1.01933
1.02085
1.01968
1.02116
1.02292
1.02058
1.01918
1.01908
1.01904
1.01906
1.0176
1.01775
1.01801
1.01879
1.02029
1.01974
1.01856
1.01908
1.01895
1.01853
1.01869
1.01838
1.01728
1.01773
1.01897
1.01878
1.0194
1.01986
1.02003
1.02052
1.02171
1.02087
1.01955
1.02081
1.02041
1.01917
1.01978
1.01974
1.01898
1.01876
1.01782
1.01973
1.01877
1.01959
1.02033
1.02011
1.01853
1.01921
1.01905
1.0198
1.01896
1.0182
1.01754
1.01827
1.01821
1.01847
1.01842
1.0174
1.01693
1.01647
1.01609
1.01703
1.01708
1.0182
1.01688
1.01675
1.0173
1.01875
1.01889
1.0191
1.01855
1.01958
1.02098
1.01851
1.01725
1.01838
1.0181
1.0199
1.02049
1.01901
1.01832
1.018
1.01737
1.01773
1.01842
1.0165
1.01638
1.01685
1.01575
1.01621
1.01628
1.01711
1.018
1.01846
1.02
1.02111
1.02075
1.01991
1.01931
1.0187
1.01862
1.0196
1.01676
1.01533
1.01515
1.01578
1.01574
1.01534
1.0148
1.01477
1.01486
1.01592
1.01529
1.017
1.01508
1.01406
1.01382
1.01404
1.01464
1.01302
1.01312
1.01243
1.01472
1.01408
1.01588
1.01753
1.01913
1.0192
1.02057
1.0209
1.02094
1.01793
1.01766
1.01784
1.01715
1.01748
1.01827
1.01844
1.01768
1.01888
1.01785
1.0185
1.02041
1.02059
1.02188
1.01987
1.02038
1.02017
1.02025
1.02032
1.02141
1.02181
1.01965
1.01822
1.01872
1.01934
1.02344
1.02332
1.0246
1.02419
1.02349
1.02158
1.0201
1.02047
1.02018
1.02032
1.02083
1.02054
1.02011
1.02099
1.02164
1.02215
1.02067
1.02104
1.01967
1.02008
1.02117
1.02073
1.01988
1.01808
1.01732
1.01707
1.01698
1.01636
1.01631
1.01659
1.01541
1.01642
1.0181
1.02076
1.01901
1.02038
1.0193
1.02088
1.02077
1.01999
1.01992
1.01876
1.01916
1.01877
1.01924
1.02007
1.01926
1.02083
1.0199
1.02134
1.02215
1.02158
1.02089
1.02099
1.01993
1.01803
1.01651
1.01696
1.01662
1.01616
1.01474
1.01571
1.01639
1.0162
1.01585
1.01598
1.01655
1.01457
1.014
1.01406
1.01518
1.01561
1.01793
1.0178
1.01829
1.01691
1.01788
1.01621
1.01603
1.01682
1.01892
1.01791
1.01939
1.01932
1.01659
1.01858
1.0173
1.01654
1.01703
1.01888
1.01937
1.01832
1.01624
1.01634
1.01635
1.0165
1.01761
1.0171
1.01568
1.01472
1.01577
1.01439
1.01448
1.01635
1.01635
1.01604
1.01556
1.01478
1.01501
1.01572
1.0152
1.0138
1.01403
1.01364
1.01409
1.01519
1.01497
1.01455
1.01319
1.01415
1.01551
1.01513
1.01579
1.0153
1.01537
1.01669
1.01479
1.01379
1.01389
1.01142
1.01296
1.01224
1.01205
1.012
1.01379
1.01265
1.01253
1.011
1.01196
1.01264
1.01277
1.01311
1.01338
1.01237
1.01328
1.0144
1.01412
1.01383
1.01528
1.01539
1.01469
1.01403
1.0126
1.01294
1.01246
1.01073
1.01127
1.01129
1.01168
1.01075
1.01026
1.01064
1.00984
1.00887
1.00829
1.00919
1.01012
1.01188
1.01199
1.01156
1.01172
1.01184
1.01314
1.01297
1.01173
1.01091
1.01147
1.01192
1.01327
1.01241
1.01391
1.0132
1.01252
1.01363
1.01534
1.01429
1.01487
1.0174
1.01747
1.01721
1.01508
1.01462
1.01341
1.01261
1.01161
1.01284
1.01358
1.01297
1.01316
1.01376
1.01445
1.01428
1.01401
1.01531
1.017
1.01755
1.01835
1.02043
1.0213
1.02201
1.02279
1.02326
1.02337
1.02488
1.02465
1.02535
1.02434
1.02534
1.02641
1.02506
1.02581
1.0263
1.02748
1.0277
1.02796
1.02769
1.02891
1.02681
1.02597
1.02474
1.02518
1.02529
1.02579
1.02639
1.02617
1.0256
1.02705
1.02598
1.02559
1.02463
1.02482
1.02507
1.02525
1.02474
1.02434
1.02568
1.02493
1.02581
1.02589
1.02476
1.02409
1.02364
1.02403
1.02344
1.0247
1.02578
1.02549
1.02483
1.02254
1.02208
1.02227
1.02307
1.02278
1.02219
1.02199
1.0204
1.0198
1.0179
1.01789
1.02061
1.01944
1.01815
1.01642
1.0173
1.01908
1.01832
1.01517
1.01405
1.01408
1.01427
1.01387
1.01458
1.01371
1.01288
1.01231
1.01301
1.0138
1.01163
1.01247
1.0112
1.01043
1.00808
1.00821
1.00865
1.00883
1.00795
1.01074
1.01175
1.01255
1.01351
1.01357
1.01485
1.0151
1.01296
1.01362
1.01414
1.01536
1.01426
1.01531
1.01484
1.01447
1.01415
1.01486
1.01587
1.01695
1.01451
1.01417
1.01337
1.01514
1.01543
1.01485
1.01577
1.01415
1.01401
1.01366
1.01347
1.01441
1.01679
1.01658
1.01726
1.01802
1.01777
1.01709
1.01725
1.01686
1.01503
1.0135
1.01531
1.01582
1.01564
1.01529
1.01494
1.01568
1.01501
1.01451
1.01605
1.01505
1.01498
1.016
1.01568
1.01456
1.0136
1.01268
1.01365
1.01255
1.01312
1.01305
1.01405
1.01332
1.01273
1.01126
1.01107
1.01252
1.01383
1.01521
1.01418
1.01397
1.01295
1.0138
1.01338
1.01337
1.01296
1.01305
1.01298
1.0143
1.01449
1.01383
1.01329
1.01416
1.01367
1.01504
1.01569
1.01523
1.01655
1.01373
1.0142
1.01176
1.01248
1.01151
1.01161
1.01056
1.01067
1.00976
1.00987
1.00965
1.00917
1.00998
1.00881
1.00982
1.00874
1.00819
1.00887
1.00797
1.00768
1.00569
1.00697
1.00703
1.00884
1.00954
1.01044
1.01064
1.01061
1.01002
1.00784
1.00899
1.00721
1.0066
1.00605
1.00568
1.00502
1.00502
1.00378
1.00361
1.005
1.00495
1.00378
1.00456
1.00453
1.00417
1.00483
1.00616
1.00662
1.00564
1.00568
1.00702
1.0074
1.00873
1.00903
1.00908
1.00821
1.0093
1.01
1.00901
1.00928
1.00985
1.00892
1.00849
1.00828
1.00778
1.00652
1.00639
1.00748
1.00843
1.00913
1.00933
1.00925
1.00908
1.00872
1.00922
1.00847
1.00838
1.00743
1.00651
1.00668
1.00703
1.00683
1.00615
1.00622
1.00825
1.00622
1.00619
1.00715
1.00524
1.00518
1.00524
1.00513
1.00627
1.00499
1.0057
1.00595
1.00377
1.00289
1.00226
1.00311
1.00207
1.00406
1.00364
1.00232
1.0038
1.0035
1.00341
1.00335
1.00356
1.00294
1.00218
1.00296
1.00366
1.00366
1.00376
1.00294
1.00211
1.00372
1.00585
1.00466
1.00512
1.00643
1.00657
1.00767
1.00903
1.00789
1.00916
1.0091
1.00907
1.00961
1.00951
1.00956
1.01075
1.00988
1.00927
1.00906
1.00982
1.01212
1.01447
1.01548
1.01558
1.01664
1.01851
1.01924
1.02223
1.02321
1.02096
1.02152
1.02122
1.02085
1.02075
1.02168
1.02146
1.02209
1.02189
1.02143
1.02158
1.0206
1.0183
1.01768
1.01585
1.01725
1.01624
1.01478
1.01565
1.01599
1.01491
1.01652
1.01623
1.01737
1.0172
1.01518
1.01575
1.01596
1.01667
1.01572
1.01681
1.01665
1.01718
1.0163
1.01577
1.01572
1.01627
1.01756
1.01704
1.01755
1.01706
1.01787
1.01825
1.01863
1.01935
1.01764
1.01892
1.01868
1.01926
1.01837
1.01894
1.02025
1.02097
1.02151
1.02079
1.01955
1.01942
1.01958
1.02
1.0186
1.01853
1.01737
1.01842
1.01771
1.01857
1.01926
1.01909
1.02006
1.01895
1.01768
1.01679
1.01697
1.01639
1.01615
1.01653
1.01627
1.01736
1.01731
1.01749
1.01969
1.0218
1.02151
1.02198
1.02374
1.02496
1.02387
1.02234
1.0217
1.02221
1.0218
1.02012
1.0197
1.02022
1.01979
1.01979
1.01776
1.0159
1.01602
1.01469
1.01381
1.01326
1.01324
1.01175
1.01205
1.01238
1.01157
1.01109
1.01007
1.01005
1.01095
1.01198
1.01213
1.012
1.01263
1.01225
1.01095
1.01006
1.00927
1.00896
1.00876
1.01089
1.01057
1.01237
1.01277
1.01139
1.0117
1.01204
1.01255
1.01376
1.01342
1.01318
1.01346
1.01205
1.01157
1.01179
1.01196
1.00995
1.00974
1.0106
1.01084
1.01102
1.01079
1.01061
1.00997
1.01118
1.01142
1.01102
1.01062
1.0102
1.00971
1.01011
1.01092
1.01069
1.0103
1.01154
1.0132
1.01324
1.01355
1.01312
1.01292
1.01257
1.01225
1.01163
1.0135
1.01599
1.01753
1.01739
1.01629
1.01685
1.01625
1.01697
1.01699
1.01638
1.01774
1.01838
1.01844
1.01991
1.02065
1.02123
1.02272
1.02466
1.0251
1.02606
1.02522
1.02432
1.0235
1.02343
1.023
1.02126
1.02229
1.02311
1.02391
1.02376
1.02318
1.02333
1.02455
1.02446
1.02402
1.02399
1.02426
1.02463
1.02515
1.02629
1.02564
1.026
1.02666
1.02589
1.02331
1.02211
1.02368
1.02396
1.02468
1.02542
1.02639
1.02557
1.0254
1.02567
1.02726
1.0266
1.02703
1.0276
1.02764
1.02655
1.02701
1.02692
1.02814
1.02833
1.0303
1.02997
1.02755
1.02716
1.02994
1.03023
1.02984
1.03133
1.03316
1.03288
1.0318
1.03239
1.03353
1.03408
1.03415
1.03201
1.0322
1.03169
1.03239
1.03182
1.03066
1.03136
1.03067
1.03097
1.03181
1.03393
1.03411
1.03385
1.03354
1.0317
1.03241
1.03259
1.03153
1.02939
1.02979
1.03047
1.03068
1.02966
1.03041
1.0296
1.03051
1.03102
1.03071
1.02855
1.02914
1.0292
1.03071
1.02907
1.02792
1.0275
1.02726
1.02833
1.02877
1.02777
1.02704
1.02756
1.02771
1.02865
1.02625
1.02565
1.02727
1.02733
1.02792
1.0282
1.02714
1.02705
1.02894
1.02743
1.02785
1.02581
1.02711
1.02817
1.02699
1.02594
1.02407
1.02412
1.02517
1.0246
1.02585
1.02502
1.0251
1.02404
1.02468
1.02577
1.02453
1.0259
1.02529
1.02594
1.02604
1.02656
1.02675
1.02667
1.02802
1.02893
1.02863
1.0283
1.02776
1.02952
1.03003
1.02896
1.02973
1.03009
1.02841
1.02804
1.02979
1.03085
1.03249
1.03164
1.02987
1.02859
1.02721
1.02845
1.02781
1.02682
1.02784
1.02784
1.02783
1.02725
1.0269
1.0305
1.03176
1.03033
1.02887
1.02727
1.02673
1.02704
1.02889
1.02709
1.02797
1.02828
1.02748
1.02743
1.02887
1.02918
1.0293
1.03164
1.03346
1.03042
1.03078
1.03063
1.02917
1.02916
1.0296
1.02825
1.02968
1.02825
1.03073
1.03037
1.03049
1.03192
1.03145
1.03176
1.03167
1.03137
1.03002
1.03025
1.03018
1.03023
1.03125
1.03048
1.0309
1.03013
1.02758
1.02807
1.02751
1.02715
1.0257
1.02496
1.02409
1.02406
1.0244
1.02536
1.02585
1.02495
1.0266
1.02786
1.02791
1.02643
1.02428
1.02209
1.02152
1.02193
1.02235
1.02275
1.02241
1.02145
1.02223
1.02225
1.02067
1.02162
1.02141
1.02051
1.02109
1.02176
1.02134
1.02433
1.02381
1.02482
1.02367
1.02268
1.02207
1.02312
1.02361
1.02343
1.02365
1.02198
1.02228
1.0227
1.02391
1.02273
1.02116
1.02183
1.02071
1.02123
1.02246
1.02088
1.02199
1.02151
1.02144
1.02283
1.02345
1.02273
1.0229
1.02386
1.02439
1.02387
1.02481
1.02721
1.02733
1.02728
1.02621
1.02497
1.02451
1.02569
1.02488
1.0233
1.02325
1.02377
1.02362
1.02338
1.02336
1.02419
1.02378
1.02472
1.02559
1.02721
1.02738
1.02545
1.02464
1.02399
1.02189
1.02106
1.02041
1.02019
1.0196
1.01971
1.02068
1.02178
1.02363
1.02156
1.02207
1.02275
1.02256
1.02539
1.02414
1.02205
1.02156
1.02119
1.02131
1.02288
1.0223
1.02192
1.02178
1.0223
1.02225
1.02304
1.02331
1.02294
1.0223
1.02135
1.02236
1.02349
1.02227
1.02218
1.02134
1.02145
1.02177
1.02173
1.01973
1.01898
1.0184
1.01914
1.01849
1.0171
1.01684
1.01753
1.01808
1.01786
1.01752
1.01865
1.01975
1.02036
1.02208
1.02283
1.02342
1.02207
1.01957
1.01743
1.01839
1.0188
1.02115
1.02042
1.02161
1.02084
1.0217
1.025
1.02306
1.02185
1.02239
1.02234
1.02092
1.01989
1.01898
1.01994
1.02033
1.02067
1.02155
1.02263
1.02199
1.02351
1.02144
1.022
1.02036
1.02165
1.02172
1.02032
1.02312
1.02295
1.0238
1.023
1.02398
1.0252
1.02391
1.02467
1.02596
1.02619
1.02653
1.02633
1.02775
1.02536
1.02504
1.02561
1.02525
1.02507
1.02527
1.02697
1.02661
1.02706
1.02652
1.02685
1.02674
1.02459
1.02628
1.02603
1.02604
1.02696
1.02786
1.02625
1.02517
1.02434
1.02373
1.02395
1.0233
1.02085
1.0201
1.02051
1.02081
1.02068
1.01982
1.02132
1.02023
1.01965
1.01976
1.01861
1.01872
1.01753
1.01843
1.01831
1.01922
1.01786
1.01683
1.0173
1.01797
1.01832
1.01787
1.01974
1.01996
1.02035
1.02028
1.01992
1.02267
1.02117
1.01957
1.01977
1.01942
1.01968
1.0196
1.01907
1.02022
1.02122
1.02066
1.02275
1.02183
1.0208
1.01992
1.0204
1.0215
1.02215
1.02336
1.02417
1.0219
1.02207
1.02333
1.02383
1.02253
1.02222
1.02241
1.02199
1.01999
1.0199
1.02077
1.02117
1.02243
1.02247
1.02235
1.02312
1.0242
1.02711
1.02888
1.0301
1.03095
1.02894
1.02744
1.02959
1.02946
1.02922
1.02836
1.02861
1.02923
1.02847
1.02783
1.02825
1.0298
1.02925
1.02789
1.02675
1.02803
1.02628
1.02543
1.02536
1.02264
1.0218
1.02087
1.0213
1.02128
1.0216
1.0194
1.019
1.01858
1.01819
1.017
1.01645
1.01608
1.01543
1.01417
1.01362
1.01329
1.01415
1.01273
1.01314
1.01401
1.01347
1.0137
1.01447
1.01407
1.01409
1.01461
1.01479
1.01363
1.01609
1.0164
1.01659
1.01576
1.0153
1.01528
1.01607
1.01494
1.01311
1.01441
1.01453
1.01338
1.01321
1.01279
1.01386
1.01434
1.01438
1.01276
1.01539
1.01468
1.01538
1.01578
1.01569
1.01406
1.01337
1.01311
1.01257
1.01318
1.01415
1.01598
1.01509
1.0136
1.01613
1.01702
1.01776
1.01755
1.01759
1.01702
1.01472
1.01255
1.01254
1.0112
1.00983
1.01065
1.01156
1.01055
1.01062
1.00836
1.00934
1.0081
1.00995
1.00995
1.01026
1.00992
1.00912
1.00988
1.01002
1.00782
1.00776
1.00886
1.0092
1.00788
1.00858
1.00831
1.00807
1.00586
1.00799
1.00621
1.0076
1.00822
1.00933
1.0097
1.01
1.01036
1.00968
1.00916
1.01058
1.01203
1.0098
1.00977
1.01142
1.00971
1.00937
1.0096
1.01165
1.01282
1.01228
1.01155
1.01128
1.01179
1.01157
1.01068
1.01108
1.01089
1.01316
1.01137
1.0135
1.01104
1.01132
1.01212
1.01346
1.01272
1.01298
1.01311
1.01408
1.01455
1.01525
1.01637
1.01461
1.0126
1.00996
1.01017
1.01132
1.01119
1.011
1.01224
1.01272
1.0135
1.01276
1.01165
1.01238
1.01155
1.01161
1.01182
1.01065
1.00986
1.00942
1.01014
1.00866
1.01027
1.00955
1.01144
1.01076
1.011
1.01131
1.01138
1.01161
1.011
1.01307
1.01431
1.01377
1.01491
1.01535
1.0139
1.01333
1.01386
1.01379
1.01494
1.01451
1.01548
1.01581
1.01434
1.01651
1.01599
1.0157
1.01398
1.01397
1.01531
1.01587
1.01609
1.01823
1.01959
1.0186
1.01867
1.01863
1.02037
1.01997
1.02003
1.02058
1.01879
1.01878
1.01941
1.0188
1.01822
1.01869
1.01661
1.01516
1.01553
1.01681
1.01509
1.01499
1.01411
1.01382
1.01247
1.01266
1.01174
1.00891
1.00841
1.00777
1.00875
1.00732
1.00763
1.00847
1.00857
1.00869
1.0094
1.00995
1.00989
1.01009
1.01093
1.01206
1.01277
1.01255
1.01358
1.0135
1.01513
1.01328
1.01323
1.01229
1.01284
1.01478
1.01549
1.01662
1.01927
1.0193
1.0173
1.01706
1.01742
1.0159
1.0163
1.01837
1.01735
1.0183
1.01957
1.02036
1.0211
1.01979
1.02042
1.02103
1.02076
1.02052
1.01897
1.01948
1.02115
1.02116
1.02241
1.02234
1.02427
1.02213
1.02015
1.01925
1.0183
1.01791
1.01821
1.01617
1.01556
1.01539
1.01579
1.01574
1.01557
1.0146
1.01566
1.01625
1.01568
1.01589
1.01776
1.01723
1.0183
1.0182
1.01685
1.01781
1.01704
1.01816
1.01904
1.01948
1.02147
1.02116
1.0214
1.02393
1.02481
1.02462
1.02446
1.02519
1.02597
1.02603
1.02564
1.02531
1.02542
1.02517
1.0261
1.0276
1.02561
1.02713
1.02743
1.0266
1.02649
1.02825
1.02899
1.02785
1.02931
1.02881
1.02833
1.02702
1.02717
1.02711
1.02516
1.02252
1.02153
1.02077
1.01978
1.0199
1.01992
1.01795
1.01625
1.01718
1.0171
1.01791
1.01833
1.01947
1.02025
1.02004
1.02064
1.0213
1.01991
1.01911
1.02057
1.02002
1.02047
1.02103
1.02039
1.01957
1.0199
1.01978
1.01882
1.01921
1.02005
1.0207
1.02127
1.02123
1.02092
1.02109
1.02202
1.02362
1.02509
1.02307
1.02434
1.02452
1.02181
1.02216
1.02268
1.02334
1.02324
1.02279
1.02237
1.02319
1.02315
1.02264
1.02433
1.02385
1.02349
1.02332
1.02327
1.02274
1.01946
1.01871
1.01822
1.01518
1.01479
1.01433
1.01513
1.01432
1.01544
1.0164
1.0159
1.01662
1.01645
1.01596
1.01546
1.01587
1.01622
1.01515
1.0148
1.01572
1.01558
1.01712
1.01832
1.01744
1.01628
1.01537
1.01658
1.01626
1.01824
1.01837
1.02011
1.01921
1.02112
1.02066
1.02192
1.02291
1.02112
1.02273
1.02251
1.02209
1.02287
1.0228
1.02201
1.02129
1.02134
1.02038
1.02016
1.0205
1.02272
1.02236
1.02261
1.02382
1.02321
1.0217
1.02053
1.02092
1.0214
1.0219
1.02287
1.0241
1.02403
1.02505
1.02437
1.02274
1.02232
1.02124
1.02124
1.02238
1.02483
1.02473
1.02519
1.0238
1.02421
1.02442
1.02553
1.02525
1.02684
1.02636
1.0267
1.02665
1.02662
1.02476
1.02611
1.02602
1.02538
1.0243
1.0236
1.02496
1.02334
1.02502
1.02412
1.02255
1.02164
1.02097
1.01955
1.01879
1.02068
1.02132
1.02103
1.02242
1.02065
1.02179
1.02164
1.01983
1.0186
1.02014
1.02167
1.02297
1.02355
1.02374
1.02228
1.02094
1.02072
1.01939
1.01874
1.01763
1.01742
1.01632
1.01793
1.01852
1.01873
1.01927
1.01969
1.01799
1.01706
1.01747
1.01602
1.01683
1.01665
1.01702
1.0172
1.01675
1.01856
1.01976
1.02318
1.02251
1.02341
1.02275
1.02464
1.02402
1.02339
1.02392
1.02634
1.0259
1.02532
1.02699
1.02674
1.02728
1.02781
1.02735
1.02621
1.02389
1.02317
1.02163
1.02276
1.02457
1.02477
1.0236
1.02294
1.02047
1.01965
1.01857
1.01873
1.01888
1.01902
1.01939
1.01799
1.01781
1.01731
1.01656
1.01519
1.0157
1.01321
1.01237
1.01398
1.01185
1.01153
1.01127
1.01219
1.01401
1.01415
1.01522
1.01542
1.01517
1.01502
1.01469
1.01561
1.01319
1.01303
1.01388
1.01339
1.01416
1.01386
1.01563
1.01577
1.01711
1.01754
1.01747
1.01807
1.01783
1.01886
1.01839
1.01648
1.016
1.01529
1.01427
1.01289
1.0135
1.01339
1.01514
1.01334
1.01049
1.01309
1.01146
1.01093
1.01021
1.0102
1.01107
1.01144
1.01196
1.0118
1.0116
1.0132
1.01319
1.01441
1.01538
1.01503
1.01456
1.0142
1.01445
1.01478
1.01445
1.01458
1.01335
1.01512
1.01478
1.01451
1.01601
1.01568
1.0165
1.0181
1.01702
1.01794
1.01705
1.01598
1.01521
1.01325
1.01292
1.01096
1.0133
1.01578
1.01562
1.01619
1.0175
1.01636
1.01587
1.01551
1.01558
1.01646
1.01725
1.01801
1.01848
1.0185
1.01631
1.01472
1.01475
1.01389
1.01389
1.01268
1.01229
1.0146
1.01483
1.01435
1.01492
1.01417
1.0125
1.01102
1.01049
1.01059
1.00889
1.00945
1.00962
1.00925
1.0076
1.00815
1.00702
1.00566
1.00594
1.00889
1.00771
1.0083
1.00762
1.0077
1.00787
1.00595
1.00562
1.00577
1.00548
1.00624
1.0051
1.00518
1.00363
1.00203
1.00163
0.999982
0.999169
1.00074
1.00195
1.00282
1.00209
1.00153
1.0035
1.00393
1.00422
1.00428
1.00438
1.00532
1.0046
1.00353
1.00317
1.00091
1.00099
1.00106
1.0018
1.00115
0.999873
0.999724
1.00125
1.00216
1.00267
1.0031
1.00081
1.00092
1.00021
1.00095
1.00101
1.00052
1.00147
1.00098
1.00096
1.002
1.00093
0.999635
1.00052
1.00061
0.999829
0.998056
0.99613
0.995024
0.994138
0.993676
0.992869
0.99307
0.992477
0.992342
0.991977
0.990977
0.990814
0.991515
0.992259
0.990811
0.9928
0.993694
0.993889
0.9962
0.99706
0.998375
0.998772
0.99827
0.999087
1.00035
1.0019
1.00092
1.00219
1.0038
1.00498
1.00381
1.00257
1.0023
1.00356
1.00285
1.00274
1.00383
1.00246
1.00198
1.00343
1.002
0.999737
0.996286
0.994774
0.994558
0.995562
0.99676
0.997223
0.996673
0.996634
0.997144
0.999028
1.00012
1.00065
1.00102
1.00292
1.00298
1.00221
1.003
1.00368
1.0011
1.00108
1.00112
1.00166
1.00418
1.00318
1.00363
1.00321
1.0043
1.00549
1.00546
1.00552
1.00533
1.00644
1.00724
1.00833
1.00736
1.00699
1.00467
1.00442
1.0038
1.0053
1.0058
1.00431
1.00408
1.00468
1.00515
1.00373
1.00529
1.00528
1.00454
1.00343
1.00162
1.00063
1.00098
1.00054
1.00132
1.00226
1.00261
1.00288
1.00329
1.00378
1.00478
1.0053
1.00603
1.00613
1.00591
1.00697
1.00906
1.00851
1.00829
1.00979
1.01059
1.00909
1.00779
1.00773
1.00744
1.00679
1.00721
1.00645
1.00871
1.00988
1.00954
1.00943
1.01028
1.00942
1.01055
1.00961
1.0076
1.00928
1.01033
1.00957
1.01046
1.01081
1.01122
1.01227
1.01345
1.01372
1.0139
1.01586
1.01743
1.01801
1.01799
1.0167
1.01676
1.01466
1.01408
1.014
1.01202
1.01205
1.01034
1.01149
1.01074
1.01147
1.01107
1.01093
1.01178
1.01243
1.01139
1.01162
1.01108
1.01115
1.01009
1.00888
1.01016
1.01215
1.01158
1.01145
1.00966
1.01103
1.0112
1.01009
1.00902
1.00823
1.0068
1.00745
1.00694
1.00638
1.00696
1.00609
1.00557
1.0045
1.0072
1.00722
1.00722
1.00598
1.0055
1.00408
1.00341
1.00396
1.00401
1.00383
1.00314
1.00425
1.00386
1.00413
1.0042
1.00494
1.00412
1.00402
1.00664
1.00653
1.00487
1.0045
1.00428
1.00364
1.00502
1.00713
1.00799
1.00923
1.0067
1.00611
1.00619
1.00677
1.00559
1.00615
1.00602
1.00673
1.00915
1.01042
1.00917
1.00862
1.0101
1.01139
1.01068
1.00947
1.00955
1.00793
1.00854
1.00683
1.00871
1.00922
1.00786
1.00705
1.00785
1.00785
1.00832
1.00898
1.01124
1.00944
1.0081
1.00698
1.00539
1.0059
1.00548
1.00503
1.0045
1.00421
1.00398
1.0023
1.00053
1.00031
0.99937
0.999326
0.999123
1.00162
1.00215
1.00362
1.00348
1.00289
1.00332
1.00485
1.00611
1.00105
1.00414
1.00441
1.00408
1.00393
1.00523
1.00517
1.00434
1.0049
1.00393
1.00463
1.00346
1.00165
1.00266
1.00493
1.00596
1.00732
1.00997
1.00921
1.00848
1.00986
1.00966
1.00972
1.0093
1.00985
1.01041
1.01153
1.01206
1.01313
1.0138
1.01364
1.01408
1.01327
1.0149
1.01631
1.01724
1.01824
1.01765
1.01743
1.0166
1.01516
1.01466
1.01528
1.01476
1.01447
1.01538
1.01429
1.01509
1.01478
1.01544
1.01456
1.01561
1.01412
1.01562
1.01517
1.01477
1.01418
1.01316
1.01225
1.01259
1.01333
1.01623
1.01882
1.01865
1.01913
1.01799
1.01723
1.01849
1.01841
1.01665
1.01547
1.01617
1.01675
1.01535
1.0146
1.01302
1.01166
1.0104
1.00998
1.00994
1.00988
1.01031
1.00952
1.00922
1.00781
1.00819
1.00881
1.00848
1.00868
1.00887
1.00814
1.00737
1.00762
1.00689
1.00753
1.00699
1.00634
1.00571
1.00733
1.00846
1.00889
1.00862
1.00805
1.00787
1.00682
1.00705
1.0067
1.00636
1.00695
1.00775
1.00643
1.00733
1.00754
1.0065
1.00772
1.0089
1.00738
1.00627
1.00572
1.00624
1.00651
1.00384
1.0047
1.00375
1.00352
1.00374
1.00477
1.00478
1.00435
1.00486
1.00361
1.00478
1.00396
1.00335
1.0028
1.00242
1.00439
1.00463
1.00522
1.0054
1.00504
1.00463
1.00465
1.00144
1.00322
1.00398
1.00336
1.00392
1.00554
1.00585
1.0061
1.00766
1.00663
1.00714
1.00574
1.0061
1.00565
1.00655
1.00702
1.00747
1.00822
1.00721
1.00762
1.00654
1.00609
1.00649
1.00505
1.00557
1.00662
1.00666
1.0083
1.00872
1.00949
1.00985
1.01175
1.00972
1.00911
1.0079
1.00777
1.00861
1.0072
1.00916
1.00939
1.00997
1.01024
1.01135
1.01164
1.01197
1.01303
1.01385
1.01469
1.0143
1.01384
1.01359
1.01545
1.01596
1.01703
1.01824
1.01796
1.01782
1.01856
1.01782
1.01716
1.01685
1.01703
1.01794
1.01781
1.01648
1.0169
1.01615
1.01747
1.01758
1.01616
1.01575
1.01598
1.01534
1.01477
1.01449
1.01699
1.01803
1.02037
1.02165
1.02182
1.02161
1.02003
1.01983
1.01891
1.01928
1.01827
1.01654
1.01718
1.01735
1.01695
1.01744
1.01884
1.01829
1.01917
1.0178
1.01618
1.01703
1.0153
1.01425
1.01305
1.01359
1.01492
1.01597
1.01619
1.01645
1.01565
1.01491
1.01653
1.01398
1.01313
1.01278
1.01171
1.01171
1.01013
1.01099
1.01107
1.01436
1.01527
1.01321
1.01464
1.01505
1.01361
1.01353
1.01379
1.01507
1.01404
1.01343
1.01458
1.01552
1.01566
1.01731
1.0182
1.01984
1.02083
1.01965
1.02063
1.02287
1.02335
1.02219
1.02242
1.02212
1.02262
1.021
1.01986
1.02089
1.02126
1.02097
1.02082
1.0199
1.02072
1.02012
1.01896
1.01759
1.01514
1.01535
1.016
1.01607
1.01657
1.01737
1.01868
1.01925
1.02014
1.01971
1.0219
1.0215
1.02235
1.0193
1.02026
1.02025
1.02145
1.02038
1.01861
1.01883
1.0187
1.01751
1.01535
1.01348
1.01127
1.01164
1.01138
1.01064
1.01146
1.01083
1.01133
1.0125
1.01343
1.01345
1.01357
1.01109
1.0112
1.01274
1.01269
1.01282
1.01377
1.01281
1.01256
1.01326
1.01256
1.01256
1.01103
1.01165
1.01318
1.01269
1.01139
1.01093
1.01135
1.01114
1.00955
1.00964
1.00896
1.00898
1.0094
1.01015
1.00984
1.00843
1.00994
1.00977
1.01163
1.01137
1.01325
1.01218
1.01061
1.0107
1.00991
1.00811
1.00819
1.00875
1.00862
1.00887
1.00873
1.01037
1.01097
1.01174
1.01403
1.01381
1.01372
1.01308
1.01331
1.01363
1.01459
1.01516
1.0155
1.01652
1.01464
1.01529
1.01652
1.01558
1.01502
1.01484
1.01347
1.01424
1.01435
1.01414
1.01381
1.01443
1.01582
1.01607
1.01621
1.0161
1.01762
1.01583
1.0142
1.01545
1.0148
1.01539
1.0163
1.01584
1.01512
1.01443
1.01525
1.01554
1.01554
1.01604
1.01668
1.01702
1.01632
1.01709
1.01645
1.015
1.01511
1.01571
1.0177
1.01803
1.01705
1.01804
1.01646
1.01835
1.01946
1.02029
1.02133
1.02106
1.02119
1.0216
1.02328
1.02214
1.02101
1.02152
1.02303
1.0224
1.0213
1.02137
1.02043
1.02067
1.02005
1.0205
1.02042
1.01988
1.0192
1.0194
1.01834
1.01781
1.0188
1.01831
1.01705
1.01662
1.01783
1.01865
1.01893
1.01891
1.01849
1.01982
1.01902
1.01779
1.01787
1.01622
1.01635
1.01629
1.01611
1.01616
1.01529
1.01575
1.01401
1.01271
1.01352
1.01306
1.01366
1.01265
1.01359
1.01219
1.01374
1.01519
1.01608
1.01616
1.01408
1.01297
1.01173
1.01277
1.01193
1.01232
1.01151
1.01163
1.00941
1.01069
1.01097
1.01156
1.01172
1.01197
1.01379
1.01303
1.01519
1.01419
1.01406
1.01396
1.01364
1.01547
1.01568
1.01431
1.01463
1.01572
1.01589
1.01551
1.01468
1.01702
1.01654
1.01606
1.01707
1.01607
1.01618
1.01738
1.01542
1.0168
1.01862
1.02172
1.02167
1.02062
1.02235
1.02161
1.02237
1.02324
1.02035
1.0196
1.02026
1.01928
1.01936
1.0198
1.01937
1.01978
1.02219
1.02136
1.02082
1.02045
1.02068
1.02204
1.0239
1.02357
1.02408
1.02477
1.02707
1.02572
1.0227
1.02249
1.0227
1.02369
1.02366
1.02327
1.02317
1.02301
1.0233
1.02525
1.02535
1.02575
1.02748
1.02735
1.02607
1.02716
1.02645
1.02773
1.02692
1.02535
1.0252
1.02488
1.02456
1.02466
1.02341
1.02407
1.02313
1.02305
1.02442
1.02404
1.02487
1.02559
1.02385
1.02331
1.0238
1.02405
1.02417
1.02377
1.02341
1.02429
1.02402
1.02466
1.02432
1.0244
1.02303
1.02127
1.02261
1.02141
1.02182
1.02156
1.02026
1.01949
1.01984
1.0184
1.01925
1.02022
1.02023
1.02236
1.02119
1.02143
1.02081
1.02016
1.01946
1.02055
1.02033
1.02148
1.02075
1.01929
1.01676
1.01771
1.01836
1.0195
1.01845
1.01801
1.0169
1.01717
1.01561
1.01606
1.01521
1.0174
1.01661
1.01747
1.01695
1.01808
1.01687
1.01743
1.01743
1.01693
1.01652
1.0168
1.0168
1.01594
1.01396
1.01275
1.01347
1.01315
1.01402
1.01404
1.01383
1.01298
1.01425
1.01459
1.01284
1.01156
1.01322
1.01333
1.01461
1.0128
1.01297
1.0123
1.01228
1.01263
1.01196
1.01264
1.0131
1.01017
1.00987
1.00732
1.00937
1.00832
1.00642
1.00523
1.00498
1.00593
1.0058
1.00567
1.00554
1.00676
1.00635
1.00702
1.00612
1.00529
1.00486
1.00469
1.00445
1.00465
1.00562
1.00604
1.00709
1.0078
1.00807
1.00725
1.00791
1.00763
1.00818
1.01033
1.00976
1.01063
1.00879
1.01046
1.00948
1.012
1.00998
1.0097
1.01103
1.01133
1.01052
1.01093
1.01095
1.01076
1.01078
1.01094
1.01228
1.01242
1.01282
1.01145
1.01045
1.0108
1.01284
1.0136
1.01301
1.01258
1.01334
1.01155
1.00937
1.00984
1.01132
1.01091
1.01147
1.0106
1.00987
1.0077
1.00921
1.00783
1.00764
1.00711
1.00653
1.00734
1.00727
1.00529
1.00566
1.00409
1.00309
1.00289
1.00285
1.0032
1.0043
1.00369
1.00673
1.00597
1.00671
1.00735
1.00669
1.00829
1.00796
1.00724
1.00624
1.00633
1.00654
1.00658
1.00812
1.00814
1.00727
1.00815
1.00857
1.00888
1.00885
1.00946
1.00935
1.00936
1.00987
1.01032
1.01075
1.0097
1.00981
1.00994
1.00958
1.01069
1.0105
1.01136
1.01211
1.01302
1.01502
1.01463
1.01537
1.01466
1.01584
1.01555
1.01625
1.01616
1.01595
1.01551
1.01655
1.01715
1.01743
1.01804
1.01774
1.01794
1.0163
1.01851
1.01998
1.02108
1.02345
1.02373
1.02406
1.02368
1.0224
1.0213
1.01893
1.01783
1.01785
1.01805
1.01728
1.01836
1.01704
1.01586
1.01604
1.0145
1.01429
1.01504
1.01384
1.01549
1.01353
1.01393
1.01273
1.01382
1.01308
1.01393
1.01298
1.01275
1.0139
1.01328
1.01388
1.01427
1.01476
1.01456
1.01632
1.01669
1.01594
1.0144
1.01432
1.01601
1.0159
1.01629
1.01701
1.01755
1.01688
1.01901
1.01855
1.01801
1.01747
1.01683
1.0187
1.01741
1.01775
1.01666
1.01817
1.01892
1.01878
1.01797
1.01847
1.02063
1.02322
1.02379
1.02415
1.02538
1.02444
1.02508
1.0265
1.02556
1.02734
1.02701
1.02612
1.02457
1.02406
1.02485
1.02414
1.02506
1.0261
1.02821
1.02905
1.02546
1.02576
1.02667
1.02568
1.02303
1.02379
1.02348
1.0244
1.02256
1.02346
1.02128
1.02236
1.02075
1.0205
1.01878
1.02098
1.02102
1.02249
1.02287
1.02179
1.0217
1.02263
1.02235
1.02444
1.02459
1.02402
1.02353
1.02373
1.02344
1.02296
1.0229
1.02335
1.0258
1.02674
1.02664
1.0279
1.02671
1.02783
1.02876
1.02789
1.02862
1.02919
1.02961
1.03072
1.03033
1.02963
1.02949
1.02976
1.0287
1.02823
1.02972
1.02952
1.03275
1.0335
1.03328
1.03269
1.0331
1.03384
1.03578
1.03578
1.03486
1.0328
1.03015
1.03075
1.02969
1.0281
1.02906
1.0301
1.03204
1.03145
1.03106
1.03122
1.0314
1.03058
1.02992
1.02893
1.02928
1.02791
1.02827
1.02945
1.02888
1.02913
1.02981
1.03067
1.02963
1.02811
1.02806
1.02798
1.02588
1.02342
1.026
1.02818
1.02704
1.02688
1.02671
1.02568
1.02567
1.02689
1.0286
1.0292
1.0284
1.0286
1.02905
1.02778
1.02692
1.02694
1.02571
1.02627
1.02554
1.02662
1.02521
1.02568
1.02337
1.02266
1.02267
1.0221
1.02305
1.024
1.02589
1.02342
1.0232
1.02326
1.02297
1.02267
1.02277
1.02373
1.02462
1.02488
1.02493
1.02512
1.02665
1.02455
1.02475
1.02462
1.02415
1.02453
1.02537
1.02325
1.02192
1.02105
1.01943
1.02017
1.02102
1.01922
1.01911
1.0184
1.01841
1.01793
1.01843
1.01986
1.0201
1.0199
1.01965
1.01703
1.0159
1.01554
1.01459
1.01423
1.01278
1.01228
1.01268
1.01285
1.01298
1.01254
1.01322
1.01343
1.01268
1.01482
1.0157
1.01704
1.01529
1.01541
1.01537
1.01576
1.01637
1.01734
1.01748
1.01662
1.01661
1.01688
1.0173
1.01578
1.01482
1.01465
1.01351
1.0165
1.01533
1.01435
1.01594
1.0149
1.0164
1.01535
1.01707
1.01652
1.01616
1.01412
1.01327
1.01386
1.01444
1.01329
1.01327
1.01524
1.01298
1.01187
1.01287
1.0123
1.0124
1.01267
1.013
1.01369
1.01513
1.01581
1.01669
1.01612
1.01794
1.01753
1.01432
1.01138
1.01202
1.01118
1.01052
1.01113
1.01218
1.01195
1.01132
1.00984
1.01121
1.0123
1.01067
1.01018
1.00866
1.00747
1.00686
1.00747
1.00774
1.00652
1.00426
1.00397
1.00396
1.00282
1.00367
1.00342
1.00271
1.00212
1.00223
1.0019
1.00169
1.00052
0.999393
0.999227
0.998319
0.998252
0.99812
0.999803
1.00117
1.00123
1.00275
1.00362
1.00586
1.00427
1.00357
1.00583
1.00704
1.00633
1.0057
1.00554
1.00601
1.00626
1.00619
1.00515
1.0036
1.00474
1.00487
1.00743
1.00626
1.00612
1.00655
1.00734
1.00911
1.00622
1.0076
1.00696
1.00816
1.00927
1.01024
1.01076
1.01331
1.01404
1.01475
1.01366
1.0138
1.01389
1.01393
1.01323
1.01443
1.01312
1.01386
1.01295
1.01247
1.01107
1.01142
1.01343
1.01346
1.0134
1.01203
1.01273
1.01298
1.01412
1.01409
1.01417
1.01403
1.01085
1.01107
1.01088
1.01202
1.01254
1.01232
1.0125
1.01335
1.01172
1.01125
1.01153
1.01282
1.01163
1.00997
1.01032
1.01005
1.00927
1.00951
1.00982
1.00936
1.00809
1.007
1.00664
1.00666
1.00749
1.00875
1.00858
1.00815
1.0069
1.00609
1.00659
1.00684
1.00723
1.00586
1.00683
1.00632
1.005
1.00703
1.00497
1.00636
1.00573
1.00568
1.00748
1.00724
1.00828