-0.138632
-0.13033
-0.122331
-0.112371
-0.103551
-0.0944887
-0.0880854
-0.0830036
-0.0759932
-0.0682976
-0.0595875
-0.0519764
-0.0458771
-0.0391004
-0.031398
-0.0230048
-0.0162435
-0.00963
-0.00232355
0.00416082
0.0104214
0.0182858
0.024978
0.0317146
0.0376894
0.0440048
0.0510188
0.0579656
0.0639548
0.0705967
0.0790449
0.0855147
0.091879
0.0983405
0.102011
0.109222
0.115684
0.121886
0.129121
0.137293
0.14316
0.150786
0.159058
0.164391
0.169803
0.178264
0.183271
0.191258
0.198789
0.20426
0.209775
0.217032
0.222496
0.228182
0.234796
0.24107
0.246781
0.253905
0.259448
0.265796
0.269443
0.274593
0.280365
0.285622
0.290317
0.294021
0.301238
0.306923
0.313834
0.31974
0.324149
0.330704
0.33476
0.340623
0.344645
0.34946
0.356049
0.361339
0.369952
0.37675
0.38345
0.38886
0.39227
0.397233
0.402307
0.404144
0.407949
0.409961
0.413285
0.417202
0.420688
0.425294
0.429208
0.431639
0.434881
0.439185
0.444777
0.451155
0.455473
0.45984
0.46543
0.470174
0.473695
0.478259
0.484568
0.490984
0.494477
0.497518
0.499926
0.502195
0.505598
0.511108
0.513366
0.515932
0.519515
0.523444
0.529808
0.533862
0.53791
0.540682
0.546232
0.549356
0.555046
0.55899
0.561297
0.565058
0.568084
0.572509
0.57737
0.581602
0.584445
0.588375
0.590899
0.593518
0.597605
0.60101
0.603652
0.607354
0.609938
0.613085
0.616741
0.623023
0.625277
0.627533
0.632529
0.637202
0.640503
0.643302
0.645969
0.646059
0.64781
0.650627
0.653398
0.656044
0.658959
0.662514
0.66448
0.667137
0.669661
0.672362
0.676588
0.677672
0.68141
0.682799
0.686092
0.689032
0.691907
0.695255
0.697505
0.70021
0.703817
0.705762
0.707403
0.708316
0.711817
0.71382
0.715105
0.718914
0.719345
0.723014
0.725385
0.728138
0.732957
0.736833
0.738796
0.740405
0.740976
0.742267
0.744353
0.745554
0.749132
0.751019
0.752551
0.753768
0.756459
0.760881
0.763933
0.765592
0.767988
0.769768
0.77133
0.773376
0.775955
0.777979
0.779745
0.781139
0.781358
0.784003
0.786667
0.786591
0.787647
0.78866
0.791365
0.794677
0.797361
0.800326
0.80133
0.803821
0.806514
0.809114
0.810478
0.812506
0.815312
0.815261
0.818821
0.818777
0.818962
0.820338
0.819768
0.821245
0.819988
0.82198
0.823315
0.825277
0.826731
0.828467
0.82928
0.830677
0.832905
0.834586
0.836616
0.83735
0.838815
0.841681
0.840066
0.840119
0.839718
0.842406
0.843142
0.844175
0.844852
0.849339
0.848528
0.850371
0.851286
0.853772
0.85707
0.856993
0.857347
0.860011
0.861175
0.861104
0.863667
0.864509
0.865357
0.866265
0.867289
0.868911
0.870351
0.870957
0.871545
0.874342
0.874243
0.875899
0.877059
0.879622
0.880481
0.881496
0.881705
0.883491
0.883856
0.885592
0.887329
0.887368
0.89069
0.892133
0.894389
0.896061
0.89717
0.899518
0.902397
0.903804
0.904628
0.905697
0.905956
0.907834
0.908234
0.910133
0.910321
0.91006
0.909894
0.910859
0.912713
0.913447
0.912602
0.914258
0.915119
0.916263
0.918423
0.920851
0.921037
0.920229
0.920379
0.922396
0.923327
0.924366
0.924207
0.92631
0.930319
0.93126
0.932777
0.933143
0.930823
0.932696
0.932371
0.931933
0.931143
0.932482
0.932113
0.933462
0.934204
0.933232
0.933217
0.93362
0.934709
0.935831
0.935537
0.936723
0.937248
0.938027
0.938818
0.941135
0.939983
0.940648
0.941206
0.939239
0.938717
0.939589
0.938986
0.939697
0.940534
0.940483
0.943707
0.945067
0.9447
0.943982
0.943119
0.94491
0.948047
0.948444
0.950226
0.951384
0.953468
0.955572
0.955786
0.957042
0.957528
0.957674
0.959657
0.960082
0.960865
0.960636
0.962503
0.962742
0.963426
0.96456
0.963289
0.96492
0.964427
0.964726
0.966098
0.965499
0.965388
0.964734
0.965191
0.965843
0.966452
0.968687
0.969329
0.969642
0.970816
0.971788
0.974096
0.971779
0.97338
0.973353
0.976169
0.975839
0.977048
0.974813
0.972409
0.973081
0.972394
0.973589
0.974051
0.974264
0.972624
0.97093
0.97099
0.970979
0.971678
0.97211
0.97201
0.97242
0.97399
0.975212
0.977088
0.9765
0.978472
0.978574
0.978673
0.977745
0.977896
0.979037
0.979041
0.978891
0.979529
0.979178
0.979851
0.980021
0.980972
0.981751
0.983159
0.983831
0.984144
0.984117
0.985587
0.986017
0.984985
0.984927
0.98474
0.98416
0.98324
0.983083
0.983324
0.984391
0.985706
0.983727
0.98323
0.982723
0.983135
0.984267
0.983591
0.98589
0.987355
0.989419
0.988421
0.988928
0.988838
0.987899
0.989766
0.988899
0.991802
0.990477
0.99133
0.990225
0.988178
0.987417
0.986859
0.985593
0.988455
0.98761
0.988876
0.989334
0.990685
0.991557
0.990955
0.989119
0.98798
0.988923
0.987584
0.988342
0.988053
0.988222
0.989356
0.989337
0.988721
0.988217
0.988452
0.987943
0.987091
0.986276
0.985206
0.986595
0.985346
0.98604
0.986458
0.987966
0.988143
0.989233
0.989681
0.989674
0.989831
0.989401
0.990298
0.98883
0.988888
0.991866
0.992099
0.990948
0.991831
0.991396
0.991245
0.991639
0.992387
0.991321
0.991711
0.990682
0.990568
0.990091
0.98871
0.987859
0.988653
0.989524
0.988503
0.987383
0.987253
0.986606
0.987474
0.98862
0.988976
0.987562
0.989799
0.9904
0.991674
0.990206
0.989056
0.989604
0.98973
0.990904
0.992976
0.991758
0.993362
0.993778
0.993901
0.992817
0.99464
0.996764
0.998811
0.99863
0.999002
0.997736
0.996843
0.996563
0.999015
0.998315
0.99713
0.996727
0.996003
0.995269
0.995406
0.996094
0.997796
0.996411
0.99745
0.997589
0.998822
0.997666
0.997768
0.997783
0.996472
0.996308
0.996851
0.996282
0.997108
0.997471
0.997384
0.996949
0.996876
0.997155
0.996053
0.995297
0.995345
0.994946
0.994142
0.994625
0.997104
0.996245
0.996535
0.999412
0.999885
0.999769
0.998712
0.997617
0.996571
0.995259
0.994963
0.994094
0.993567
0.994657
0.993147
0.992786
0.991536
0.99062
0.991706
0.992449
0.994033
0.993373
0.991798
0.989288
0.986779
0.986208
0.987003
0.986465
0.987406
0.987224
0.988384
0.987493
0.987842
0.988659
0.99046
0.990231
0.99032
0.990644
0.990769
0.990871
0.990884
0.988797
0.986927
0.988261
0.988824
0.990198
0.990294
0.988496
0.987456
0.989201
0.990716
0.990638
0.992007
0.989994
0.989912
0.987734
0.988078
0.98791
0.988775
0.989357
0.990249
0.990386
0.989771
0.990196
0.990254
0.991167
0.99143
0.99013
0.991083
0.991735
0.992693
0.992183
0.99413
0.994035
0.992701
0.992201
0.989607
0.986631
0.988849
0.988755
0.989884
0.988958
0.987858
0.988014
0.987755
0.988112
0.989882
0.988523
0.987036
0.989224
0.989053
0.989024
0.987621
0.98825
0.988405
0.987294
0.988393
0.987907
0.987678
0.987026
0.988396
0.986387
0.985843
0.986709
0.984926
0.985224
0.98592
0.987824
0.986516
0.986439
0.98609
0.985211
0.986038
0.986257
0.985707
0.986869
0.988079
0.986946
0.988071
0.988282
0.986215
0.985131
0.986307
0.985924
0.985369
0.984993
0.985984
0.984241
0.984746
0.983282
0.982241
0.984489
0.983668
0.983661
0.982293
0.981809
0.982863
0.982989
0.981742
0.981174
0.980411
0.982497
0.985725
0.984163
0.984539
0.986313
0.985463
0.986638
0.987075
0.987815
0.985436
0.986186
0.98575
0.986758
0.988988
0.989684
0.987971
0.987644
0.987191
0.987089
0.986133
0.986503
0.98631
0.985613
0.987248
0.988899
0.989007
0.98883
0.990525
0.989761
0.989167
0.98921
0.98848
0.989628
0.990302
0.990541
0.993295
0.992513
0.99231
0.992788
0.991405
0.9913
0.99195
0.991603
0.991727
0.991385
0.992233
0.993414
0.994469
0.996297
0.996691
0.997049
0.996541
0.998215
0.997952
0.999372
0.998827
1.00001
1.00087
1.00031
1.00072
1.00075
1.00071
0.999534
1.00038
0.999254
1.00056
0.999508
1.0011
1.0006
1.00107
0.999069
1.00025
1.00182
1.00215
1.00259
1.00271
1.00309
1.00146
1.00106
1.0018
1.00354
1.00408
1.00266
1.00237
1.00345
1.00492
1.00471
1.00697
1.00748
1.00838
1.00848
1.00833
1.00874
1.01026
1.01035
1.01129
1.01295
1.01077
1.01159
1.01147
1.0125
1.0145
1.01455
1.01408
1.01423
1.015
1.01338
1.0135
1.01453
1.01488
1.01372
1.01407
1.01513
1.01447
1.01581
1.01524
1.01542
1.0147
1.01479
1.01471
1.01426
1.01457
1.01348
1.01171
1.01355
1.01422
1.01403
1.01497
1.01589
1.01487
1.01548
1.01414
1.01395
1.01398
1.01312
1.01463
1.01455
1.0134
1.01268
1.01346
1.01113
1.01019
1.01154
1.01284
1.01283
1.0124
1.01214
1.01032
1.01038
1.01146
1.01178
1.01249
1.01244
1.01325
1.01324
1.01271
1.01412
1.01385
1.01156
1.01086
1.01122
1.0108
1.01199
1.01185
1.01231
1.01327
1.01521
1.01652
1.0166
1.01753
1.01831
1.01867
1.01868
1.01828
1.01833
1.01645
1.01472
1.01301
1.0121
1.01221
1.01276
1.01151
1.01093
1.0107
1.00971
1.01054
1.01111
1.01352
1.01482
1.0145
1.01391
1.01499
1.01321
1.01257
1.01203
1.01293
1.01409
1.01387
1.01386
1.01575
1.01632
1.01596
1.01431
1.01476
1.01668
1.01667
1.01709
1.0179
1.01829
1.01734
1.01941
1.02009
1.01894
1.0173
1.01829
1.02021
1.02166
1.02203
1.0239
1.02383
1.02563
1.02629
1.02472
1.02444
1.0232
1.02242
1.02282
1.02426
1.02539
1.02552
1.02472
1.02547
1.02693
1.02789
1.02714
1.0258
1.02522
1.02263
1.02323
1.0248
1.02555
1.0247
1.02404
1.024
1.02376
1.02337
1.02399
1.02249
1.02248
1.02184
1.01948
1.02027
1.02142
1.02126
1.02322
1.02359
1.02391
1.02352
1.02404
1.02538
1.02489
1.02384
1.02242
1.0244
1.02469
1.02439
1.0244
1.02508
1.02636
1.02715
1.02644
1.02803
1.02837
1.02774
1.02673
1.02596
1.02618
1.02644
1.02562
1.02532
1.02701
1.02664
1.02648
1.02675
1.02689
1.02755
1.02692
1.02894
1.03088
1.03052
1.03104
1.0317
1.03276
1.03252
1.03074
1.03165
1.03058
1.02969
1.02957
1.03027
1.03126
1.03132
1.03109
1.03067
1.02936
1.02795
1.0303
1.03113
1.03038
1.03109
1.03047
1.03042
1.02792
1.02702
1.02722
1.02638
1.02631
1.02766
1.02679
1.02553
1.02466
1.02497
1.02454
1.02394
1.02349
1.0252
1.02625
1.02626
1.02595
1.02531
1.02544
1.02532
1.02719
1.02576
1.02548
1.02502
1.02719
1.0291
1.02848
1.02951
1.03114
1.03109
1.03069
1.03095
1.03183
1.03266
1.03342
1.03333
1.03228
1.03218
1.03219
1.032
1.03284
1.03339
1.03166
1.03276
1.03386
1.03398
1.03242
1.03226
1.03414
1.03277
1.03356
1.03419
1.03487
1.03793
1.03764
1.03793
1.03879
1.0384
1.03991
1.03898
1.03962
1.04143
1.04325
1.04299
1.04304
1.04286
1.04459
1.04491
1.04519
1.04721
1.04813
1.04713
1.04871
1.05086
1.05229
1.05345
1.05329
1.05158
1.05181
1.0514
1.05172
1.05322
1.05366
1.05434
1.05391
1.05285
1.05276
1.05358
1.05231
1.05348
1.05363
1.05374
1.05418
1.05323
1.05468
1.05412
1.0529
1.05241
1.05251
1.05372
1.05307
1.05085
1.05034
1.04947
1.0483
1.0471
1.04657
1.04734
1.04637
1.04657
1.04812
1.0487
1.04851
1.04907
1.04994
1.04922
1.04947
1.05067
1.05191
1.05102
1.05246
1.05274
1.05106
1.05048
1.05227
1.05338
1.05519
1.05574
1.05499
1.05584
1.05584
1.05461
1.05367
1.05272
1.05303
1.05177
1.05069
1.05289
1.05147
1.05168
1.05183
1.05244
1.05344
1.05353
1.05321
1.05404
1.05595
1.05492
1.05465
1.05428
1.05493
1.05426
1.05362
1.05376
1.05293
1.05174
1.0515
1.05099
1.0516
1.05324
1.05209
1.05425
1.05672
1.05521
1.05546
1.05615
1.0544
1.05488
1.05513
1.05595
1.05593
1.05383
1.05272
1.05208
1.05394
1.05308
1.05443
1.05576
1.05579
1.0565
1.05697
1.05729
1.05773
1.0566
1.05556
1.05617
1.05574
1.05529
1.0545
1.05414
1.05462
1.05524
1.05453
1.05432
1.05427
1.0544
1.05323
1.05246
1.05203
1.04975
1.04991
1.049
1.04773
1.04768
1.04789
1.04872
1.0486
1.05025
1.04996
1.04912
1.04945
1.05036
1.04971
1.05025
1.0495
1.04962
1.0499
1.04989
1.05094
1.05076
1.0512
1.04976
1.04757
1.04869
1.04755
1.04782
1.04918
1.04884
1.05132
1.05163
1.0492
1.04922
1.04899
1.05209
1.05167
1.05173
1.05084
1.0493
1.04673
1.04693
1.0476
1.04663
1.04769
1.04779
1.04935
1.04749
1.04768
1.04904
1.05047
1.04925
1.05026
1.05007
1.04955
1.05068
1.05144
1.05099
1.05089
1.05209
1.05079
1.0498
1.05197
1.05211
1.05029
1.0489
1.04971
1.05066
1.04907
1.0493
1.04969
1.04927
1.04928
1.04779
1.04719
1.04783
1.04762
1.04718
1.04695
1.04582
1.0461
1.04595
1.04605
1.04642
1.04696
1.04737
1.04792
1.04699
1.04696
1.04729
1.04729
1.04768
1.04945
1.05126
1.04958
1.0493
1.04894
1.04796
1.0477
1.04794
1.04911
1.04988
1.05098
1.05061
1.05109
1.05036
1.0495
1.04918
1.04935
1.05136
1.05344
1.05295
1.05308
1.05392
1.05455
1.05585
1.05566
1.05403
1.05295
1.05346
1.05355
1.05185
1.05209
1.05106
1.05001
1.04744
1.04689
1.04923
1.04883
1.04829
1.04961
1.04986
1.04744
1.04706
1.04738
1.04749
1.04813
1.04771
1.04617
1.04462
1.04255
1.0421
1.04207
1.04389
1.04531
1.04613
1.04749
1.04785
1.04696
1.04781
1.05019
1.0525
1.05226
1.05179
1.05079
1.05031
1.04899
1.04932
1.05094
1.04999
1.04925
1.04967
1.04998
1.04795
1.04748
1.04596
1.04574
1.04703
1.04571
1.04613
1.04727
1.04738
1.04648
1.04592
1.04381
1.04255
1.04395
1.04281
1.04344
1.04573
1.04612
1.04554
1.04533
1.04563
1.04667
1.0494
1.04806
1.04817
1.0476
1.04853
1.04863
1.05017
1.05126
1.05083
1.05031
1.05025
1.04984
1.05023
1.05041
1.04996
1.04969
1.04963
1.05087
1.0516
1.05134
1.05024
1.0516
1.05028
1.04965
1.04743
1.04704
1.04803
1.0485
1.04855
1.05006
1.04951
1.04827
1.04766
1.04794
1.04891
1.048
1.04832
1.04907
1.04693
1.04617
1.04624
1.04456
1.04509
1.04599
1.04748
1.04807
1.04804
1.04816
1.04865
1.0498
1.04815
1.04801
1.04914
1.04848
1.04633
1.04549
1.04422
1.04449
1.04382
1.04366
1.04399
1.04144
1.04146
1.04249
1.04208
1.04002
1.04061
1.04048
1.04004
1.03754
1.03642
1.03937
1.03898
1.03768
1.04029
1.04155
1.03953
1.03994
1.03839
1.03986
1.03893
1.0384
1.03779
1.03795
1.03906
1.03988
1.04121
1.04203
1.04154
1.04179
1.04175
1.04194
1.04221
1.04185
1.04146
1.04137
1.03967
1.04019
1.04086
1.04035
1.04094
1.04222
1.04266
1.04342
1.04476
1.04442
1.04317
1.04338
1.04464
1.04534
1.04446
1.04389
1.04234
1.04211
1.04203
1.04243
1.04395
1.04353
1.04269
1.04187
1.04186
1.04475
1.04393
1.0423
1.04196
1.04108
1.04012
1.03981
1.03972
1.03886
1.03887
1.03935
1.03909
1.03754
1.03877
1.03592
1.03613
1.03656
1.0369
1.03663
1.03452
1.03336
1.03388
1.03488
1.03593
1.0363
1.03497
1.03509
1.03475
1.03529
1.03201
1.0325
1.03156
1.02946
1.02987
1.02934
1.02915
1.02881
1.02853
1.02945
1.0307
1.03033
1.03164
1.03258
1.0328
1.03441
1.03683
1.03752
1.03658
1.03572
1.03482
1.03393
1.03414
1.03209
1.03211
1.03088
1.03152
1.03233
1.03334
1.03339
1.0335
1.03471
1.03266
1.03319
1.03159
1.03097
1.02922
1.02788
1.02846
1.02971
1.02997
1.03095
1.02921
1.03081
1.03268
1.03339
1.03575
1.03739
1.03817
1.03804
1.03685
1.03658
1.03681
1.03659
1.0357
1.03805
1.03656
1.03721
1.03593
1.03363
1.03541
1.03507
1.03548
1.03739
1.03867
1.03728
1.03817
1.03813
1.03816
1.03703
1.03722
1.03918
1.03986
1.04108
1.04162
1.04181
1.04155
1.04142
1.04065
1.03967
1.03802
1.03551
1.03449
1.03419
1.036
1.03609
1.03556
1.03726
1.03641
1.03641
1.03846
1.03804
1.03861
1.03856
1.03944
1.03893
1.03838
1.03753
1.03643
1.03663
1.03771
1.03978
1.04054
1.03929
1.03904
1.04028
1.03874
1.03951
1.03777
1.03624
1.03569
1.03541
1.03537
1.035
1.0347
1.03564
1.03468
1.03523
1.03359
1.03409
1.03346
1.03364
1.03347
1.03468
1.03361
1.03484
1.03526
1.03565
1.03467
1.03369
1.03565
1.03553
1.03403
1.03463
1.03621
1.03597
1.03831
1.03669
1.03662
1.03673
1.03368
1.03368
1.03499
1.03568
1.03397
1.0339
1.03605
1.03527
1.03377
1.032
1.03213
1.03219
1.02968
1.02968
1.03046
1.029
1.02925
1.02969
1.02779
1.02651
1.02687
1.02604
1.02569
1.02593
1.02635
1.02751
1.03094
1.03105
1.03134
1.03217
1.03088
1.03002
1.02958
1.02875
1.02702
1.0257
1.02461
1.02386
1.02486
1.02701
1.02726
1.02524
1.02393
1.02177
1.02178
1.02351
1.02578
1.02335
1.02304
1.02283
1.02486
1.02519
1.0263
1.02623
1.02628
1.02652
1.02471
1.02383
1.02506
1.02442
1.02536
1.02652
1.02613
1.02643
1.0279
1.02863
1.02731
1.02624
1.02617
1.02576
1.02391
1.02125
1.02033
1.02061
1.02104
1.02233
1.02166
1.02126
1.02213
1.02062
1.02037
1.02061
1.02111
1.0202
1.02046
1.01904
1.01848
1.01802
1.01975
1.01963
1.02001
1.0197
1.01797
1.01592
1.01575
1.01631
1.01695
1.01711
1.01447
1.01337
1.01409
1.01592
1.01902
1.01983
1.02144
1.02095
1.02174
1.02199
1.0217
1.02304
1.02314
1.02296
1.02266
1.02229
1.01985
1.01875
1.01895
1.01912
1.01907
1.01778
1.01864
1.01852
1.01654
1.0179
1.01637
1.01514
1.01234
1.01218
1.01226
1.01266
1.0137
1.01373
1.0131
1.01379
1.01414
1.01446
1.01455
1.01507
1.01547
1.01545
1.01531
1.01501
1.01601
1.01498
1.01267
1.01288
1.01346
1.01501
1.01703
1.01673
1.01587
1.01508
1.01491
1.01458
1.01573
1.01495
1.01566
1.0144
1.01245
1.01155
1.01083
1.0116
1.01141
1.01226
1.01154
1.01059
1.01034
1.00853
1.00757
1.00669
1.00633
1.00687
1.00787
1.00881
1.00959
1.00926
1.00853
1.00841
1.0083
1.00881
1.01051
1.01038
1.01009
1.00957
1.01083
1.01082
1.00956
1.00944
1.00927
1.00895
1.01021
1.00963
1.00765
1.01011
1.01025
1.01038
1.01022
1.00844
1.00869
1.00983
1.00956
1.01016
1.01032
1.01282
1.01217
1.01239
1.01442
1.01479
1.01533
1.01667
1.01727
1.01655
1.01585
1.01511
1.01444
1.01338
1.01282
1.01025
1.00871
1.00823
1.00826
1.0075
1.00649
1.0053
1.00466
1.00436
1.00335
1.00258
1.00177
1.00115
1.00223
1.00085
1.00173
1.00266
1.00182
1.00171
1.00021
0.99915
1.00247
1.00064
1.00054
1.00095
0.999652
0.998998
0.999603
0.999765
1.0005
1.00078
0.999979
1.00095
1.00179
1.00417
1.00588
1.0071
1.0074
1.00769
1.00597
1.00454
1.00335
1.00294
1.00298
1.00291
1.00111
1.0011
1.00004
0.99999
1.0008
1.00058
0.999369
1.0009
1.00146
1.00115
1.00225
1.00164
1.00124
1.00389
1.00479
1.00523
1.00366
1.00392
1.00485
1.00834
1.0079
1.00969
1.0096
1.00907
1.01022
1.01205
1.01004
1.00853
1.00891
1.00868
1.00694
1.00893
1.00878
1.01082
1.00903
1.00983
1.01006
1.01186
1.01353
1.01168
1.01326
1.01252
1.01491
1.01489
1.01571
1.01445
1.01604
1.01512
1.01815
1.01923
1.01816
1.01649
1.01603
1.01642
1.01608
1.01707
1.01559
1.0162
1.01849
1.02004
1.02182
1.02068
1.02122
1.01982
1.01888
1.01996
1.01954
1.01857
1.01689
1.0176
1.01787
1.01729
1.01583
1.01619
1.01754
1.01827
1.01965
1.01917
1.01832
1.01799
1.01947
1.01765
1.01773
1.01819
1.01808
1.01894
1.01947
1.01977
1.02109
1.02152
1.02243
1.02232
1.02163
1.02193
1.02081
1.02084
1.02075
1.02162
1.01944
1.01979
1.01882
1.01966
1.01991
1.01951
1.01855
1.0173
1.01681
1.01769
1.01611
1.01679
1.01529
1.01751
1.016
1.01392
1.01309
1.01193
1.01228
1.01251
1.0149
1.01599
1.01653
1.01732
1.01717
1.01631
1.01653
1.01411
1.01603
1.01699
1.01547
1.01477
1.01581
1.0174
1.01795
1.01607
1.01639
1.01687
1.01745
1.01637
1.01723
1.0166
1.01538
1.01576
1.0146
1.01707
1.0181
1.01835
1.02017
1.02095
1.02236
1.02008
1.01985
1.02078
1.02167
1.02217
1.02209
1.02162
1.02168
1.0204
1.0207
1.02041
1.02034
1.01832
1.0175
1.01689
1.01714
1.01619
1.01279
1.01199
1.01097
1.00965
1.00916
1.00923
1.00772
1.00774
1.00663
1.00712
1.00775
1.00802
1.00843
1.00786
1.00872
1.01073
1.01028
1.01042
1.01134
1.01035
1.01062
1.0091
1.00733
1.00834
1.00785
1.00773
1.00682
1.0062
1.00525
1.00504
1.00428
1.0038
1.00478
1.00708
1.00571
1.00472
1.00502
1.00655
1.00586
1.00578
1.006
1.00544
1.00546
1.00604
1.00853
1.00819
1.00779
1.00707
1.00745
1.00562
1.00559
1.00506
1.00586
1.00642
1.00951
1.00727
1.00796
1.00825
1.00876
1.00915
1.00959
1.01018
1.01085
1.01049
1.01105
1.0112
1.00955
1.00994
1.01139
1.01295
1.0126
1.01005
1.00905
1.01038
1.00932
1.00957
1.01063
1.01187
1.01108
1.00943
1.00856
1.00828
1.00788
1.00756
1.00603
1.00557
1.00713
1.00407
1.00443
1.00296
1.0034
1.00389
1.00443
1.00431
1.0055
1.00584
1.00614
1.0073
1.00721
1.00571
1.00635
1.00665
1.00823
1.00717
1.00692
1.00587
1.00461
1.00667
1.00419
1.00524
1.00722
1.00895
1.00963
1.00857
1.01019
1.01035
1.00911
1.00954
1.0105
1.01086
1.01169
1.01334
1.01297
1.0114
1.0112
1.00873
1.01073
1.01086
1.01078
1.00941
1.00938
1.00773
1.00754
1.00765
1.00708
1.0083
1.00969
1.00854
1.00824
1.00585
1.00701
1.00663
1.00571
1.00638
1.00673
1.00707
1.00757
1.0071
1.00748
1.00629
1.00424
1.00427
1.00458
1.00615
1.00833
1.00763
1.00915
1.00872
1.01113
1.01035
1.01148
1.012
1.01191
1.0112
1.01169
1.01342
1.01328
1.01397
1.01339
1.01225
1.01234
1.01192
1.01004
1.00961
1.01096
1.01075
1.01235
1.01186
1.01307
1.01244
1.01474
1.01452
1.01307
1.01442
1.01517
1.01443
1.01442
1.01652
1.01677
1.01744
1.01533
1.01463
1.01459
1.01567
1.01521
1.01456
1.01647
1.0161
1.01585
1.01582
1.01551
1.01631
1.01641
1.01547
1.01678
1.01655
1.01677
1.01846
1.01724
1.0167
1.01641
1.01663
1.01582
1.01586
1.01568
1.01555
1.01686
1.01742
1.01814
1.01912
1.02006
1.02222
1.01996
1.01922
1.01783
1.01829
1.01847
1.01896
1.01959
1.01853
1.01586
1.0155
1.01527
1.01641
1.01508
1.01485
1.01557
1.01651
1.01512
1.01634
1.01623
1.01592
1.01732
1.01817
1.02098
1.02308
1.02334
1.02256
1.02125
1.02305
1.02357
1.02332
1.02179
1.02242
1.02406
1.02404
1.02404
1.02182
1.02139
1.02138
1.02253
1.02253
1.02382
1.02354
1.02314
1.02414
1.02233
1.02433
1.02292
1.02175
1.01951
1.01882
1.01917
1.01872
1.02046
1.02192
1.02259
1.02369
1.02496
1.02454
1.02363
1.02393
1.02364
1.02194
1.02183
1.02444
1.02433
1.02477
1.02628
1.02627
1.02792
1.02829
1.02643
1.02856
1.02907
1.02697
1.02769
1.02555
1.02584
1.02761
1.02621
1.02522
1.02681
1.02655
1.02379
1.02438
1.02245
1.02356
1.02411
1.022
1.02094
1.02073
1.01969
1.0199
1.01969
1.01784
1.01636
1.01848
1.01869
1.01814
1.0206
1.02242
1.02306
1.02183
1.02171
1.02125
1.02292
1.02322
1.02261
1.02491
1.02629
1.02616
1.02604
1.02672
1.02839
1.02818
1.02682
1.02842
1.02744
1.02784
1.02749
1.02894
1.02883
1.02649
1.02529
1.02582
1.02592
1.02746
1.02772
1.02683
1.02694
1.02562
1.02543
1.02521
1.02645
1.02773
1.02769
1.02764
1.02574
1.02616
1.02741
1.02688
1.02662
1.02745
1.02395
1.02485
1.02559
1.02487
1.02529
1.02686
1.02675
1.02792
1.03013
1.03137
1.03406
1.03467
1.03574
1.03418
1.03539
1.03496
1.0356
1.03798
1.03868
1.03938
1.03856
1.03837
1.03648
1.03818
1.03686
1.03856
1.03781
1.03774
1.03695
1.03747
1.0373
1.03915
1.03888
1.03774
1.037
1.0354
1.03596
1.038
1.03893
1.03616
1.03663
1.03868
1.03866
1.03943
1.03893
1.03865
1.03976
1.04095
1.03941
1.03884
1.03851
1.03814
1.03734
1.03652
1.03641
1.03752
1.03816
1.03898
1.04066
1.04198
1.04049
1.04151
1.03819
1.03667
1.03609
1.03615
1.03678
1.03734
1.03827
1.03798
1.03986
1.03996
1.03994
1.04191
1.0417
1.04169
1.04155
1.04006
1.04065
1.04244
1.04243
1.0435
1.04394
1.04386
1.04411
1.0445
1.04466
1.04617
1.04509
1.04446
1.04607
1.04608
1.04483
1.04566
1.04511
1.04443
1.04478
1.04574
1.04514
1.04639
1.04613
1.04566
1.04548
1.04504
1.04362
1.04508
1.04704
1.04654
1.04623
1.04563
1.0442
1.04504
1.0442
1.04362
1.04361
1.04537
1.04383
1.04384
1.0446
1.04442
1.04407
1.04356
1.04346
1.04457
1.04467
1.04565
1.04568
1.04842
1.04771
1.04933
1.04933
1.0479
1.04667
1.04745
1.04636
1.04515
1.04489
1.04553
1.04352
1.0425
1.04203
1.04186
1.04364
1.04531
1.04325
1.0431
1.04357
1.04485
1.04504
1.04485
1.0449
1.0442
1.04619
1.04592
1.0459
1.04602
1.04617
1.04804
1.04506
1.04536
1.04524
1.04457
1.04494
1.04484
1.04517
1.04582
1.04568
1.04465
1.04388
1.04379
1.04267
1.04197
1.0414
1.04267
1.04057
1.03897
1.03961
1.03819
1.03776
1.03819
1.03876
1.03727
1.03604
1.03758
1.03728
1.03698
1.03662
1.03645
1.03757
1.03758
1.03913
1.03819
1.0388
1.0376
1.0391
1.03868
1.0393
1.03981
1.04126
1.03937
1.04049
1.04026
1.03895
1.04018
1.04012
1.04115
1.04098
1.03976
1.03779
1.04007
1.03795
1.03647
1.03523
1.03578
1.03543
1.0379
1.03945
1.03774
1.03587
1.03483
1.03399
1.03565
1.03337
1.03173
1.03299
1.03338
1.03499
1.03501
1.03692
1.03586
1.03519
1.03451
1.03452
1.03399
1.03254
1.03168
1.03401
1.03457
1.03274
1.0322
1.0329
1.03509
1.03524
1.03577
1.03398
1.03279
1.03297
1.0322
1.03178
1.02992
1.02868
1.02945
1.02773
1.02886
1.03016
1.03034
1.0311
1.0319
1.03019
1.02854
1.02804
1.0305
1.03173
1.03098
1.03381
1.03491
1.03643
1.03645
1.03656
1.03617
1.0355
1.03609
1.03732
1.03643
1.03471
1.0345
1.03539
1.03588
1.03611
1.03561
1.03705
1.03668
1.03695
1.03651
1.03585
1.03679
1.03846
1.03816
1.03775
1.03782
1.03874
1.03842
1.03968
1.03964
1.03686
1.03706
1.03665
1.03778
1.03716
1.03736
1.03625
1.0335
1.03291
1.0317
1.0321
1.03244
1.03272
1.03409
1.03261
1.03173
1.03139
1.03177
1.03322
1.03326
1.03501
1.03662
1.03595
1.03499
1.03608
1.03599
1.03663
1.03657
1.03758
1.03665
1.03407
1.03402
1.03236
1.03135
1.03134
1.03042
1.02929
1.02986
1.03074
1.03071
1.0289
1.02722
1.02644
1.0262
1.02556
1.02503
1.02535
1.02566
1.0252
1.02399
1.02097
1.01962
1.01921
1.01733
1.01672
1.01795
1.01859
1.01723
1.01687
1.0154
1.01523
1.01489
1.01416
1.0139
1.01317
1.01368
1.0135
1.01243
1.01278
1.01031
1.01041
1.00774
1.00721
1.00685
1.00625
1.00526
1.0041
1.00387
1.00422
1.00343
1.00546
1.00379
1.00366
1.00132
1.0032
1.00485
1.00594
1.00651
1.0078
1.00715
1.00457
1.00526
1.00516
1.00607
1.00613
1.0062
1.00703
1.00697
1.00713
1.00555
1.00511
1.00675
1.00796
1.00799
1.00765
1.01111
1.01077
1.00999
1.01071
1.01285
1.01208
1.0112
1.01157
1.01335
1.01218
1.0123
1.01227
1.01225
1.01243
1.01107
1.00989
1.00708
1.00669
1.00634
1.00562
1.00679
1.00762
1.0069
1.00725
1.0064
1.00585
1.00625
1.00443
1.00411
1.00315
1.00469
1.00661
1.00615
1.00776
1.00917
1.01028
1.01126
1.01127
1.01155
1.01102
1.01101
1.01127
1.0095
1.0081
1.00678
1.00886
1.00942
1.01077
1.00988
1.00963
1.01176
1.01279
1.01222
1.01231
1.01122
1.01231
1.01
1.01294
1.01402
1.01441
1.01522
1.01478
1.01599
1.01653
1.01558
1.01608
1.01477
1.01691
1.01769
1.01818
1.01756
1.01885
1.01763
1.01938
1.0209
1.02199
1.02325
1.02334
1.02174
1.02295
1.02269
1.02298
1.02227
1.0225
1.02249
1.02225
1.02196
1.02073
1.02114
1.02084
1.02056
1.02003
1.02026
1.02232
1.02294
1.0253
1.02513
1.02703
1.02774
1.02912
1.02819
1.02783
1.02865
1.02847
1.03057
1.03163
1.03221
1.03388
1.03537
1.03652
1.0383
1.03842
1.03764
1.0383
1.03826
1.03784
1.03697
1.03796
1.03565
1.03435
1.03627
1.03579
1.03529
1.03824
1.03855
1.03783
1.03649
1.03591
1.03737
1.03583
1.03754
1.03662
1.03558
1.03541
1.03708
1.0353
1.03544
1.03632
1.03675
1.03618
1.03569
1.03632
1.0368
1.03655
1.03602
1.03507
1.03643
1.03841
1.03976
1.03635
1.03585
1.0347
1.03429
1.03618
1.03816
1.03701
1.03602
1.03477
1.0359
1.03848
1.04008
1.03872
1.03549
1.03442
1.03521
1.03467
1.03296
1.03255
1.03238
1.03082
1.03115
1.03201
1.03203
1.03276
1.03116
1.03224
1.0322
1.03111
1.03034
1.03072
1.03118
1.02964
1.02972
1.03091
1.03179
1.03063
1.02942
1.02853
1.02615
1.02763
1.0276
1.02625
1.02507
1.02454
1.02459
1.02263
1.02436
1.0252
1.02541
1.02617
1.02729
1.0272
1.02807
1.02751
1.02664
1.0243
1.02482
1.0254
1.02736
1.02484
1.02594
1.02638
1.02704
1.02607
1.02829
1.0275
1.02826
1.02968
1.02934
1.03039
1.03137
1.03007
1.02899
1.02837
1.02825
1.03012
1.02913
1.0277
1.02842
1.02785
1.02903
1.02898
1.02961
1.02947
1.03028
1.02965
1.02954
1.02961
1.03086
1.0317
1.03069
1.02965
1.03097
1.03117
1.03166
1.03184
1.03167
1.03343
1.03202
1.0314
1.0313
1.03267
1.03097
1.03299
1.03001
1.02995
1.02975
1.03048
1.0292
1.02945
1.02989
1.03111
1.03085
1.02794
1.02876
1.03087
1.03101
1.03171
1.03145
1.03174
1.0328
1.03254
1.03263
1.03271
1.03175
1.03145
1.02991
1.02892
1.02937
1.02999
1.03047
1.02897
1.03057
1.0303
1.03102
1.0298
1.02795
1.02789
1.02513
1.02599
1.0281
1.02711
1.02629
1.02634
1.02647
1.02746
1.02725
1.02585
1.02593
1.02781
1.02871
1.02736
1.02699
1.02824
1.02653
1.0243
1.02287
1.02286
1.02387
1.02335
1.02394
1.02321
1.02474
1.02327
1.02414
1.02627
1.02642
1.02734
1.02653
1.02476
1.02545
1.02548
1.02525
1.02345
1.02162
1.02139
1.02155
1.02235
1.02122
1.02019
1.02226
1.02208
1.02188
1.02118
1.02071
1.02092
1.02214
1.02083
1.0202
1.01958
1.02162
1.02236
1.0223
1.02334
1.02239
1.02423
1.02467
1.02398
1.02475
1.02292
1.02221
1.02255
1.02261
1.02248
1.0206
1.02071
1.02069
1.02073
1.02014
1.01989
1.02059
1.0202
1.02272
1.02245
1.02168
1.02204
1.02257
1.02447
1.02516
1.02638
1.02432
1.02524
1.02612
1.02426
1.02466
1.02487
1.02386
1.02594
1.0268
1.02773
1.02788
1.02479
1.02554
1.02637
1.02645
1.02592
1.02696
1.02705
1.02526
1.02373
1.02444
1.02399
1.02322
1.02334
1.02545
1.02499
1.02358
1.02451
1.02503
1.02524
1.02427
1.02295
1.02124
1.01986
1.01945
1.01969
1.01942
1.01702
1.01913
1.02214
1.02222
1.02315
1.02386
1.02501
1.02352
1.02278
1.0229
1.02201
1.02225
1.02262
1.02116
1.02045
1.01885
1.02169
1.02253
1.02217
1.02263
1.02252
1.02146
1.02124
1.0202
1.02075
1.02013
1.02013
1.02046
1.01812
1.01929
1.01844
1.0216
1.0213
1.01978
1.02045
1.02143
1.02108
1.01943
1.01923
1.01836
1.02019
1.01956
1.01815
1.0174
1.01711
1.01587
1.01688
1.01864
1.01779
1.01919
1.01847
1.02005
1.02117
1.02336
1.02562
1.02535
1.02473
1.02497
1.02344
1.02224
1.02249
1.02308
1.02418
1.02377
1.02264
1.02211
1.02237
1.02256
1.02383
1.02288
1.02265
1.02013
1.02159
1.01947
1.02052
1.02092
1.02224
1.02343
1.02359
1.02567
1.02438
1.02297
1.02575
1.02613
1.02743
1.02624
1.02602
1.02668
1.02439
1.02389
1.02465
1.02471
1.02528
1.02628
1.02746
1.02882
1.02735
1.02615
1.02632
1.02868
1.02823
1.02683
1.0265
1.02716
1.0279
1.02835
1.02873
1.02826
1.0297
1.02824
1.02822
1.02906
1.02798
1.02822
1.02917
1.02912
1.02984
1.02896
1.02968
1.02841
1.02719
1.02609
1.02258
1.02166
1.02063
1.02063
1.02124
1.02203
1.02179
1.02209
1.0211
1.0211
1.0213
1.02003
1.01882
1.01965
1.02071
1.02192
1.02188
1.02186
1.02195
1.02211
1.0235
1.0221
1.02213
1.02109
1.02203
1.02224
1.02308
1.02338
1.0227
1.02264
1.02196
1.02127
1.0196
1.01898
1.0184
1.01912
1.0183
1.01893
1.01892
1.01831
1.01963
1.01973
1.0212
1.01907
1.01954
1.01857
1.01633
1.01487
1.01631
1.01695
1.0171
1.01773
1.02038
1.02086
1.02079
1.01958
1.01886
1.01933
1.01839
1.01953
1.01856
1.02035
1.02133
1.02171
1.0224
1.02208
1.02365
1.02366
1.02434
1.02233
1.02295
1.02306
1.02263
1.02326
1.02434
1.02326
1.02393
1.02626
1.02545
1.02685
1.02758
1.02618
1.02778
1.02736
1.02564
1.02648
1.02575
1.02633
1.02918
1.02838
1.02814
1.02714
1.02761
1.02924
1.02879
1.02773
1.02833
1.02917
1.02855
1.03024
1.03125
1.03025
1.02862
1.02758
1.02651
1.02497
1.02615
1.02588
1.02747
1.02986
1.03234
1.03271
1.03382
1.03202
1.03306
1.03396
1.03445
1.03514
1.03653
1.03499
1.03532
1.03597
1.03548
1.03617
1.03803
1.03708
1.03665
1.0358
1.03479
1.03598
1.03534
1.03566
1.0365
1.03581
1.03681
1.03479
1.03539
1.03564
1.03639
1.03826
1.03636
1.03629
1.03445
1.03433
1.03427
1.03538
1.03573
1.03438
1.03138
1.03251
1.0321
1.03144
1.03261
1.03219
1.0328
1.03175
1.03244
1.03214
1.03191
1.03264
1.03108
1.031
1.03103
1.0306
1.0323
1.03207
1.03102
1.0306
1.03031
1.03055
1.03224
1.03461
1.03633
1.03678
1.03794
1.03786
1.03718
1.03709
1.03802
1.03599
1.03606
1.03749
1.03641
1.03602
1.03735
1.03954
1.0398
1.03766
1.03718
1.03352
1.03361
1.03153
1.02976
1.03077
1.03153
1.03068
1.03092
1.02786
1.02612
1.02582
1.02475
1.02506
1.02462
1.02552
1.0266
1.02531
1.02682
1.0254
1.02501
1.0246
1.02435
1.02389
1.02424
1.02267
1.02254
1.02221
1.02216
1.02231
1.0239
1.02403
1.02349
1.02349
1.02473
1.02431
1.02484
1.0251
1.02535
1.02537
1.02643
1.02662
1.02555
1.02701
1.02797
1.02952
1.02808
1.02818
1.02776
1.02812
1.02943
1.03032
1.03038
1.02978
1.02969
1.03132
1.02956
1.03046
1.03042
1.03076
1.03054
1.03008
1.02959
1.02717
1.02598
1.028
1.02827
1.0284
1.02867
1.02958
1.02992
1.02824
1.02908
1.02872
1.02985
1.03124
1.0312
1.03123
1.03287
1.03103
1.03122
1.03096
1.0315
1.03057
1.03187
1.03118
1.03182
1.03175
1.02991
1.03133
1.03229
1.03256
1.03343
1.03276
1.03342
1.03537
1.03487
1.03402
1.03486
1.03457
1.03535
1.03457
1.03667
1.03648
1.03443
1.03491
1.03634
1.03693
1.03678
1.03757
1.0356
1.03507
1.03483
1.03538
1.03611
1.03415
1.0351
1.03534
1.03471
1.03647
1.03556
1.03537
1.0353
1.03643
1.03626
1.03588
1.03445
1.03252
1.03272
1.03231
1.03219
1.03075
1.0318
1.03263
1.03247
1.03249
1.03499
1.0345
1.03377
1.03363
1.03411
1.03375
1.03358
1.03332
1.03203
1.03018
1.03087
1.03023
1.0321
1.03285
1.03403
1.03443
1.03434
1.03306
1.03187
1.03373
1.03397
1.03517
1.03548
1.03455
1.03569
1.03535
1.03563
1.03478
1.03396
1.03332
1.0328
1.03411
1.03412
1.03457
1.03679
1.0378
1.03743
1.03657
1.03522
1.03803
1.03548
1.03678
1.03634
1.03659
1.0367
1.03874
1.03878
1.03674
1.03897
1.03922
1.04086
1.04118
1.04197
1.04135
1.04245
1.04372
1.04158
1.04221
1.04265
1.04162
1.04387
1.04233
1.04539
1.04607
1.04587
1.04668
1.0452
1.04691
1.04623
1.0421
1.04181
1.04102
1.04244
1.04375
1.04332
1.04435
1.04394
1.04282
1.04256
1.04368
1.04264
1.04405
1.04496
1.04441
1.04595
1.04566
1.04554
1.04646
1.04347
1.04301
1.04296
1.0431
1.04181
1.04169
1.03953
1.03838
1.04048
1.03983
1.04044
1.03958
1.04114
1.04275
1.04237
1.04051
1.04217
1.04207
1.04159
1.04084
1.04069
1.03928
1.03917
1.04115
1.04247
1.04186
1.04361
1.04298
1.04341
1.04434
1.04369
1.0431
1.04265
1.04115
1.04157
1.04321
1.04481
1.04556
1.04417
1.04557
1.04466
1.04427
1.0439
1.04337
1.04549
1.04762
1.05036
1.05242
1.05252
1.05275
1.05201
1.05276
1.0543
1.05526
1.05401
1.05243
1.05305
1.05168
1.0513
1.05035
1.05046
1.05059
1.04793
1.04773
1.05116
1.05094
1.05178
1.05013
1.05076
1.05033
1.04918
1.04732
1.04646
1.04575
1.04688
1.04681
1.04695
1.046
1.04706
1.04737
1.04545
1.04378
1.0432
1.0409
1.04137
1.04207
1.04291
1.04229
1.04275
1.04515
1.04574
1.04547
1.0446
1.04555
1.04466
1.04467
1.04331
1.04515
1.04545
1.04612
1.04778
1.04881
1.04889
1.04901
1.04873
1.04707
1.04727
1.04652
1.04671
1.04468
1.04405
1.04503
1.04446
1.04401
1.04435
1.04297
1.04336
1.04474
1.04592
1.04818
1.0485
1.04892
1.05007
1.05081
1.0504
1.05008
1.05105
1.05085
1.04909
1.05113
1.05148
1.05138
1.05436
1.05426
1.05467
1.05514
1.05546
1.05401
1.05397
1.0527
1.05124
1.05164
1.05339
1.05133
1.04942
1.05034
1.05043
1.04887
1.04878
1.04798
1.04761
1.04619
1.04595
1.04423
1.04781
1.04622
1.04624
1.04605
1.04561
1.04705
1.04886
1.05009
1.05081
1.05093
1.04701
1.04634
1.04556
1.04636
1.04498
1.04628
1.04802
1.04893
1.04913
1.04921
1.04836
1.04955
1.0499
1.05038
1.04954
1.0496
1.0506
1.04972
1.0489
1.04786
1.04922
1.04906
1.04719
1.04686
1.0455
1.0467
1.04734
1.04598
1.04508
1.0422
1.04048
1.04043
1.03905
1.03885
1.03729
1.03769
1.03939
1.03928
1.04077
1.04183
1.04016
1.03971
1.04021
1.04001
1.03801
1.03555
1.03514
1.03528
1.03524
1.03616
1.03662
1.03438
1.03452
1.03462
1.035
1.0356
1.03647
1.03731
1.03604
1.03708
1.03787
1.03906
1.03991
1.03967
1.03959
1.04068
1.0386
1.0391
1.04018
1.04132
1.04042
1.0397
1.04038
1.04057
1.03946
1.03682
1.03791
1.03738
1.0381
1.03676
1.03718
1.03736
1.03813
1.03833
1.03863
1.03904
1.03794
1.03891
1.039
1.03794
1.03936
1.04094
1.04089
1.03999
1.0421
1.04017
1.03782
1.03692
1.03562
1.03308
1.03456
1.03396
1.03358
1.03236
1.03163
1.03127
1.03003
1.03105
1.03057
1.03048
1.03063
1.03065
1.03132
1.0316
1.03248
1.03352
1.03235
1.03334
1.03383
1.03371
1.03151
1.0299
1.03059
1.02907
1.03049
1.03055
1.02954
1.03002
1.02949
1.02864
1.03016
1.02966
1.02846
1.03037
1.03115
1.03138
1.03371
1.03635
1.03702
1.03645
1.03975
1.0393
1.03776
1.03788
1.03785
1.03792
1.0387
1.0376
1.03749
1.03557
1.03552
1.034
1.03577
1.03377
1.03376
1.03448
1.03552
1.0359
1.03745
1.03776
1.03839
1.03815
1.03909
1.038
1.04091
1.04011
1.03896
1.03874
1.0371
1.03821
1.03679
1.03457
1.03253
1.03085
1.03063
1.03032
1.03095
1.03281
1.03192
1.03142
1.03129
1.03076
1.02944
1.03064
1.03045
1.03021
1.02914
1.03019
1.02969
1.02901
1.02905
1.02787
1.03028
1.03153
1.03159
1.03233
1.03314
1.03546
1.0358
1.03539
1.03421
1.03329
1.03316
1.03396
1.03461
1.0347
1.03626
1.03743
1.03899
1.03906
1.03857
1.03832
1.03883
1.03744
1.03611
1.03676
1.03825
1.03795
1.03808
1.03792
1.03795
1.0391
1.03944
1.03982
1.03969
1.04126
1.04317
1.04076
1.04062
1.0397
1.04027
1.03911
1.03812
1.03805
1.0391
1.04161
1.04088
1.04021
1.04092
1.04224
1.04083
1.04177
1.04252
1.04309
1.042
1.04219
1.04084
1.04037
1.03738
1.03816
1.03706
1.03645
1.03461
1.03349
1.03528
1.0359
1.03515
1.03579
1.03612
1.03535
1.0361
1.03616
1.03589
1.03691
1.03579
1.03535
1.03702
1.03657
1.0363
1.03562
1.03456
1.03517
1.03402
1.03416
1.03406
1.03325
1.03375
1.0346
1.03427
1.03466
1.0333
1.03316
1.03321
1.03099
1.02873
1.03041
1.03178
1.03128
1.0315
1.03128
1.03083
1.03156
1.02994
1.03078
1.03152
1.03155
1.0292
1.02939
1.02842
1.02941
1.02896
1.0295
1.02889
1.02872
1.0299
1.03035
1.03076
1.03132
1.03122
1.03414
1.03501
1.0364
1.03597
1.03536
1.03546
1.03489
1.03273
1.03309
1.03452
1.03542
1.0335
1.03253
1.03248
1.03434
1.03516
1.03563
1.03776
1.03853
1.03787
1.0368
1.03861
1.03861
1.03862
1.03872
1.03791
1.03667
1.03753
1.03691
1.03583
1.03532
1.03572
1.03652
1.03771
1.03806
1.03547
1.03565
1.0356
1.03708
1.03863
1.04029
1.04128
1.04123
1.03745
1.03698
1.03723
1.03623
1.03632
1.03607
1.03642
1.03581
1.0352
1.03552
1.03671
1.03549
1.03529
1.03587
1.03639
1.03749
1.03798
1.03811
1.04002
1.04117
1.04182
1.04168
1.04074
1.04128
1.03849
1.03819
1.03855
1.03853
1.03853
1.03848
1.03764
1.03796
1.03615
1.03493
1.0361
1.03447
1.03522
1.03604
1.03406
1.03436
1.03407
1.03427
1.03288
1.03148
1.02938
1.02918
1.02877
1.02849
1.02817
1.02703
1.02765
1.02805
1.0287
1.0289
1.02854
1.02533
1.02553
1.02526
1.02475
1.02452
1.02441
1.02445
1.02494
1.0254
1.02627
1.02558
1.02532
1.02566
1.02609
1.02688
1.02501
1.02597
1.02524
1.02684
1.02752
1.02698
1.02611
1.02626
1.02543
1.02315
1.02361
1.02334
1.02317
1.02221
1.01999
1.01936
1.0197
1.01964
1.01926
1.0187
1.02089
1.01898
1.01841
1.02007
1.01997
1.02017
1.0187
1.02117
1.02193
1.02285
1.02261
1.02451
1.02594
1.02653
1.02635
1.0254
1.02503
1.02372
1.02322
1.02372
1.02622
1.02696
1.02474
1.02302
1.02346
1.0233
1.02275
1.02355
1.02193
1.02183
1.02155
1.0203
1.02167
1.02182
1.02136
1.02222
1.02359
1.02395
1.02496
1.02616
1.0258
1.026
1.02586
1.02721
1.02915
1.03018
1.03137
1.02905
1.02722
1.02716
1.02429
1.02391
1.02297
1.02311
1.02371
1.02335
1.02498
1.02546
1.02401
1.02164
1.02199
1.02224
1.0201
1.01951
1.01766
1.01586
1.01576
1.01525
1.01719
1.01445
1.01463
1.01383
1.0153
1.01605
1.0163
1.01632
1.01626
1.0152
1.01498
1.01536
1.01548
1.0148
1.01609
1.01657
1.0174
1.01591
1.01664
1.01455
1.0125
1.0115
1.01374
1.01299
1.01301
1.01228
1.01434
1.0134
1.01358
1.01541
1.01526
1.01687
1.01905
1.01851
1.01683
1.01618
1.01723
1.01489
1.01458
1.01246
1.01211
1.01188
1.01067
1.01016
1.00886
1.01014
1.00989
1.01062
1.01226
1.01249
1.01254
1.01312
1.01188
1.01223
1.00893
1.01027
1.00922
1.00862
1.00748
1.00577
1.00724
1.00822
1.00803
1.00867
1.00908
1.0094
1.01027
1.00889
1.00794
1.00712
1.0073
1.00857
1.00734
1.0063
1.00616
1.00873
1.01009
1.01091
1.00938
1.00826
1.00652
1.00862
1.00737
1.00975
1.0091
1.01026
1.00922
1.01006
1.00994
1.0092
1.00745
1.00624
1.00487
1.00398
1.00396
1.00336
1.00409
1.0049
1.0056
1.00615
1.00655
1.0069
1.00617
1.00689
1.00802
1.00744
1.00771
1.00758
1.00789
1.00764
1.00697
1.00675
1.00431
1.00515
1.00605
1.00643
1.00545
1.00562
1.00527
1.00514
1.00562
1.0031
1.00309
1.00462
1.00442
1.00314
1.00411
1.00443
1.00258
1.00108
1.00098
1.00098
0.999717
1.00184
1.00215
1.00311
1.00355
1.00297
1.0049
1.00691
1.00685
1.00911
1.01009
1.01041
1.0092
1.00961
1.00917
1.00944
1.00888
1.00847
1.00906
1.01084
1.01041
1.01146
1.01142
1.01119
1.01005
1.011
1.01164
1.01246
1.01342
1.01358
1.01503
1.01462
1.0139
1.01575
1.01571
1.01582
1.01451
1.01579
1.01565
1.01354
1.01452
1.01549
1.01642
1.01455
1.01577
1.01566
1.01394
1.01351
1.01393
1.01611
1.01533
1.01481
1.01373
1.01425
1.01457
1.01457
1.01293
1.01284
1.01364
1.01532
1.01548
1.01567
1.01556
1.01638
1.01366
1.01392
1.0126
1.01142
1.01117
1.01276
1.01222
1.01305
1.01373
1.01541
1.01776
1.01902
1.01967
1.01986
1.02015
1.022
1.02125
1.02025
1.01862
1.01905
1.01848
1.01904
1.02063
1.02133
1.02306
1.02584
1.02526
1.02466
1.02426
1.02623
1.02667
1.02615
1.02716
1.02733
1.02603
1.02602
1.02717
1.02897
1.02905
1.02872
1.02799
1.02743
1.02697
1.02568
1.02475
1.0259
1.02528
1.02616
1.02705
1.02622
1.02716
1.02686
1.02603
1.02452
1.02346
1.0218
1.02079
1.01922
1.0186
1.01923
1.01984
1.01925
1.01934
1.01867
1.01816
1.01704
1.01434
1.0153
1.01422
1.01284
1.01315
1.01285
1.01526
1.01604
1.01688
1.01899
1.01893
1.01897
1.01827
1.01849
1.01876
1.01908
1.01972
1.02086
1.02038
1.01999
1.02016
1.02006
1.01987
1.02071
1.01818
1.01625
1.01726
1.0187
1.01854
1.01785
1.0186
1.02038
1.01897
1.01868
1.01803
1.01805
1.01869
1.01923
1.01894
1.01689
1.01699
1.01743
1.01594
1.0154
1.01472
1.01329
1.01263
1.01244
1.01299
1.01412
1.01359
1.01322
1.01479
1.01323
1.01193
1.01287
1.01391
1.01343
1.01346
1.01382
1.01375
1.01413
1.0134
1.01246
1.01215
1.01068
1.0122
1.01317
1.01331
1.01319
1.01425
1.01552
1.01679
1.01693
1.01521
1.01441
1.01522
1.01292
1.01032
1.00945
1.00973
1.00846
1.00943
1.00882
1.00742
1.00788
1.00588
1.00519
1.00407
1.00455
1.00647
1.00706
1.00712
1.00685
1.00712
1.00642
1.0065
1.00633
1.00669
1.00493
1.00344
1.00429
1.00494
1.00405
1.00149
1.00426
1.00238
1.00244
1.00506
1.00383
1.0033
1.003
1.00367
1.00452
1.00393
1.00239
1.00263
1.00146
1.00149
1.00284
1.00351
1.00333
1.00394
1.00282
1.004
1.00447
1.0032
1.00424
1.00327
1.00173
1.0011
1.00077
1.00043
1.00142
1.00234
1.00269
1.00212
1.00162
1.00495
1.00491
1.00469
1.00406
1.00434
1.00468
1.00387
1.00425
1.00435
1.00516
1.00293
1.00383
1.00315
1.00417
1.00429
1.00305
1.00254
1.00247
1.00241
1.00187
1.00163
1.00216
1.0009
0.999251
0.99863
1.00045
1.00045
0.999483
0.999316
0.998461
0.998768
0.998775
0.999148
0.997898
0.995856
0.994999
0.995102
0.996962
0.996381
0.996356
0.995077
0.996617
0.99537
0.99472
0.993992
0.993943
0.994701
0.993903
0.994688
0.994464
0.996076
0.997518
0.997875
0.999913
0.99949
1.0012
0.999978
1.0007
1.00326
1.00437
1.00479
1.00497
1.00615
1.00668
1.00676
1.00725
1.00814
1.00776
1.00675
1.00637
1.00656
1.00674
1.00834
1.00835
1.00979
1.00991
1.01114
1.0098
1.00869
1.00766
1.00959
1.01142
1.01245
1.01266
1.01339
1.01285
1.01371
1.01203
1.01181
1.01474
1.0142
1.01409
1.01382
1.01431
1.01463
1.01658
1.01688
1.01538
1.01483
1.014
1.01399
1.01343
1.01254
1.01325
1.01319
1.01249
1.01092
1.00944
1.00838
1.0094
1.01075
1.01145
1.01035
1.01148
1.01297
1.01313
1.01248
1.0138
1.0134
1.01229
1.01067
1.00928
1.01137
1.01232
1.01409
1.01272
1.01288
1.01171
1.01141
1.01013
1.01154
1.01157
1.01153
1.01174
1.01152
1.01122
1.01253
1.0119
1.01356
1.01183
1.01338
1.01445
1.017
1.01725
1.01829
1.01844
1.01919
1.01967
1.01817
1.0175
1.01905
1.02038
1.02055
1.01961
1.01885
1.0178
1.01696
1.01763
1.01726
1.01835
1.01968
1.0194
1.01783
1.0192
1.01539
1.01315
1.01346
1.0164
1.01619
1.01767
1.01485
1.01541
1.01519
1.01538
1.01523
1.01566
1.01651
1.01789
1.01903
1.01899
1.01937
1.01707
1.01677
1.01675
1.01485
1.01466
1.01518
1.0144
1.01485
1.01616
1.01538
1.017
1.01794
1.01731
1.01785
1.01654
1.0166
1.01599
1.0145
1.01458
1.01485
1.0154
1.01579
1.01516
1.01505
1.01485
1.0133
1.01502
1.01587
1.01494
1.01454
1.014
1.01392
1.01503
1.01477
1.01468
1.01722
1.01704
1.01578
1.01484
1.01482
1.01668
1.01691
1.01468
1.0127
1.01243
1.01459
1.01612
1.0159
1.016
1.0153
1.01606
1.01622
1.01581
1.01487
1.01509
1.01544
1.01644
1.01834
1.01811
1.01777
1.01852
1.01784
1.01887
1.01748
1.01754
1.01737
1.01755
1.01701
1.01772
1.02053
1.02038
1.02123
1.02249
1.0227
1.02231
1.02232
1.02316
1.02307
1.02288
1.02277
1.02297
1.02181
1.01981
1.01935
1.02102
1.02261
1.0235
1.02292
1.02187
1.02319
1.02345
1.02351
1.02151
1.02176
1.0225
1.02177
1.02308
1.02158
1.02163
1.02071
1.02141
1.01941
1.0193
1.0188
1.01859
1.01862
1.02027
1.01934
1.01996
1.01789
1.01951
1.01865
1.01797
1.01885
1.01885
1.01799
1.01782
1.01591
1.0128
1.01315
1.01299
1.01215
1.01337
1.01246
1.01367
1.01289
1.0142
1.01488
1.01583
1.01671
1.01546
1.01466
1.01384
1.01347
1.01486
1.01491
1.01446
1.0129
1.01179
1.01154
1.01279
1.01277
1.01377
1.01458
1.01466
1.01374
1.0146
1.01485
1.01525
1.01599
1.01349
1.01247
1.01315
1.01234
1.01211
1.0121
1.0111
1.01023
1.01289
1.01425
1.01365
1.01426
1.01455
1.01676
1.0193
1.01884
1.01871
1.01725
1.0176
1.01965
1.01903
1.01811
1.01994
1.01936
1.01803
1.01696
1.01741
1.01759
1.01953
1.01917
1.01972
1.021
1.02008
1.0184
1.01999
1.02023
1.0199
1.02081
1.02093
1.02093
1.02098
1.02231
1.02061
1.02096
1.02246
1.02341
1.0242
1.0257
1.02558
1.02571
1.02566
1.0284
1.02777
1.02765
1.02859
1.02823
1.02906
1.02894
1.02707
1.02524
1.02454
1.02421
1.02403
1.02484
1.02429
1.02582
1.02698
1.02663
1.02733
1.0261
1.02701
1.02722
1.02927
1.03024
1.03004
1.02964
1.02806
1.02831
1.02778
1.02729
1.02811
1.02761
1.02647
1.02717
1.02637
1.02927
1.03016
1.02838
1.02772
1.02574
1.02496
1.02464
1.02406
1.02454
1.02457
1.02389
1.02307
1.02344
1.0247
1.02626
1.0273
1.02606
1.02307
1.0228
1.02359
1.02241
1.02067
1.02059
1.01875
1.01861
1.01916
1.02235
1.02224
1.02142
1.02218
1.02203
1.02182
1.0214
1.0208
1.02192
1.02244
1.02108
1.02027
1.02014
1.02079
1.02256
1.02065
1.01903
1.01731
1.0175
1.01807
1.0214
1.0216
1.0214
1.02202
1.02322
1.02341
1.02204
1.02383
1.02067
1.02145
1.01936
1.01885
1.01997
1.02127
1.02111
1.02215
1.02376
1.02431
1.02334
1.02456
1.02411
1.02475
1.02576
1.02487
1.0269
1.02643
1.02641
1.02577
1.02674
1.02579
1.02545
1.02593
1.02499
1.02545
1.02651
1.0256
1.02558
1.02435
1.02203
1.02264
1.02257
1.02143
1.02233
1.02304
1.02421
1.022
1.02263
1.02277
1.02207
1.0212
1.01995
1.02138
1.01897
1.01954
1.01922
1.01855
1.01999
1.01924
1.01888
1.01936
1.0194
1.01956
1.0218
1.01936
1.01897
1.01966
1.02088
1.02286
1.0243
1.02347
1.02351
1.02297
1.02334
1.02361
1.02209
1.02012
1.01879
1.01756
1.01671
1.0181
1.01745
1.0175
1.01667
1.0188
1.0176
1.01706
1.01747
1.01909
1.01819
1.01712
1.01628
1.01728
1.01702
1.01783
1.01858
1.02084
1.02034
1.01898
1.01906
1.01761
1.01755
1.01717
1.01943
1.01838
1.01668
1.01667
1.01561
1.0153
1.01618
1.01588
1.01735
1.01717
1.01745
1.01765
1.01761
1.0206
1.02117
1.01992
1.02092
1.02333
1.02485
1.02398
1.02334
1.02304
1.02451
1.02574
1.02453
1.02368
1.02332
1.02184
1.02326
1.02331
1.02272
1.02214
1.02521
1.02542
1.02445
1.0237
1.02227
1.02336
1.02332
1.02241
1.02307
1.02292
1.02436
1.02447
1.02541
1.02668
1.02754
1.02752
1.02741
1.02624
1.02712
1.02648
1.02635
1.02577
1.02775
1.02605
1.02525
1.02359
1.02266
1.02247
1.02396
1.02402
1.02334
1.02136
1.02267
1.02237
1.02211
1.02237
1.02112
1.02243
1.02293
1.02193
1.02341
1.02319
1.02495
1.02311
1.02326
1.02187
1.02352
1.0222
1.02386
1.0233
1.02408
1.02448
1.02449
1.02353
1.02219
1.02325
1.02472
1.02412
1.02374
1.02455
1.02373
1.02473
1.02523
1.02651
1.02788
1.0277
1.02721
1.02727
1.02818
1.02675
1.02863
1.02966
1.03157
1.0315
1.03117
1.03082
1.03054
1.03
1.0305
1.03078
1.03027
1.03074
1.02864
1.02935
1.03031
1.03048
1.03133
1.03214
1.03195
1.03101
1.03212
1.03293
1.03203
1.02985
1.03005
1.03097
1.02867
1.02982
1.0319
1.03159
1.02971
1.02981
1.02984
1.03034
1.03168
1.03083
1.029
1.02966
1.02869
1.02978
1.02954
1.02869
1.03042
1.0319
1.03154
1.0311
1.03106
1.03161
1.03182
1.03197
1.03203
1.03161
1.02938
1.02759
1.0271
1.02705
1.02548
1.02496
1.02515
1.02656
1.02713
1.02821
1.02881
1.02995
1.03034
1.03193
1.03265
1.03266
1.03198
1.03352
1.03277
1.03541
1.03458
1.03576
1.03578
1.03701
1.03834
1.03973
1.03926
1.03876
1.03992
1.04045
1.0382
1.03758
1.03747
1.03749
1.03765
1.03682
1.03739
1.0369
1.0358
1.03507
1.03472
1.03139
1.02964
1.03072
1.03111
1.03149
1.03116
1.0301
1.02902
1.02811
1.02921
1.03033
1.03035
1.02914
1.02938
1.02974
1.02995
1.0329
1.03413
1.03321
1.02956
1.02835
1.02844
1.03008
1.03035
1.03075
1.03032
1.03018
1.02864
1.0274
1.03016
1.03136
1.03198
1.03274
1.03233
1.03224
1.03089
1.03184
1.03121
1.02997
1.03097
1.03162
1.03062
1.0301
1.02941
1.02861
1.02869
1.02891
1.02843
1.02963
1.03061
1.02696
1.02751
1.02698
1.02731
1.02624
1.02448
1.02475
1.02332
1.02288
1.02253
1.02327
1.02239
1.02142
1.0203
1.02167
1.02094
1.01901
1.01904
1.01713
1.01757
1.01687
1.01602
1.01666
1.01635
1.01486
1.01604
1.01617
1.01692
1.01778
1.01797
1.01895
1.0201
1.01985
1.01972
1.01903
1.01887
1.0199
1.0208
1.02336
1.02276
1.02127
1.02326
1.02341
1.0261
1.02647
1.02593
1.02548
1.02671
1.02822
1.02863
1.02802
1.02726
1.02703
1.02798
1.02655
1.02778
1.02658
1.02611
1.02455
1.02564
1.0247
1.02412
1.02443
1.02263
1.02185
1.0228
1.02124
1.02032
1.02045
1.01855
1.02021
1.02068
1.02086
1.02086
1.02286
1.02307
1.02218
1.02049
1.01968
1.02067
1.01938
1.01902
1.01958
1.01896
1.0191
1.0208
1.02173
1.02048
1.01969
1.01943
1.01805
1.01925
1.02014
1.02066
1.02169
1.02215
1.0225
1.02287
1.02359
1.02321
1.02184
1.02117
1.02308
1.0232
1.02217
1.02224
1.0221
1.0227
1.02111
1.02088
1.02018
1.02082
1.02148
1.02176
1.02132
1.02175
1.02242
1.02388
1.02397
1.02562
1.0252
1.02602
1.02656
1.0256
1.02462
1.02612
1.02847
1.0286
1.031
1.02955
1.03089
1.03254
1.03243
1.03285
1.03252
1.03187
1.0315
1.02989
1.02993
1.03222
1.03041
1.03156
1.03325
1.03175
1.03195
1.03083
1.03147
1.03287
1.03264
1.03369
1.03259
1.0327
1.03166
1.03009
1.02935
1.0286
1.02845
1.02919
1.02786
1.02727
1.02515
1.02379
1.02159
1.02117
1.02176
1.02138
1.02027
1.02072
1.02057
1.02069
1.02124
1.02123
1.01986
1.01871
1.01998
1.01973
1.01865
1.01613
1.0147
1.01489
1.01316
1.01541
1.01626
1.01605
1.01819
1.01934
1.01882
1.01918
1.01774
1.01841
1.01996
1.02029
1.02057
1.02099
1.02203
1.02056
1.02171
1.02036
1.02027
1.01866
1.01901
1.02094
1.02161
1.0219
1.02136
1.02194
1.02399
1.02313
1.02291
1.02218
1.02245
1.02262
1.024
1.02342
1.02299
1.02271
1.02257
1.02295
1.02347
1.02337
1.02262
1.02281
1.02234
1.0206
1.02154
1.02263
1.0205
1.02011
1.02098
1.01911
1.0202
1.01992
1.02118
1.02276
1.02262
1.02189
1.02439
1.0235
1.0234
1.02508
1.02522
1.02637
1.026
1.02529
1.02488
1.02406
1.02465
1.02329
1.0248
1.02702
1.02518
1.02569
1.02713
1.02914
1.0281
1.03058
1.03059
1.03056
1.0323
1.03255
1.03326
1.03432
1.03427
1.03634
1.03425
1.03357
1.03397
1.03284
1.03407
1.03488
1.03475
1.03576
1.03532
1.03507
