-0.185677
-0.176919
-0.168479
-0.157997
-0.148705
-0.139161
-0.132387
-0.12699
-0.119587
-0.11147
-0.102299
-0.0942733
-0.0878228
-0.0806679
-0.07255
-0.0637142
-0.0565785
-0.0495977
-0.0418962
-0.0350517
-0.0284411
-0.0201614
-0.0131032
-0.0059996
0.000309996
0.00697348
0.0143637
0.021683
0.0280045
0.035005
0.0438854
0.0507051
0.0574142
0.0642239
0.0681268
0.0757161
0.082525
0.0890619
0.0966745
0.105262
0.111448
0.119466
0.128156
0.133784
0.139495
0.148381
0.153669
0.16206
0.169975
0.175745
0.181561
0.18919
0.194952
0.200945
0.207904
0.214508
0.220527
0.228016
0.233859
0.240539
0.244408
0.249842
0.255922
0.261467
0.266426
0.270354
0.277939
0.28393
0.291196
0.297416
0.302078
0.308975
0.313269
0.319445
0.323704
0.328788
0.335721
0.3413
0.35034
0.35749
0.364538
0.370243
0.373866
0.379107
0.384462
0.386449
0.390485
0.392653
0.396188
0.400342
0.404046
0.408917
0.413068
0.415675
0.419127
0.423686
0.429585
0.436303
0.440877
0.445502
0.451401
0.45642
0.460165
0.464998
0.471647
0.478409
0.482127
0.485376
0.487966
0.490411
0.494038
0.499859
0.502294
0.505052
0.508867
0.513045
0.519757
0.524065
0.528368
0.531343
0.53721
0.540552
0.546568
0.550765
0.553258
0.557267
0.56051
0.56521
0.570366
0.574867
0.577922
0.58211
0.584834
0.587658
0.59201
0.595655
0.598504
0.602458
0.605249
0.608626
0.612534
0.619177
0.621627
0.62408
0.629385
0.634356
0.637899
0.640919
0.643803
0.644004
0.645935
0.648976
0.651971
0.654836
0.657981
0.661793
0.663953
0.666831
0.669571
0.672498
0.677011
0.678255
0.682263
0.683824
0.687369
0.690547
0.693659
0.697264
0.699725
0.702661
0.706537
0.708683
0.710513
0.711586
0.715353
0.717562
0.719023
0.723113
0.723686
0.727631
0.730226
0.733218
0.738362
0.742525
0.744697
0.746501
0.747224
0.748698
0.750999
0.75238
0.756236
0.758332
0.760058
0.761457
0.764391
0.769127
0.772439
0.7743
0.776928
0.778916
0.780678
0.782943
0.785764
0.788007
0.789981
0.791569
0.791934
0.794825
0.797736
0.797795
0.799032
0.800224
0.803179
0.806766
0.809698
0.812925
0.814109
0.816842
0.819786
0.822633
0.824194
0.826445
0.829507
0.829594
0.833442
0.833537
0.83387
0.835443
0.834991
0.836669
0.835501
0.837715
0.839245
0.841428
0.843082
0.84503
0.846016
0.847611
0.850071
0.851961
0.854214
0.855118
0.856783
0.859907
0.858364
0.858558
0.85828
0.861217
0.862122
0.863335
0.864177
0.868986
0.868279
0.870335
0.871424
0.87415
0.87772
0.877775
0.87828
0.881189
0.882536
0.882595
0.885398
0.886409
0.887425
0.888503
0.889701
0.891522
0.893153
0.893914
0.894657
0.897699
0.897725
0.899578
0.900915
0.90371
0.904732
0.905915
0.906259
0.908243
0.908748
0.91068
0.912611
0.912775
0.916354
0.917978
0.920447
0.922309
0.923583
0.926145
0.92926
0.930842
0.931816
0.933045
0.933428
0.935497
0.936025
0.938115
0.938421
0.938258
0.938195
0.939306
0.941343
0.942213
0.941438
0.943265
0.944264
0.945556
0.947905
0.950533
0.950825
0.95008
0.950332
0.952527
0.953589
0.954763
0.954689
0.956969
0.961231
0.962298
0.963964
0.964431
0.962098
0.964131
0.963874
0.963497
0.962753
0.964224
0.963916
0.965394
0.966239
0.965299
0.965353
0.965842
0.967043
0.968277
0.968035
0.969334
0.969942
0.970813
0.971695
0.974165
0.973021
0.973768
0.974401
0.972404
0.97191
0.972867
0.972286
0.973071
0.973986
0.973975
0.977372
0.978827
0.978483
0.97777
0.976906
0.978804
0.982101
0.982543
0.984427
0.985658
0.987853
0.990066
0.99031
0.991636
0.99216
0.992328
0.994407
0.994862
0.995688
0.995458
0.997409
0.997663
0.998379
0.999562
0.998239
0.999935
0.999418
0.999724
1.00115
1.00051
1.00039
0.999694
1.00016
1.00082
1.00143
1.00374
1.00439
1.00469
1.00589
1.00687
1.00925
1.0068
1.00844
1.00837
1.01127
1.01089
1.01211
1.00974
1.00719
1.00784
1.00708
1.00828
1.00871
1.00887
1.00711
1.00529
1.0053
1.00522
1.00589
1.00628
1.00611
1.00647
1.00803
1.00923
1.01111
1.01043
1.0124
1.01243
1.01245
1.0114
1.01148
1.01258
1.01249
1.01225
1.01282
1.01236
1.01297
1.01305
1.01394
1.01465
1.01601
1.01661
1.01683
1.01669
1.01811
1.01845
1.01726
1.01708
1.01677
1.01605
1.01497
1.01469
1.01481
1.0158
1.01704
1.01485
1.0142
1.01354
1.01384
1.01488
1.01404
1.0163
1.01768
1.01969
1.0185
1.01889
1.01864
1.01752
1.01931
1.01826
1.02112
1.01959
1.02032
1.01901
1.01672
1.01576
1.01502
1.01354
1.01635
1.0153
1.01645
1.01676
1.01799
1.01873
1.01792
1.01584
1.01447
1.01527
1.0137
1.01431
1.01382
1.01382
1.01481
1.0146
1.01377
1.01306
1.01311
1.01239
1.01131
1.01027
1.00896
1.01021
1.00871
1.00923
1.00947
1.01084
1.01082
1.01175
1.01201
1.0118
1.01175
1.0111
1.01182
1.01008
1.00993
1.01282
1.01285
1.01143
1.01213
1.01146
1.01109
1.01128
1.01184
1.01051
1.01069
1.0094
1.00906
1.00834
1.00667
1.00556
1.00616
1.00684
1.00555
1.00416
1.00379
1.00289
1.00356
1.00453
1.00467
1.00296
1.00506
1.00545
1.00654
1.00478
1.00334
1.00368
1.00357
1.00456
1.00648
1.00497
1.0064
1.00659
1.00648
1.00511
1.00677
1.00874
1.01063
1.0102
1.01034
1.00877
1.0076
1.00706
1.00937
1.0084
1.00692
1.00625
1.00525
1.00424
1.00414
1.00461
1.00613
1.00445
1.00528
1.00518
1.00621
1.00476
1.00462
1.00439
1.00278
1.00236
1.00268
1.00184
1.00245
1.00258
1.00224
1.00154
1.00122
1.00126
0.99987
0.998836
0.998641
0.99798
0.996898
0.997156
0.999493
0.998354
0.998411
1.00116
1.00141
1.00105
0.9997
0.998317
0.996984
0.995376
0.994827
0.993681
0.992892
0.993788
0.991976
0.991362
0.989823
0.988633
0.989528
0.990066
0.99148
0.990558
0.988684
0.985837
0.982993
0.982169
0.982766
0.981977
0.982728
0.982311
0.983293
0.982138
0.982276
0.982902
0.984554
0.984091
0.983961
0.984076
0.983986
0.983871
0.983665
0.981274
0.979108
0.980282
0.980653
0.981869
0.981755
0.979671
0.978377
0.979983
0.981352
0.981061
0.982279
0.979977
0.979686
0.977214
0.977369
0.976993
0.977693
0.978099
0.97883
0.978775
0.977938
0.978185
0.978051
0.97881
0.978891
0.977348
0.978151
0.978642
0.979452
0.978735
0.980578
0.980295
0.978724
0.978022
0.975142
0.971867
0.974
0.973728
0.974731
0.973595
0.972279
0.972273
0.971836
0.972042
0.973721
0.972142
0.970431
0.97255
0.972212
0.972025
0.970408
0.970909
0.970918
0.96961
0.970604
0.969949
0.969564
0.96874
0.970023
0.967789
0.967083
0.967846
0.965852
0.966027
0.966617
0.968468
0.966974
0.966765
0.966273
0.965232
0.965969
0.966074
0.96538
0.96647
0.967612
0.966316
0.967372
0.967478
0.965214
0.963976
0.965092
0.964587
0.963903
0.963409
0.964339
0.962425
0.962852
0.961231
0.960052
0.9623
0.961355
0.961258
0.959745
0.959155
0.960168
0.960217
0.958838
0.958166
0.957295
0.959391
0.962677
0.960978
0.961299
0.963076
0.962122
0.96328
0.963671
0.964378
0.961839
0.96256
0.962048
0.963042
0.965308
0.96598
0.964144
0.963754
0.963235
0.963082
0.962041
0.962384
0.962142
0.961376
0.963041
0.964723
0.964801
0.964584
0.966317
0.965491
0.964844
0.964862
0.964077
0.965249
0.965928
0.966157
0.969006
0.968174
0.967948
0.968431
0.966978
0.966858
0.967526
0.967157
0.96728
0.96692
0.9678
0.969028
0.970127
0.972032
0.972445
0.972822
0.972299
0.97405
0.973785
0.975274
0.974718
0.975964
0.976873
0.976303
0.976751
0.976801
0.976779
0.975579
0.976489
0.975337
0.976722
0.975656
0.977342
0.976858
0.97737
0.975325
0.976594
0.978257
0.978646
0.979142
0.979304
0.979744
0.978093
0.97772
0.978536
0.980391
0.980997
0.979577
0.979321
0.980502
0.982079
0.98192
0.984325
0.984913
0.985908
0.986074
0.985979
0.986465
0.988108
0.988265
0.989309
0.991109
0.988901
0.989828
0.989766
0.990911
0.993064
0.993188
0.992773
0.99301
0.99388
0.992271
0.99248
0.993628
0.994076
0.992949
0.993392
0.994577
0.993974
0.995452
0.994947
0.995222
0.99456
0.994735
0.994737
0.994364
0.994778
0.993734
0.991982
0.993986
0.994784
0.994678
0.995751
0.996806
0.995833
0.996565
0.995272
0.995175
0.995302
0.994503
0.99618
0.99619
0.9951
0.994449
0.995361
0.993042
0.992162
0.993674
0.995129
0.995224
0.994882
0.994718
0.992936
0.9931
0.994333
0.994778
0.995619
0.995678
0.996633
0.996728
0.996286
0.997868
0.99769
0.995415
0.994802
0.995284
0.994957
0.996308
0.996275
0.996872
0.997985
1.00012
1.0016
1.00179
1.00287
1.00379
1.00428
1.00441
1.0041
1.00427
1.00243
1.00074
0.999067
0.998235
0.998464
0.999148
0.997965
0.99747
0.997344
0.996434
0.997412
0.998121
1.00074
1.00221
1.00199
1.00149
1.00272
1.00099
1.00043
0.99998
1.00103
1.00235
1.00223
1.00233
1.00441
1.00512
1.00485
1.00325
1.00382
1.00594
1.00603
1.00658
1.00753
1.00805
1.00717
1.00944
1.01025
1.00916
1.00755
1.0087
1.0108
1.01242
1.01291
1.01496
1.01499
1.01697
1.01776
1.01623
1.01604
1.01485
1.01415
1.01466
1.01626
1.01753
1.01777
1.01703
1.01791
1.01953
1.02063
1.01994
1.01865
1.01814
1.01553
1.01625
1.01798
1.01885
1.01806
1.01747
1.01751
1.01735
1.01703
1.01776
1.0163
1.01637
1.01579
1.01342
1.01432
1.0156
1.01551
1.01764
1.0181
1.01852
1.01819
1.01881
1.02028
1.01985
1.01883
1.01743
1.01956
1.01993
1.0197
1.01979
1.02055
1.02197
1.02285
1.02218
1.02391
1.02432
1.02374
1.02275
1.02201
1.02229
1.02263
1.02184
1.02159
1.0234
1.02308
1.02296
1.0233
1.02351
1.02424
1.02364
1.02579
1.02787
1.02754
1.02813
1.02887
1.03002
1.02982
1.028
1.029
1.02792
1.02704
1.02696
1.02772
1.0288
1.0289
1.02869
1.0283
1.02696
1.02553
1.02801
1.0289
1.02816
1.02892
1.02831
1.02828
1.0257
1.02479
1.02503
1.02417
1.02412
1.02555
1.02467
1.02338
1.02249
1.02283
1.0224
1.02179
1.02134
1.02314
1.02424
1.02427
1.02396
1.02329
1.02344
1.02332
1.02528
1.0238
1.02351
1.02304
1.0253
1.02729
1.02665
1.02772
1.02942
1.02937
1.02895
1.02922
1.03013
1.03099
1.03177
1.03167
1.03058
1.03046
1.03046
1.03025
1.03111
1.03167
1.02987
1.03099
1.03213
1.03224
1.03059
1.03041
1.03235
1.03091
1.03172
1.03235
1.03304
1.0362
1.03588
1.03616
1.03703
1.03659
1.03814
1.03714
1.03778
1.03963
1.04151
1.04121
1.04123
1.04101
1.04278
1.04308
1.04334
1.0454
1.04632
1.04524
1.04686
1.04905
1.05051
1.05167
1.05147
1.04964
1.04984
1.04938
1.04967
1.05119
1.0516
1.05226
1.05177
1.05062
1.05048
1.05128
1.04991
1.05108
1.05119
1.05125
1.05167
1.05063
1.05209
1.05145
1.05012
1.04956
1.04961
1.05081
1.05009
1.04772
1.04713
1.04617
1.0449
1.04359
1.04299
1.04374
1.04267
1.04282
1.04438
1.04492
1.04467
1.04519
1.04604
1.04523
1.04543
1.04662
1.04785
1.04687
1.04831
1.04854
1.04672
1.04606
1.04786
1.04895
1.05078
1.05129
1.05044
1.05127
1.0512
1.04986
1.04882
1.04777
1.04803
1.04666
1.04546
1.04769
1.04615
1.04631
1.0464
1.04697
1.04795
1.04798
1.04758
1.04838
1.0503
1.04917
1.04883
1.04838
1.04899
1.04823
1.0475
1.04759
1.04666
1.04536
1.04504
1.04445
1.04503
1.04666
1.04541
1.0476
1.05011
1.04847
1.04868
1.04933
1.04745
1.04789
1.04809
1.04888
1.0488
1.04655
1.04534
1.04461
1.04649
1.04554
1.04689
1.04821
1.04819
1.04887
1.0493
1.04957
1.04997
1.04875
1.04761
1.04818
1.04769
1.04716
1.04628
1.04586
1.04631
1.04689
1.0461
1.04583
1.04573
1.04582
1.04455
1.0437
1.04321
1.04077
1.0409
1.0399
1.03853
1.03843
1.03861
1.03943
1.03926
1.04093
1.04059
1.03967
1.03998
1.04088
1.04016
1.04068
1.03986
1.03995
1.0402
1.04015
1.04121
1.04098
1.04141
1.03987
1.03755
1.03868
1.03746
1.03771
1.0391
1.03871
1.04125
1.04155
1.03899
1.03899
1.03871
1.04191
1.04145
1.04148
1.04053
1.03889
1.0362
1.03639
1.03705
1.03602
1.03711
1.03719
1.03879
1.03684
1.03702
1.03841
1.03988
1.03859
1.03963
1.03941
1.03885
1.04002
1.04079
1.04031
1.04019
1.04143
1.04007
1.03902
1.04127
1.04141
1.03951
1.03805
1.03889
1.03986
1.0382
1.03845
1.03885
1.0384
1.03841
1.03685
1.03623
1.03689
1.03668
1.03621
1.03597
1.0348
1.03509
1.03494
1.03505
1.03544
1.03601
1.03644
1.03702
1.03605
1.03603
1.03638
1.03639
1.0368
1.03866
1.04055
1.03881
1.03853
1.03817
1.03716
1.0369
1.03717
1.0384
1.03921
1.04037
1.04001
1.04052
1.03978
1.0389
1.03858
1.03877
1.04089
1.04307
1.04258
1.04274
1.04364
1.04431
1.04568
1.04551
1.04383
1.04273
1.04328
1.0434
1.04166
1.04193
1.04089
1.03982
1.03717
1.03663
1.03909
1.0387
1.03816
1.03956
1.03985
1.03737
1.037
1.03736
1.0375
1.03821
1.03779
1.03623
1.03464
1.03252
1.03209
1.03209
1.03402
1.03553
1.03642
1.03786
1.03827
1.03738
1.0383
1.04081
1.04325
1.04304
1.04258
1.04157
1.04111
1.03978
1.04015
1.04187
1.04092
1.04019
1.04066
1.04102
1.03894
1.03849
1.03694
1.03676
1.03813
1.03679
1.03727
1.03849
1.03865
1.03775
1.0372
1.03504
1.03377
1.03527
1.03412
1.03481
1.03724
1.03768
1.03711
1.03694
1.03729
1.03841
1.04129
1.03993
1.04009
1.03953
1.04054
1.04068
1.04232
1.0435
1.04309
1.04258
1.04255
1.04216
1.04261
1.04283
1.0424
1.04216
1.04212
1.04346
1.04425
1.04401
1.0429
1.04435
1.04302
1.04239
1.04012
1.03975
1.04082
1.04134
1.04143
1.04303
1.0425
1.04123
1.04063
1.04095
1.042
1.04108
1.04144
1.04226
1.04006
1.03931
1.0394
1.03769
1.03827
1.03923
1.04082
1.04146
1.04146
1.04161
1.04215
1.04337
1.04168
1.04156
1.04276
1.04211
1.03989
1.03904
1.03775
1.03805
1.03738
1.03724
1.0376
1.03497
1.03502
1.0361
1.0357
1.03358
1.03421
1.0341
1.03366
1.03107
1.02994
1.03302
1.03264
1.03129
1.03403
1.03537
1.03327
1.03372
1.03213
1.03367
1.03272
1.03217
1.03155
1.03174
1.0329
1.03377
1.03517
1.03603
1.03553
1.0358
1.03577
1.03598
1.03627
1.03591
1.03551
1.03542
1.03366
1.0342
1.03491
1.03439
1.035
1.03634
1.03681
1.0376
1.039
1.03865
1.03735
1.03756
1.03888
1.03961
1.03869
1.0381
1.03649
1.03624
1.03615
1.03657
1.03815
1.03771
1.03683
1.03597
1.03596
1.03896
1.03811
1.03639
1.03604
1.03511
1.0341
1.03377
1.03367
1.03277
1.03276
1.03326
1.03297
1.03135
1.03262
1.02964
1.02984
1.03028
1.03062
1.03033
1.02812
1.0269
1.02743
1.02845
1.02953
1.0299
1.02849
1.0286
1.02823
1.02877
1.02535
1.02583
1.02484
1.02263
1.02304
1.02247
1.02226
1.02188
1.02157
1.02251
1.02378
1.02338
1.02472
1.02568
1.02589
1.02754
1.03003
1.03073
1.02973
1.02881
1.02785
1.0269
1.02709
1.02493
1.02492
1.02361
1.02426
1.02507
1.0261
1.02613
1.02621
1.02745
1.02528
1.02581
1.02411
1.02344
1.02158
1.02016
1.02074
1.02202
1.02226
1.02324
1.02141
1.02304
1.02496
1.02567
1.02809
1.02977
1.03055
1.03038
1.02912
1.0288
1.02901
1.02874
1.02779
1.0302
1.02862
1.02926
1.0279
1.02547
1.02729
1.02691
1.0273
1.02926
1.03056
1.02908
1.02998
1.0299
1.02989
1.02868
1.02885
1.03085
1.03154
1.03277
1.03329
1.03346
1.03316
1.03299
1.03216
1.0311
1.02935
1.0267
1.02561
1.02526
1.02711
1.02717
1.02659
1.02832
1.02741
1.02737
1.02948
1.02901
1.02957
1.02948
1.03037
1.0298
1.0292
1.02828
1.02711
1.02728
1.02837
1.0305
1.03126
1.02992
1.02963
1.0309
1.02926
1.03004
1.02819
1.02657
1.02596
1.02564
1.02558
1.02516
1.02482
1.02577
1.02474
1.02528
1.02355
1.02404
1.02336
1.02352
1.02332
1.02455
1.02341
1.02466
1.02508
1.02545
1.02442
1.02337
1.02539
1.02524
1.02365
1.02425
1.02587
1.0256
1.02801
1.02631
1.02621
1.02631
1.02311
1.02308
1.02443
1.02512
1.02333
1.02324
1.02546
1.02463
1.02304
1.02118
1.0213
1.02135
1.01872
1.0187
1.01949
1.01796
1.0182
1.01864
1.01666
1.01531
1.01567
1.01479
1.01442
1.01466
1.01508
1.01628
1.01983
1.01994
1.02023
1.02109
1.01974
1.01883
1.01836
1.0175
1.01569
1.0143
1.01317
1.01238
1.01342
1.01565
1.01591
1.01379
1.01243
1.01018
1.01019
1.01199
1.01435
1.01181
1.01149
1.01128
1.01339
1.01374
1.01489
1.01483
1.01488
1.01513
1.01325
1.01233
1.01363
1.01296
1.01394
1.01516
1.01476
1.01508
1.01662
1.01738
1.01602
1.01491
1.01485
1.01443
1.01251
1.00975
1.00881
1.00911
1.00957
1.01093
1.01024
1.00983
1.01076
1.0092
1.00896
1.00922
1.00976
1.00882
1.00912
1.00765
1.00708
1.00663
1.00845
1.00834
1.00875
1.00845
1.00667
1.00455
1.0044
1.00501
1.0057
1.00589
1.00316
1.00204
1.00281
1.00475
1.008
1.00887
1.01056
1.01008
1.01093
1.01122
1.01095
1.01237
1.0125
1.01234
1.01206
1.0117
1.00919
1.00807
1.00831
1.00852
1.0085
1.00719
1.00812
1.00803
1.00599
1.00744
1.00589
1.00463
1.00175
1.00162
1.00175
1.0022
1.00331
1.00338
1.00276
1.00352
1.00392
1.00429
1.00442
1.005
1.00545
1.00547
1.00537
1.00509
1.00617
1.00513
1.00277
1.00303
1.00367
1.00532
1.00748
1.0072
1.00634
1.00557
1.00543
1.00513
1.00637
1.00561
1.00638
1.00511
1.00313
1.00223
1.00153
1.00237
1.00222
1.00314
1.00244
1.0015
1.00128
0.999438
0.998493
0.997615
0.997291
0.997898
0.998978
1.00001
1.00087
1.00057
0.999853
0.999777
0.999709
1.00028
1.00211
1.00201
1.00176
1.00126
1.00262
1.00266
1.00139
1.00132
1.00119
1.0009
1.00226
1.00171
0.999691
1.0023
1.0025
1.00268
1.00256
1.00075
1.00106
1.0023
1.00206
1.00274
1.00295
1.00561
1.00498
1.00525
1.00741
1.00785
1.00846
1.0099
1.01057
1.00987
1.00919
1.00846
1.00781
1.00676
1.00622
1.0036
1.00203
1.00158
1.00167
1.00092
0.99991
0.998725
0.998097
0.997838
0.996834
0.996078
0.995277
0.99468
0.995846
0.994462
0.995424
0.996438
0.995608
0.995533
0.994018
0.992962
0.996468
0.994605
0.99454
0.995016
0.993708
0.993071
0.993746
0.993959
0.994766
0.9951
0.994312
0.995362
0.996289
0.998805
1.00062
1.00194
1.0023
1.00263
1.00089
0.999445
0.998245
0.997853
0.997937
0.997908
0.996072
0.996108
0.995044
0.995028
0.995916
0.995724
0.994499
0.99613
0.996757
0.996471
0.997654
0.997054
0.996678
0.999477
1.00045
1.00094
0.999341
0.999644
1.00065
1.00433
1.0039
1.0058
1.00574
1.00522
1.00645
1.00839
1.00633
1.00478
1.00522
1.00501
1.00323
1.00533
1.00521
1.00736
1.00552
1.00639
1.00666
1.00856
1.01033
1.00843
1.0101
1.00936
1.01188
1.01189
1.01276
1.01147
1.01316
1.01222
1.0154
1.01655
1.01546
1.01375
1.01329
1.01372
1.01339
1.01444
1.01292
1.01358
1.01599
1.01761
1.01949
1.01832
1.0189
1.01747
1.0165
1.01764
1.01722
1.01623
1.0145
1.01525
1.01554
1.01496
1.01346
1.01384
1.01526
1.01604
1.01749
1.017
1.01612
1.01579
1.01734
1.01546
1.01555
1.01605
1.01594
1.01685
1.01741
1.01773
1.01911
1.01956
1.02051
1.02041
1.0197
1.02002
1.01885
1.01889
1.0188
1.01971
1.01744
1.01781
1.01681
1.01768
1.01794
1.01752
1.01653
1.01522
1.01472
1.01563
1.01399
1.0147
1.01314
1.01544
1.01388
1.0117
1.01084
1.00962
1.00999
1.01022
1.01271
1.01385
1.0144
1.01522
1.01506
1.01416
1.01438
1.01185
1.01384
1.01484
1.01324
1.01251
1.01359
1.01523
1.01579
1.01383
1.01416
1.01464
1.01524
1.0141
1.01499
1.01432
1.01304
1.01343
1.01221
1.01476
1.01583
1.01608
1.01796
1.01876
1.02021
1.01781
1.01757
1.01852
1.01943
1.01994
1.01984
1.01933
1.01938
1.01802
1.01833
1.018
1.01791
1.01579
1.01492
1.01427
1.01451
1.0135
1.00995
1.0091
1.00801
1.00662
1.00609
1.00614
1.00456
1.00456
1.00338
1.00387
1.00452
1.00478
1.00518
1.00457
1.00544
1.00752
1.00702
1.00715
1.00809
1.00704
1.0073
1.00569
1.00383
1.00486
1.00433
1.00418
1.00322
1.00255
1.00154
1.0013
1.00049
0.99996
1.00097
1.00333
1.00188
1.00083
1.00113
1.00269
1.00195
1.00185
1.00205
1.00145
1.00145
1.00203
1.0046
1.00423
1.00379
1.00301
1.00339
1.00146
1.00141
1.00083
1.00164
1.0022
1.00539
1.00304
1.00374
1.00402
1.00453
1.00491
1.00535
1.00593
1.00661
1.00621
1.00677
1.00691
1.00517
1.00555
1.00704
1.00864
1.00825
1.00558
1.00451
1.00588
1.00475
1.00499
1.00607
1.00734
1.00649
1.00475
1.00382
1.00351
1.00307
1.00271
1.0011
1.0006
1.00221
0.999003
0.999357
0.997805
0.998247
0.998737
0.999275
0.999129
1.00035
1.00068
1.00098
1.00217
1.00205
1.00047
1.00112
1.00142
1.00304
1.00192
1.00164
1.00053
0.999197
1.00133
0.998731
0.999804
1.00185
1.00363
1.00432
1.0032
1.00487
1.00502
1.00372
1.00415
1.00513
1.00549
1.00633
1.00804
1.00764
1.00598
1.00576
1.00318
1.00524
1.00537
1.00526
1.00382
1.00378
1.00205
1.00183
1.00194
1.00133
1.00259
1.00403
1.00282
1.00249
0.999992
1.00119
1.00078
0.999816
1.0005
1.00086
1.0012
1.00171
1.00122
1.00159
1.00035
0.998207
0.998227
0.998542
1.00017
1.00243
1.00169
1.00327
1.00281
1.00532
1.0045
1.00566
1.0062
1.0061
1.00535
1.00586
1.00766
1.0075
1.00822
1.00761
1.00642
1.00651
1.00606
1.0041
1.00365
1.00506
1.00484
1.0065
1.00598
1.00725
1.00658
1.00897
1.00875
1.00724
1.00864
1.00942
1.00865
1.00863
1.01083
1.01109
1.01178
1.00958
1.00886
1.00882
1.00994
1.00946
1.00879
1.01078
1.01039
1.01013
1.01011
1.00979
1.01063
1.01074
1.00976
1.01113
1.01089
1.01112
1.01289
1.01163
1.01106
1.01077
1.011
1.01017
1.01021
1.01003
1.0099
1.01128
1.01187
1.01263
1.01365
1.01464
1.0169
1.01454
1.01379
1.01235
1.01283
1.01303
1.01355
1.01422
1.01312
1.01035
1.00999
1.00976
1.01096
1.00958
1.00936
1.01011
1.0111
1.00967
1.01095
1.01085
1.01054
1.01201
1.01291
1.01584
1.01804
1.01833
1.01753
1.01618
1.01807
1.01862
1.01837
1.0168
1.01747
1.0192
1.01919
1.0192
1.0169
1.01648
1.01648
1.01769
1.01771
1.01906
1.01879
1.01839
1.01945
1.01759
1.01968
1.01824
1.01703
1.01472
1.01401
1.0144
1.01395
1.01578
1.01732
1.01803
1.01919
1.02054
1.02012
1.01919
1.01953
1.01924
1.01749
1.0174
1.02013
1.02003
1.02052
1.02211
1.02211
1.02386
1.02426
1.02235
1.02459
1.02514
1.02297
1.02374
1.02153
1.02187
1.02373
1.02229
1.02128
1.02295
1.02271
1.01985
1.02049
1.01851
1.01969
1.02029
1.01811
1.01703
1.01683
1.01577
1.01601
1.01582
1.01391
1.0124
1.01462
1.01487
1.01433
1.0169
1.01882
1.01951
1.01826
1.01816
1.01771
1.01947
1.0198
1.01919
1.02161
1.02307
1.02297
1.02287
1.02359
1.02536
1.02517
1.02378
1.02546
1.02447
1.02491
1.02458
1.0261
1.02602
1.02361
1.02239
1.02296
1.02309
1.02472
1.02501
1.02412
1.02425
1.0229
1.02273
1.02253
1.02385
1.0252
1.02518
1.02516
1.02321
1.02367
1.025
1.02448
1.02422
1.02511
1.0215
1.02246
1.02326
1.02253
1.02299
1.02465
1.02457
1.02581
1.02814
1.02946
1.03228
1.03294
1.03408
1.03249
1.03376
1.03334
1.03404
1.03654
1.03729
1.03804
1.03722
1.03704
1.0351
1.03689
1.03555
1.03733
1.03658
1.03653
1.03573
1.03631
1.03615
1.0381
1.03784
1.03667
1.03593
1.03429
1.03489
1.03704
1.03803
1.03517
1.03569
1.03784
1.03784
1.03867
1.03817
1.0379
1.03907
1.04034
1.03876
1.03819
1.03786
1.0375
1.03669
1.03586
1.03577
1.03695
1.03762
1.0385
1.04028
1.04166
1.04013
1.04122
1.03778
1.03622
1.03563
1.03572
1.03639
1.03699
1.03798
1.0377
1.03968
1.0398
1.03979
1.04186
1.04167
1.04167
1.04155
1.04002
1.04064
1.04253
1.04253
1.04367
1.04414
1.04407
1.04434
1.04477
1.04495
1.04654
1.04542
1.04478
1.04648
1.0465
1.04521
1.0461
1.04554
1.04485
1.04522
1.04623
1.04562
1.04694
1.04668
1.0462
1.04603
1.04558
1.04411
1.04565
1.04769
1.04719
1.04688
1.04626
1.04479
1.04567
1.0448
1.04421
1.04421
1.04605
1.04446
1.04447
1.04527
1.0451
1.04474
1.04422
1.04412
1.04529
1.04539
1.04642
1.04645
1.04932
1.04858
1.05028
1.05028
1.0488
1.04752
1.04834
1.04721
1.04595
1.04568
1.04635
1.04427
1.04321
1.04272
1.04255
1.04441
1.04614
1.044
1.04385
1.04434
1.04567
1.04587
1.04567
1.04572
1.045
1.04707
1.04679
1.04677
1.04689
1.04705
1.04899
1.04588
1.04619
1.04607
1.04537
1.04575
1.04564
1.04598
1.04665
1.0465
1.04543
1.04462
1.04452
1.04335
1.04261
1.04202
1.04333
1.04114
1.03947
1.04013
1.03864
1.03819
1.03863
1.03922
1.03766
1.03637
1.03796
1.03764
1.03732
1.03694
1.03676
1.03791
1.03791
1.03952
1.03853
1.03916
1.0379
1.03945
1.039
1.03963
1.04015
1.04165
1.03967
1.04082
1.04057
1.0392
1.04046
1.04039
1.04145
1.04126
1.03997
1.03791
1.04027
1.03804
1.03649
1.03519
1.03574
1.03537
1.03792
1.03952
1.03773
1.03576
1.03466
1.03377
1.03548
1.03309
1.03137
1.03267
1.03305
1.03471
1.03472
1.03668
1.03556
1.03484
1.03413
1.03411
1.03355
1.03202
1.0311
1.03351
1.03407
1.03215
1.03156
1.03227
1.03453
1.03467
1.0352
1.03331
1.03206
1.03222
1.03141
1.03094
1.02899
1.02767
1.02845
1.02664
1.0278
1.02913
1.02929
1.03006
1.03088
1.02908
1.02734
1.02679
1.02933
1.03059
1.02978
1.03271
1.03383
1.03539
1.03538
1.03547
1.03505
1.03432
1.03492
1.03617
1.03522
1.03341
1.03316
1.03407
1.03455
1.03477
1.03422
1.0357
1.03528
1.03554
1.03505
1.03434
1.03529
1.03701
1.03667
1.03621
1.03626
1.0372
1.03684
1.03813
1.03806
1.03513
1.03532
1.03487
1.03601
1.03534
1.03552
1.03434
1.03145
1.03081
1.02952
1.02991
1.03024
1.0305
1.03191
1.03034
1.0294
1.02902
1.02938
1.03087
1.03089
1.03268
1.03432
1.0336
1.03258
1.03368
1.03356
1.0342
1.03412
1.03513
1.03414
1.03143
1.03135
1.0296
1.02851
1.02848
1.0275
1.02629
1.02686
1.02776
1.0277
1.02578
1.02401
1.02317
1.0229
1.0222
1.02163
1.02193
1.02223
1.02173
1.02044
1.01727
1.01584
1.01539
1.01342
1.01275
1.01401
1.01466
1.01321
1.01282
1.01126
1.01106
1.01068
1.0099
1.00961
1.00883
1.00934
1.00913
1.00799
1.00833
1.00575
1.00583
1.00302
1.00245
1.00206
1.00141
1.00037
0.999142
0.99888
0.999226
0.998382
1.00048
0.998725
0.998568
0.99612
0.998062
0.999758
1.00088
1.00146
1.00278
1.00208
0.999392
1.00009
0.999968
1.00091
1.00095
1.001
1.00186
1.00178
1.00194
1.00027
0.999805
1.0015
1.00275
1.00276
1.0024
1.00599
1.00563
1.0048
1.00553
1.00776
1.00695
1.00601
1.0064
1.00823
1.00701
1.00713
1.00708
1.00706
1.00724
1.00581
1.00457
1.00164
1.00123
1.00085
1.0001
1.00131
1.00217
1.00141
1.00178
1.00088
1.00031
1.00072
0.998821
0.998487
0.997479
0.999087
1.00108
1.0006
1.00228
1.00374
1.00489
1.00591
1.00592
1.00622
1.00566
1.00565
1.00593
1.00408
1.00262
1.00126
1.00343
1.00401
1.00542
1.0045
1.00423
1.00645
1.00753
1.00695
1.00704
1.00591
1.00705
1.00465
1.00772
1.00885
1.00927
1.01011
1.00966
1.01093
1.0115
1.01052
1.01105
1.00969
1.01193
1.01275
1.01328
1.01263
1.01399
1.01273
1.01457
1.01616
1.0173
1.01863
1.01874
1.01708
1.01835
1.01809
1.0184
1.01768
1.01793
1.01794
1.01771
1.01741
1.01615
1.01659
1.01629
1.01602
1.01549
1.01574
1.0179
1.01857
1.02104
1.02088
1.02288
1.02364
1.02509
1.02414
1.02379
1.02465
1.02449
1.02669
1.02782
1.02844
1.0302
1.03177
1.03299
1.03487
1.03501
1.03422
1.03493
1.03491
1.03449
1.03361
1.03466
1.03229
1.03095
1.03297
1.03249
1.032
1.03509
1.03544
1.03471
1.03334
1.03276
1.0343
1.03273
1.03453
1.03361
1.03255
1.03239
1.03416
1.03234
1.03251
1.03344
1.03393
1.03336
1.03287
1.03356
1.03409
1.03385
1.03333
1.03237
1.03381
1.0359
1.03733
1.03381
1.03332
1.03215
1.03175
1.03375
1.03584
1.03467
1.03367
1.0324
1.03361
1.03632
1.03802
1.03663
1.0333
1.03221
1.03307
1.03253
1.03078
1.03039
1.03024
1.02865
1.02902
1.02995
1.03
1.03079
1.02916
1.03032
1.03031
1.0292
1.02843
1.02886
1.02937
1.0278
1.02792
1.02919
1.03013
1.02896
1.02774
1.02684
1.02439
1.02597
1.02597
1.0246
1.0234
1.02289
1.02297
1.02096
1.0228
1.0237
1.02395
1.02478
1.02598
1.02593
1.02686
1.02631
1.02544
1.02304
1.02361
1.02425
1.02633
1.02374
1.02491
1.02541
1.02613
1.02515
1.0275
1.0267
1.02753
1.02904
1.02872
1.02985
1.0309
1.02958
1.0285
1.02788
1.02779
1.02977
1.02877
1.02732
1.0281
1.02754
1.02881
1.02878
1.02948
1.02937
1.03024
1.02961
1.02953
1.02964
1.03097
1.03188
1.03087
1.02982
1.03122
1.03146
1.03201
1.03222
1.03208
1.03394
1.0325
1.03189
1.03182
1.03327
1.03154
1.03367
1.0306
1.03057
1.03039
1.03119
1.02988
1.03017
1.03067
1.03197
1.03172
1.02872
1.02961
1.03183
1.032
1.03277
1.03252
1.03286
1.03399
1.03374
1.03386
1.03398
1.03301
1.03272
1.03115
1.03015
1.03064
1.03131
1.03185
1.0303
1.032
1.03174
1.03252
1.03128
1.02938
1.02934
1.0265
1.02742
1.02964
1.02864
1.0278
1.02789
1.02804
1.0291
1.02891
1.02747
1.02758
1.02956
1.03052
1.02914
1.02878
1.0301
1.02834
1.02604
1.02458
1.02459
1.02566
1.02514
1.02578
1.02504
1.02666
1.02515
1.02607
1.02831
1.02848
1.02946
1.02864
1.02682
1.02756
1.02761
1.02738
1.02553
1.02365
1.02342
1.02361
1.02446
1.0233
1.02225
1.02442
1.02425
1.02406
1.02335
1.02287
1.02311
1.02439
1.02304
1.02241
1.02177
1.02392
1.0247
1.02466
1.02575
1.02478
1.02671
1.02718
1.02647
1.02729
1.0254
1.02467
1.02504
1.02512
1.02499
1.02305
1.02317
1.02316
1.02322
1.02262
1.02236
1.0231
1.02271
1.02534
1.02507
1.02428
1.02466
1.02522
1.02722
1.02794
1.02922
1.02709
1.02805
1.02897
1.02704
1.02747
1.02769
1.02665
1.02882
1.02972
1.0307
1.03086
1.02765
1.02843
1.0293
1.02939
1.02884
1.02993
1.03003
1.02817
1.02658
1.02733
1.02686
1.02606
1.02618
1.02839
1.02791
1.02644
1.02741
1.02796
1.02818
1.02717
1.02579
1.02401
1.02258
1.02215
1.0224
1.02213
1.01962
1.02183
1.02496
1.02504
1.026
1.02674
1.02795
1.02638
1.02562
1.02574
1.02482
1.02506
1.02544
1.02392
1.02318
1.02151
1.02447
1.02534
1.02496
1.02543
1.02532
1.02421
1.02397
1.02289
1.02346
1.0228
1.0228
1.02313
1.0207
1.02191
1.02101
1.0243
1.02399
1.0224
1.02309
1.0241
1.02373
1.02201
1.02179
1.02088
1.02278
1.02211
1.02064
1.01985
1.01954
1.01824
1.01929
1.02111
1.02022
1.02167
1.02091
1.02255
1.02371
1.02598
1.02832
1.02803
1.02737
1.02762
1.02601
1.02476
1.025
1.02561
1.02674
1.02631
1.02512
1.02456
1.02482
1.02501
1.02632
1.02532
1.02507
1.02243
1.02395
1.02172
1.02281
1.02321
1.02458
1.0258
1.02596
1.02812
1.02675
1.02528
1.02816
1.02854
1.02988
1.02863
1.02839
1.02907
1.02667
1.02614
1.02691
1.02696
1.02754
1.02858
1.02978
1.03119
1.02965
1.02838
1.02855
1.03099
1.03051
1.02904
1.02868
1.02935
1.03011
1.03057
1.03095
1.03044
1.03193
1.03039
1.03036
1.03122
1.03008
1.03032
1.03129
1.03123
1.03196
1.03103
1.03176
1.03042
1.02914
1.02798
1.02431
1.02334
1.02225
1.02224
1.02286
1.02366
1.0234
1.0237
1.02266
1.02264
1.02283
1.0215
1.02022
1.02107
1.02216
1.02341
1.02335
1.02332
1.02339
1.02354
1.02498
1.0235
1.02352
1.02242
1.02339
1.02359
1.02445
1.02476
1.02403
1.02395
1.02323
1.02249
1.02075
1.02008
1.01947
1.02021
1.01933
1.01998
1.01995
1.0193
1.02067
1.02076
1.02227
1.02004
1.02052
1.0195
1.01715
1.01561
1.01711
1.01776
1.0179
1.01854
1.02129
1.02177
1.02169
1.02042
1.01966
1.02013
1.01914
1.02032
1.01929
1.02115
1.02215
1.02254
1.02324
1.02289
1.02451
1.02452
1.02522
1.02311
1.02374
1.02385
1.02338
1.02403
1.02514
1.02401
1.02469
1.0271
1.02625
1.02769
1.02844
1.02697
1.02863
1.02818
1.02637
1.02724
1.02647
1.02706
1.03002
1.02918
1.02891
1.02786
1.02834
1.03002
1.02955
1.02843
1.02904
1.02991
1.02925
1.031
1.03204
1.03099
1.02928
1.02819
1.02707
1.02545
1.02667
1.02638
1.02803
1.0305
1.03307
1.03345
1.0346
1.03271
1.03379
1.03471
1.03521
1.03593
1.03736
1.03575
1.03609
1.03675
1.03623
1.03694
1.03887
1.03786
1.03741
1.03651
1.03545
1.03668
1.036
1.03633
1.0372
1.03646
1.0375
1.03539
1.03601
1.03625
1.03703
1.03896
1.03698
1.03689
1.03497
1.03483
1.03476
1.03591
1.03627
1.03485
1.03172
1.03289
1.03246
1.03176
1.03297
1.03252
1.03315
1.03204
1.03275
1.03243
1.03219
1.03294
1.0313
1.03121
1.03124
1.03079
1.03255
1.0323
1.0312
1.03075
1.03045
1.03069
1.03244
1.0349
1.03668
1.03714
1.03834
1.03825
1.03754
1.03744
1.0384
1.03628
1.03634
1.03782
1.03669
1.03627
1.03765
1.03993
1.04018
1.03796
1.03745
1.03363
1.03371
1.03155
1.02969
1.03074
1.03152
1.03063
1.03087
1.02767
1.02586
1.02554
1.02442
1.02474
1.02427
1.0252
1.02632
1.02498
1.02654
1.02505
1.02464
1.02421
1.02394
1.02346
1.02382
1.02218
1.02203
1.02168
1.02163
1.02178
1.02343
1.02356
1.023
1.02299
1.02427
1.02384
1.02438
1.02464
1.0249
1.02491
1.02602
1.02621
1.02509
1.0266
1.0276
1.02921
1.0277
1.02781
1.02736
1.02773
1.0291
1.03001
1.03007
1.02944
1.02934
1.03103
1.0292
1.03013
1.03009
1.03044
1.0302
1.02972
1.0292
1.02668
1.02544
1.02753
1.02781
1.02794
1.02822
1.02916
1.02951
1.02776
1.02863
1.02825
1.02943
1.03087
1.03082
1.03085
1.03255
1.03063
1.03083
1.03055
1.03111
1.03014
1.03149
1.03077
1.03143
1.03135
1.02943
1.03091
1.0319
1.03218
1.03308
1.03238
1.03307
1.03509
1.03457
1.03368
1.03455
1.03424
1.03505
1.03424
1.03642
1.03622
1.03408
1.03458
1.03606
1.03667
1.03651
1.03733
1.03527
1.03472
1.03447
1.03503
1.03579
1.03375
1.03473
1.03498
1.03432
1.03615
1.0352
1.035
1.03493
1.03609
1.03591
1.03551
1.03402
1.03201
1.03222
1.03178
1.03166
1.03015
1.03124
1.03211
1.03194
1.03195
1.03456
1.03405
1.03328
1.03314
1.03363
1.03326
1.03308
1.0328
1.03145
1.02952
1.03025
1.02958
1.03152
1.0323
1.03352
1.03394
1.03385
1.03251
1.03127
1.0332
1.03345
1.0347
1.03502
1.03405
1.03523
1.03488
1.03517
1.03428
1.03343
1.03276
1.03222
1.03358
1.03359
1.03405
1.03636
1.03742
1.03703
1.03613
1.03472
1.03765
1.03499
1.03635
1.03588
1.03614
1.03626
1.03838
1.03842
1.0363
1.03862
1.03888
1.04058
1.04092
1.04174
1.04109
1.04223
1.04355
1.04133
1.04198
1.04244
1.04137
1.04371
1.04211
1.04529
1.046
1.04579
1.04664
1.04509
1.04687
1.04616
1.04187
1.04156
1.04074
1.04222
1.04357
1.04313
1.04421
1.04378
1.04261
1.04234
1.0435
1.04242
1.04389
1.04484
1.04427
1.04587
1.04557
1.04545
1.0464
1.04329
1.04281
1.04276
1.0429
1.04156
1.04144
1.03919
1.038
1.04019
1.03951
1.04015
1.03926
1.04088
1.04256
1.04217
1.04023
1.04195
1.04186
1.04136
1.04057
1.04042
1.03896
1.03885
1.04091
1.04229
1.04165
1.04347
1.04282
1.04327
1.04425
1.04356
1.04296
1.04249
1.04093
1.04138
1.04309
1.04475
1.04554
1.04409
1.04556
1.0446
1.04421
1.04383
1.04327
1.04549
1.04771
1.05057
1.05272
1.05282
1.05306
1.05229
1.05308
1.05469
1.05569
1.05439
1.05275
1.0534
1.05197
1.05159
1.0506
1.05072
1.05085
1.04809
1.04789
1.05146
1.05124
1.05212
1.05041
1.05107
1.05063
1.04943
1.0475
1.04661
1.04587
1.04705
1.04698
1.04714
1.04615
1.04726
1.04759
1.0456
1.04386
1.04327
1.04088
1.04138
1.04211
1.04298
1.04235
1.04284
1.04534
1.04596
1.04569
1.04479
1.04578
1.04486
1.04487
1.04347
1.04539
1.04571
1.04641
1.04815
1.04923
1.04931
1.04945
1.04916
1.04744
1.04766
1.04689
1.04709
1.04498
1.04434
1.04537
1.04478
1.04432
1.04468
1.04325
1.04366
1.04511
1.04635
1.04871
1.04905
1.04949
1.0507
1.05148
1.05107
1.05074
1.05175
1.05156
1.04973
1.05186
1.05223
1.05214
1.05526
1.05515
1.05559
1.05609
1.05643
1.05493
1.05489
1.05358
1.05207
1.05249
1.05432
1.05219
1.05021
1.05117
1.05128
1.04967
1.04958
1.04875
1.04838
1.04691
1.04667
1.04488
1.04862
1.04697
1.04701
1.04682
1.04636
1.04788
1.04977
1.05106
1.05182
1.05195
1.04789
1.0472
1.04639
1.04724
1.04581
1.04717
1.04899
1.04995
1.05016
1.05026
1.04938
1.05063
1.05101
1.05152
1.05065
1.05072
1.05177
1.05087
1.05002
1.04895
1.05038
1.05022
1.04828
1.04795
1.04654
1.0478
1.04847
1.04707
1.04614
1.04315
1.04138
1.04133
1.0399
1.03971
1.03809
1.03852
1.0403
1.04019
1.04176
1.04286
1.04114
1.04068
1.04122
1.04101
1.03894
1.0364
1.03598
1.03614
1.0361
1.03706
1.03755
1.03523
1.03539
1.03551
1.03591
1.03655
1.03747
1.03835
1.03703
1.03814
1.03897
1.04021
1.04111
1.04086
1.04079
1.04194
1.03978
1.04032
1.04145
1.04265
1.04172
1.04098
1.0417
1.0419
1.04076
1.03802
1.03916
1.03862
1.03938
1.038
1.03845
1.03865
1.03946
1.03967
1.04
1.04043
1.0393
1.04031
1.04042
1.03933
1.04082
1.04247
1.04242
1.0415
1.04371
1.04171
1.03926
1.03833
1.037
1.03436
1.0359
1.0353
1.03491
1.03365
1.0329
1.03253
1.03125
1.03232
1.03183
1.03175
1.03191
1.03194
1.03265
1.03295
1.03388
1.03497
1.03375
1.03479
1.03532
1.0352
1.03292
1.03125
1.03198
1.0304
1.03189
1.03197
1.03092
1.03143
1.03089
1.03001
1.0316
1.03108
1.02985
1.03184
1.03266
1.03291
1.03535
1.0381
1.0388
1.03822
1.04167
1.04121
1.03961
1.03974
1.03972
1.03979
1.04062
1.03948
1.03937
1.03738
1.03733
1.03576
1.03761
1.03553
1.03553
1.03629
1.03737
1.03777
1.03939
1.03972
1.04039
1.04015
1.04113
1.04
1.04303
1.0422
1.04101
1.0408
1.03909
1.04025
1.03878
1.03647
1.03435
1.03261
1.03239
1.03206
1.03273
1.03466
1.03375
1.03324
1.0331
1.03256
1.03118
1.03244
1.03225
1.032
1.03089
1.03199
1.03147
1.03077
1.03081
1.02959
1.0321
1.03341
1.03348
1.03425
1.0351
1.03751
1.03787
1.03745
1.03622
1.03527
1.03513
1.03597
1.03666
1.03675
1.03838
1.03959
1.04122
1.0413
1.04079
1.04053
1.04107
1.03962
1.03824
1.03892
1.04047
1.04016
1.0403
1.04013
1.04016
1.04136
1.04171
1.04212
1.04198
1.04361
1.04561
1.0431
1.04295
1.04199
1.04258
1.04138
1.04035
1.04028
1.04137
1.04398
1.04322
1.04253
1.04326
1.04464
1.04316
1.04414
1.04492
1.04551
1.04438
1.04458
1.04317
1.04268
1.03956
1.04038
1.03922
1.03859
1.03668
1.03551
1.03737
1.03801
1.03723
1.03789
1.03824
1.03743
1.03821
1.03827
1.03799
1.03905
1.03788
1.03742
1.03915
1.03869
1.0384
1.03769
1.03658
1.03721
1.03602
1.03615
1.03605
1.03521
1.03572
1.0366
1.03626
1.03666
1.03524
1.0351
1.03515
1.03283
1.03047
1.03222
1.03364
1.03311
1.03334
1.03311
1.03264
1.0334
1.03171
1.03257
1.03334
1.03337
1.03092
1.03111
1.0301
1.03113
1.03066
1.03121
1.03058
1.0304
1.03162
1.03208
1.03251
1.03309
1.03298
1.03601
1.03692
1.03836
1.03791
1.03727
1.03737
1.03677
1.03451
1.03489
1.03637
1.03731
1.0353
1.03429
1.03423
1.03616
1.03701
1.0375
1.03971
1.04051
1.03982
1.0387
1.04058
1.04057
1.04058
1.04067
1.03982
1.03853
1.03943
1.03877
1.03764
1.03711
1.03751
1.03834
1.03958
1.03994
1.03724
1.03743
1.03736
1.0389
1.04051
1.04223
1.04326
1.04321
1.03927
1.03877
1.03902
1.03797
1.03807
1.0378
1.03816
1.03752
1.03687
1.03721
1.03845
1.03717
1.03696
1.03756
1.03809
1.03923
1.03974
1.03987
1.04185
1.04304
1.04371
1.04357
1.04258
1.04314
1.04023
1.03991
1.04028
1.04025
1.04025
1.0402
1.03931
1.03964
1.03776
1.03648
1.03769
1.03598
1.03677
1.03761
1.03555
1.03585
1.03555
1.03575
1.03431
1.03284
1.03065
1.03044
1.03001
1.02972
1.02937
1.02819
1.02883
1.02924
1.02992
1.03012
1.02974
1.0264
1.0266
1.02632
1.02578
1.02554
1.02542
1.02547
1.02597
1.02645
1.02736
1.02663
1.02635
1.02671
1.02715
1.02797
1.02602
1.02702
1.02626
1.02793
1.02863
1.02807
1.02716
1.02731
1.02645
1.02407
1.02456
1.02427
1.02409
1.02309
1.02077
1.02012
1.02047
1.02042
1.02002
1.01944
1.02172
1.01972
1.01914
1.02086
1.02076
1.02097
1.01943
1.02201
1.0228
1.02376
1.02351
1.02549
1.02697
1.0276
1.0274
1.02641
1.02603
1.02467
1.02415
1.02467
1.02728
1.02805
1.02574
1.02396
1.02442
1.02425
1.02368
1.02452
1.02283
1.02272
1.02244
1.02114
1.02257
1.02273
1.02225
1.02315
1.02458
1.02495
1.02601
1.02727
1.02689
1.0271
1.02696
1.02837
1.0304
1.03147
1.03271
1.0303
1.0284
1.02834
1.02535
1.02497
1.02399
1.02414
1.02476
1.0244
1.02609
1.0266
1.0251
1.02263
1.023
1.02327
1.02104
1.02043
1.01851
1.01664
1.01654
1.01602
1.01805
1.0152
1.01539
1.01456
1.0161
1.01689
1.01715
1.01719
1.01713
1.01603
1.01581
1.01621
1.01634
1.01564
1.01699
1.01749
1.01837
1.01682
1.01759
1.01542
1.0133
1.01226
1.0146
1.01383
1.01386
1.01311
1.01527
1.0143
1.01448
1.0164
1.01626
1.01794
1.02022
1.01966
1.01792
1.01725
1.01835
1.01593
1.01561
1.01342
1.01307
1.01283
1.01158
1.01106
1.00972
1.01106
1.01081
1.01157
1.01329
1.01354
1.01361
1.01422
1.01294
1.01332
1.00989
1.01129
1.01022
1.0096
1.00842
1.00665
1.00819
1.00923
1.00904
1.00972
1.01016
1.0105
1.01142
1.01
1.00902
1.00818
1.00837
1.00971
1.00844
1.00737
1.00723
1.00992
1.01135
1.01222
1.01063
1.00948
1.00768
1.00988
1.00859
1.01108
1.01042
1.01164
1.01057
1.01145
1.01135
1.01058
1.00878
1.00753
1.00612
1.0052
1.0052
1.00458
1.00535
1.00622
1.00695
1.00754
1.00798
1.00836
1.0076
1.00837
1.00956
1.00897
1.00926
1.00914
1.00948
1.00923
1.00855
1.00834
1.0058
1.0067
1.00765
1.00806
1.00705
1.00725
1.00689
1.00678
1.00729
1.00468
1.00468
1.00629
1.00609
1.00478
1.0058
1.00615
1.00424
1.00269
1.00261
1.00262
1.00132
1.00354
1.00388
1.00489
1.00537
1.00479
1.00681
1.00891
1.00887
1.01123
1.01227
1.01262
1.01137
1.01182
1.01137
1.01167
1.0111
1.01069
1.01132
1.01318
1.01275
1.01386
1.01384
1.01361
1.01244
1.01344
1.01412
1.01499
1.01601
1.01618
1.01771
1.0173
1.01657
1.0185
1.01847
1.0186
1.01725
1.0186
1.01847
1.01629
1.01732
1.01834
1.01933
1.01739
1.01868
1.01858
1.0168
1.01637
1.01682
1.01911
1.0183
1.01778
1.01667
1.01722
1.01757
1.01758
1.01588
1.01581
1.01665
1.01841
1.0186
1.0188
1.0187
1.01957
1.01675
1.01703
1.01567
1.01446
1.01421
1.01588
1.01533
1.01621
1.01693
1.01869
1.02115
1.02247
1.02316
1.02336
1.02368
1.02562
1.02485
1.02382
1.02213
1.02259
1.02201
1.02261
1.02427
1.02501
1.02683
1.02973
1.02914
1.02852
1.02812
1.03017
1.03064
1.03011
1.03117
1.03136
1.03001
1.03001
1.03122
1.0331
1.0332
1.03286
1.03211
1.03153
1.03106
1.02972
1.02877
1.02997
1.02933
1.03026
1.03119
1.03033
1.03132
1.03101
1.03016
1.02859
1.02749
1.02577
1.02473
1.0231
1.02246
1.02312
1.02376
1.02315
1.02325
1.02256
1.02203
1.02088
1.01807
1.01907
1.01795
1.01652
1.01685
1.01654
1.01906
1.01987
1.02075
1.02295
1.02289
1.02294
1.02222
1.02245
1.02274
1.02307
1.02374
1.02493
1.02443
1.02403
1.02421
1.02411
1.02392
1.02479
1.02216
1.02016
1.02121
1.02271
1.02254
1.02183
1.02261
1.02447
1.023
1.0227
1.02202
1.02205
1.02271
1.02327
1.02297
1.02084
1.02094
1.0214
1.01985
1.01929
1.01858
1.0171
1.01641
1.0162
1.01678
1.01796
1.01741
1.01702
1.01865
1.01703
1.01568
1.01665
1.01773
1.01723
1.01727
1.01764
1.01757
1.01796
1.0172
1.01621
1.01589
1.01435
1.01594
1.01694
1.01709
1.01696
1.01806
1.01939
1.0207
1.02084
1.01905
1.01821
1.01906
1.01666
1.01395
1.01304
1.01332
1.012
1.01301
1.01237
1.01091
1.01138
1.0093
1.00858
1.00741
1.00791
1.0099
1.01051
1.01057
1.01029
1.01056
1.00983
1.00991
1.00973
1.0101
1.00826
1.0067
1.00758
1.00826
1.00733
1.00465
1.00754
1.00557
1.00563
1.00835
1.00707
1.00652
1.0062
1.00689
1.00777
1.00715
1.00554
1.00579
1.00457
1.00459
1.00599
1.00669
1.00649
1.00712
1.00595
1.00717
1.00766
1.00633
1.00741
1.0064
1.00478
1.00412
1.00377
1.00342
1.00443
1.00539
1.00575
1.00515
1.00463
1.00808
1.00803
1.00781
1.00715
1.00743
1.00777
1.00693
1.00731
1.00741
1.00826
1.00592
1.00685
1.00614
1.0072
1.00731
1.00602
1.00548
1.0054
1.00534
1.00476
1.00451
1.00506
1.00374
1.00201
1.00136
1.00325
1.00324
1.00223
1.00205
1.00116
1.00147
1.00147
1.00185
1.00055
0.998414
0.997516
0.997617
0.999548
0.998937
0.998906
0.997568
0.999165
0.997861
0.997179
0.996415
0.996359
0.997143
0.996307
0.997118
0.99688
0.998553
1.00005
1.00042
1.00253
1.00209
1.00386
1.00258
1.00333
1.00599
1.00714
1.00757
1.00775
1.00897
1.00952
1.00959
1.0101
1.01102
1.01061
1.00956
1.00916
1.00935
1.00953
1.01119
1.01119
1.01269
1.01281
1.01409
1.01268
1.01152
1.01044
1.01245
1.01434
1.0154
1.01562
1.01637
1.01581
1.0167
1.01494
1.0147
1.01774
1.01718
1.01706
1.01677
1.01727
1.0176
1.01962
1.01992
1.01835
1.01777
1.01691
1.01688
1.0163
1.01536
1.0161
1.01603
1.01529
1.01365
1.0121
1.01099
1.01205
1.01344
1.01416
1.01301
1.01419
1.01573
1.01589
1.0152
1.01657
1.01615
1.01499
1.0133
1.01184
1.014
1.01499
1.01682
1.01539
1.01555
1.01433
1.01401
1.01266
1.01413
1.01415
1.0141
1.01432
1.01408
1.01376
1.01511
1.01445
1.01617
1.01437
1.01597
1.01708
1.01972
1.01998
1.02105
1.02121
1.02197
1.02247
1.02089
1.02019
1.0218
1.02317
1.02335
1.02235
1.02156
1.02046
1.01957
1.02027
1.01987
1.021
1.02237
1.02208
1.02043
1.02184
1.01788
1.01553
1.01584
1.0189
1.01868
1.02021
1.01726
1.01784
1.0176
1.01779
1.01763
1.01807
1.01894
1.02037
1.02155
1.0215
1.02188
1.01949
1.01917
1.01913
1.01715
1.01694
1.01747
1.01665
1.01712
1.01847
1.01765
1.01933
1.0203
1.01963
1.02019
1.01882
1.01887
1.01822
1.01666
1.01675
1.01701
1.01758
1.01798
1.01731
1.01719
1.01698
1.01536
1.01713
1.01801
1.01704
1.01661
1.01604
1.01595
1.0171
1.01681
1.01671
1.01935
1.01915
1.01783
1.01685
1.01681
1.01875
1.01898
1.01665
1.01458
1.01429
1.01652
1.01811
1.01788
1.01797
1.01723
1.01802
1.01818
1.01774
1.01676
1.01697
1.01733
1.01836
1.02033
1.02009
1.01972
1.02049
1.01978
1.02084
1.01938
1.01944
1.01926
1.01943
1.01887
1.0196
1.02251
1.02235
1.02323
1.02453
1.02474
1.02433
1.02433
1.02519
1.02509
1.02488
1.02476
1.02496
1.02375
1.02165
1.02117
1.0229
1.02455
1.02545
1.02485
1.02374
1.02511
1.02538
1.02543
1.02333
1.02359
1.02435
1.02358
1.02493
1.02337
1.0234
1.02244
1.02316
1.02107
1.02094
1.02042
1.02019
1.02021
1.02193
1.02094
1.02158
1.01942
1.02109
1.0202
1.01948
1.02039
1.02038
1.01948
1.01928
1.01729
1.01405
1.0144
1.01422
1.01335
1.0146
1.01366
1.0149
1.01409
1.01544
1.01614
1.01713
1.01803
1.01673
1.01588
1.01502
1.01463
1.01607
1.01611
1.01563
1.014
1.01284
1.01258
1.01386
1.01384
1.01488
1.01571
1.01579
1.01482
1.01571
1.01596
1.01637
1.01714
1.01452
1.01345
1.01416
1.01331
1.01306
1.01305
1.012
1.01108
1.01385
1.01525
1.01462
1.01525
1.01556
1.01785
1.02048
1.02
1.01985
1.01833
1.01869
1.02081
1.02016
1.0192
1.0211
1.02048
1.0191
1.01798
1.01843
1.01862
1.02063
1.02025
1.02082
1.02214
1.02118
1.01943
1.02108
1.02132
1.02097
1.02191
1.02203
1.02202
1.02207
1.02345
1.02167
1.02203
1.02358
1.02456
1.02538
1.02694
1.02681
1.02694
1.02688
1.02972
1.02906
1.02894
1.02991
1.02953
1.03038
1.03025
1.0283
1.02639
1.02565
1.02531
1.02511
1.02594
1.02536
1.02695
1.02815
1.02778
1.02851
1.02723
1.02816
1.02837
1.0305
1.03151
1.03129
1.03087
1.02922
1.02947
1.02892
1.0284
1.02925
1.02872
1.02752
1.02825
1.02741
1.03042
1.03134
1.02948
1.02879
1.02672
1.0259
1.02556
1.02495
1.02545
1.02547
1.02475
1.02389
1.02427
1.02558
1.0272
1.02828
1.02698
1.02386
1.02357
1.02439
1.02315
1.02133
1.02124
1.01933
1.01918
1.01975
1.02306
1.02294
1.02208
1.02286
1.0227
1.02248
1.02203
1.0214
1.02257
1.0231
1.02168
1.02083
1.02069
1.02136
1.02319
1.02121
1.01951
1.01771
1.01791
1.01849
1.02195
1.02216
1.02195
1.02258
1.02383
1.02402
1.02259
1.02444
1.02115
1.02196
1.01978
1.01924
1.02041
1.02175
1.02158
1.02266
1.02432
1.0249
1.02388
1.02514
1.02467
1.02533
1.02638
1.02544
1.02755
1.02706
1.02703
1.02636
1.02736
1.02636
1.02601
1.02651
1.02552
1.02599
1.02709
1.02614
1.02611
1.02483
1.0224
1.02304
1.02296
1.02176
1.02269
1.02343
1.02464
1.02233
1.02299
1.02313
1.02239
1.02148
1.02017
1.02166
1.01914
1.01973
1.0194
1.01869
1.02018
1.0194
1.01902
1.01952
1.01955
1.01971
1.02204
1.01949
1.01909
1.01979
1.02106
1.02312
1.02462
1.02374
1.02378
1.02321
1.02359
1.02387
1.02228
1.02022
1.01883
1.01755
1.01666
1.0181
1.01743
1.01747
1.0166
1.01882
1.01756
1.017
1.01742
1.0191
1.01816
1.01704
1.01616
1.0172
1.01692
1.01776
1.01854
1.02089
1.02037
1.01894
1.01902
1.0175
1.01744
1.01704
1.01939
1.01829
1.01651
1.0165
1.0154
1.01507
1.01598
1.01566
1.01719
1.017
1.01729
1.0175
1.01745
1.02056
1.02115
1.01984
1.02088
1.02338
1.02496
1.02406
1.02338
1.02307
1.0246
1.02587
1.02461
1.02372
1.02334
1.02179
1.02327
1.02332
1.0227
1.02209
1.02529
1.0255
1.02449
1.02371
1.02221
1.02334
1.02329
1.02234
1.02303
1.02287
1.02437
1.02448
1.02545
1.02677
1.02766
1.02764
1.02752
1.02629
1.02721
1.02654
1.0264
1.02579
1.02785
1.02608
1.02524
1.02351
1.02254
1.02233
1.02388
1.02394
1.02323
1.02116
1.02253
1.02221
1.02194
1.0222
1.0209
1.02226
1.02278
1.02174
1.02327
1.02303
1.02487
1.02295
1.0231
1.02165
1.02336
1.02199
1.02372
1.02313
1.02394
1.02435
1.02435
1.02335
1.02196
1.02306
1.02458
1.02395
1.02356
1.0244
1.02354
1.02458
1.02509
1.02643
1.02785
1.02766
1.02715
1.02721
1.02815
1.02666
1.02862
1.02969
1.03167
1.03159
1.03124
1.03087
1.03058
1.03001
1.03053
1.03082
1.03029
1.03077
1.02858
1.02932
1.03031
1.03049
1.03137
1.03221
1.03201
1.03102
1.03218
1.03301
1.03208
1.02981
1.03001
1.03096
1.02857
1.02975
1.03192
1.0316
1.02963
1.02973
1.02976
1.03028
1.03167
1.03078
1.02888
1.02956
1.02855
1.02968
1.02942
1.02853
1.03033
1.03187
1.03149
1.03102
1.03098
1.03155
1.03176
1.03191
1.03197
1.03154
1.02921
1.02734
1.02683
1.02677
1.02513
1.02459
1.02478
1.02625
1.02683
1.02795
1.02858
1.02977
1.03016
1.03182
1.03256
1.03256
1.03185
1.03345
1.03267
1.03541
1.03455
1.03577
1.03579
1.03706
1.03844
1.03988
1.03939
1.03886
1.04007
1.04061
1.03827
1.03762
1.0375
1.03752
1.03768
1.0368
1.0374
1.03688
1.03573
1.03496
1.0346
1.03113
1.0293
1.03042
1.03082
1.03121
1.03086
1.02975
1.02863
1.02767
1.02881
1.02998
1.02999
1.02873
1.02897
1.02934
1.02956
1.03262
1.0339
1.03294
1.02913
1.02786
1.02795
1.02965
1.02993
1.03034
1.02989
1.02974
1.02813
1.02684
1.0297
1.03094
1.03158
1.03237
1.03194
1.03185
1.03043
1.03142
1.03076
1.02946
1.03049
1.03116
1.03012
1.02957
1.02885
1.02801
1.02808
1.02831
1.0278
1.02906
1.03006
1.02626
1.02683
1.02627
1.02661
1.02549
1.02366
1.02393
1.02244
1.02197
1.02161
1.02237
1.02145
1.02044
1.01926
1.02069
1.01992
1.01791
1.01793
1.01594
1.01639
1.01567
1.01477
1.01543
1.01511
1.01355
1.01478
1.01491
1.01568
1.01657
1.01677
1.01778
1.01898
1.01871
1.01858
1.01785
1.01768
1.01875
1.01969
1.02235
1.02172
1.02016
1.02223
1.02238
1.02518
1.02556
1.02499
1.02452
1.0258
1.02737
1.02779
1.02715
1.02635
1.02611
1.0271
1.0256
1.02689
1.02563
1.02513
1.02351
1.02464
1.02366
1.02305
1.02337
1.02149
1.02067
1.02166
1.02003
1.01907
1.0192
1.01723
1.01895
1.01943
1.01962
1.01962
1.02169
1.02191
1.02098
1.01922
1.01837
1.0194
1.01805
1.01767
1.01826
1.01761
1.01775
1.01951
1.02048
1.01918
1.01836
1.01809
1.01665
1.01789
1.01881
1.01936
1.02042
1.02089
1.02127
1.02164
1.02239
1.02199
1.02056
1.01986
1.02185
1.02197
1.0209
1.02097
1.02082
1.02145
1.01979
1.01954
1.01881
1.01948
1.02016
1.02045
1.01999
1.02043
1.02114
1.02265
1.02274
1.02446
1.02402
1.02487
1.02543
1.02442
1.02341
1.02497
1.02741
1.02755
1.03004
1.02853
1.02992
1.03164
1.03152
1.03195
1.03161
1.03093
1.03054
1.02886
1.02891
1.03128
1.0294
1.0306
1.03235
1.03079
1.03099
1.02982
1.03049
1.03195
1.0317
1.03279
1.03165
1.03175
1.03067
1.02904
1.02826
1.02748
1.02732
1.02809
1.02671
1.02608
1.02387
1.02245
1.02017
1.01972
1.02034
1.01994
1.01879
1.01925
1.01909
1.01922
1.01978
1.01978
1.01834
1.01715
1.01846
1.01821
1.01708
1.01445
1.01296
1.01316
1.01136
1.0137
1.01459
1.01436
1.0166
1.01779
1.01725
1.01762
1.01613
1.01682
1.01843
1.01877
1.01906
1.0195
1.02058
1.01905
1.02025
1.01884
1.01875
1.01707
1.01743
1.01944
1.02014
1.02044
1.01987
1.02048
1.02261
1.02172
1.02149
1.02072
1.02101
1.02118
1.02262
1.02202
1.02157
1.02127
1.02113
1.02153
1.02207
1.02196
1.02118
1.02138
1.02089
1.01907
1.02005
1.02119
1.01897
1.01856
1.01946
1.01752
1.01865
1.01836
1.01968
1.02132
1.02118
1.02041
1.02301
1.02209
1.02199
1.02374
1.02388
1.02507
1.02469
1.02395
1.02353
1.02267
1.02329
1.02187
1.02344
1.02575
1.02384
1.02437
1.02587
1.02796
1.02688
1.02945
1.02947
1.02944
1.03125
1.03151
1.03224
1.03335
1.03329
1.03545
1.03328
1.03257
1.03298
1.0318
1.03308
1.03392
1.03379
1.03484
1.03438
1.03412
