-0.123868
-0.11574
-0.107915
-0.0981572
-0.0895293
-0.0806652
-0.0744293
-0.0694999
-0.062669
-0.0551643
-0.0466611
-0.0392456
-0.0333249
-0.0267376
-0.0192389
-0.011061
-0.00449627
0.00192041
0.00901902
0.0153041
0.0213664
0.0290098
0.0354941
0.0420204
0.0477931
0.0539003
0.0606955
0.0674226
0.0732028
0.0796258
0.08783
0.0940798
0.100224
0.106463
0.109945
0.116922
0.123158
0.129136
0.136132
0.144052
0.149695
0.157074
0.165089
0.170202
0.175392
0.183591
0.188379
0.196108
0.203386
0.20863
0.213916
0.220922
0.226157
0.231611
0.23798
0.244012
0.24949
0.256361
0.261671
0.267775
0.271213
0.276135
0.28167
0.286697
0.291169
0.294662
0.301623
0.307072
0.313731
0.319397
0.323586
0.329894
0.333735
0.33936
0.343167
0.347757
0.354099
0.359158
0.367498
0.374046
0.380498
0.385677
0.388883
0.393622
0.39847
0.400125
0.403722
0.405549
0.408672
0.412381
0.415664
0.420054
0.423761
0.426005
0.42905
0.433143
0.438508
0.44465
0.448759
0.452917
0.458283
0.462815
0.46614
0.470496
0.476574
0.48276
0.48606
0.488917
0.491149
0.493243
0.496459
0.501754
0.50384
0.506232
0.509627
0.513366
0.519507
0.523371
0.52723
0.52983
0.535173
0.538122
0.543606
0.547367
0.549513
0.553096
0.555954
0.560194
0.564865
0.568917
0.571599
0.575355
0.577724
0.580189
0.584102
0.587345
0.589834
0.593372
0.595807
0.598798
0.602293
0.608381
0.610496
0.612614
0.617436
0.621942
0.625095
0.627754
0.630284
0.630271
0.631899
0.634578
0.637215
0.639729
0.64251
0.645923
0.64777
0.650299
0.652698
0.655274
0.659355
0.660338
0.663941
0.665226
0.668392
0.671211
0.673968
0.677192
0.679334
0.681926
0.68541
0.687256
0.688802
0.689632
0.693015
0.694923
0.696122
0.699814
0.700174
0.70373
0.706007
0.708662
0.713357
0.717124
0.719005
0.720539
0.721048
0.722269
0.724275
0.72541
0.728892
0.730706
0.732171
0.733327
0.735938
0.740259
0.74323
0.744829
0.747155
0.748876
0.750383
0.752368
0.754881
0.756847
0.758561
0.759908
0.760098
0.762682
0.765286
0.765189
0.766208
0.767187
0.769837
0.773087
0.775719
0.77863
0.779608
0.782055
0.784703
0.787261
0.788601
0.790596
0.793362
0.793309
0.796822
0.79678
0.796964
0.798324
0.797765
0.799227
0.797991
0.799962
0.801286
0.803231
0.804675
0.8064
0.807215
0.808607
0.810821
0.812496
0.814517
0.815261
0.816727
0.819578
0.818008
0.818084
0.817713
0.820391
0.821144
0.822191
0.822888
0.827347
0.826579
0.828431
0.829369
0.831859
0.835152
0.835115
0.835506
0.838177
0.839369
0.839343
0.841919
0.842798
0.843683
0.844629
0.84569
0.847344
0.848818
0.849471
0.850107
0.852925
0.852886
0.85458
0.855787
0.858378
0.859292
0.860358
0.860632
0.862462
0.862892
0.864676
0.866461
0.866574
0.869926
0.871427
0.873732
0.875463
0.876639
0.879039
0.881965
0.883441
0.884343
0.885488
0.885835
0.88778
0.888268
0.890237
0.890519
0.890358
0.890293
0.891342
0.893272
0.894098
0.893366
0.895102
0.896056
0.89729
0.899528
0.902033
0.902327
0.90164
0.9019
0.904002
0.905035
0.906175
0.906135
0.908327
0.912402
0.913452
0.915072
0.915558
0.913393
0.915366
0.915171
0.914865
0.914212
0.91566
0.915425
0.916885
0.917747
0.916919
0.917035
0.917565
0.918771
0.920013
0.919857
0.921163
0.921818
0.922724
0.923643
0.926069
0.925073
0.925871
0.926563
0.924764
0.924392
0.925395
0.924943
0.925788
0.926759
0.926854
0.930181
0.931672
0.93146
0.9309
0.930199
0.932117
0.935364
0.935909
0.937823
0.939122
0.941336
0.943571
0.943944
0.945344
0.945986
0.946293
0.948414
0.948999
0.949938
0.949879
0.951888
0.952293
0.953137
0.954427
0.953344
0.955123
0.954809
0.955276
0.956802
0.956385
0.956449
0.955978
0.956603
0.95742
0.958196
0.960578
0.961388
0.961876
0.963212
0.964351
0.966809
0.964705
0.966466
0.966621
0.969582
0.969441
0.970818
0.968797
0.966609
0.967454
0.966959
0.968321
0.968961
0.969355
0.96792
0.966431
0.966673
0.966844
0.967716
0.968326
0.96841
0.968998
0.970731
0.972121
0.974159
0.973765
0.975897
0.976185
0.976471
0.975743
0.976078
0.977392
0.977584
0.977623
0.978441
0.978282
0.979134
0.97949
0.980616
0.981574
0.983153
0.984006
0.984505
0.984668
0.986309
0.986924
0.986096
0.986229
0.986234
0.985851
0.985131
0.985165
0.98559
0.98683
0.988316
0.986552
0.986248
0.985934
0.986526
0.987829
0.987348
0.989802
0.991435
0.993659
0.992861
0.993549
0.993648
0.992907
0.994936
0.994266
0.997317
0.996196
0.997224
0.996319
0.994483
0.993914
0.993545
0.992476
0.995481
0.994827
0.996257
0.996889
0.998402
0.999443
0.999029
0.997395
0.99645
0.997555
0.99641
0.997333
0.997222
0.997563
0.998855
0.999009
0.998574
0.998248
0.99865
0.998317
0.997646
0.997008
0.996119
0.997655
0.996587
0.997436
0.998011
0.999662
1
1.00124
1.00184
1.002
1.00231
1.00205
1.00309
1.0018
1.00202
1.00511
1.0055
1.00452
1.00555
1.00527
1.00528
1.00582
1.00671
1.00581
1.00634
1.00547
1.00551
1.00518
1.00396
1.00327
1.00419
1.00519
1.00433
1.00336
1.00337
1.00287
1.00386
1.00512
1.00561
1.00434
1.00668
1.00741
1.0088
1.00748
1.00647
1.00714
1.00739
1.00867
1.01084
1.00976
1.01147
1.012
1.01224
1.01129
1.01321
1.01543
1.01756
1.0175
1.01799
1.01685
1.01609
1.01592
1.01845
1.01787
1.01682
1.01652
1.01592
1.0153
1.01553
1.01631
1.01809
1.01683
1.01795
1.01818
1.0195
1.01845
1.01865
1.01875
1.01755
1.01748
1.0181
1.01763
1.01852
1.01897
1.01896
1.01861
1.01862
1.01898
1.01796
1.01729
1.01741
1.01709
1.01637
1.01691
1.01943
1.01865
1.019
1.0219
1.02243
1.02238
1.0214
1.02038
1.0194
1.01816
1.01792
1.01711
1.01664
1.01777
1.01632
1.01601
1.01482
1.01396
1.01507
1.01584
1.01744
1.01683
1.01531
1.01286
1.01041
1.00988
1.01069
1.01018
1.01113
1.01097
1.01214
1.01127
1.01164
1.01246
1.01425
1.01404
1.01414
1.01447
1.0146
1.01471
1.01473
1.01268
1.01083
1.01215
1.01271
1.01406
1.01416
1.01238
1.01135
1.01306
1.01455
1.01446
1.0158
1.01381
1.01371
1.01155
1.01187
1.01168
1.01252
1.01307
1.01393
1.01404
1.01341
1.0138
1.01383
1.01471
1.01494
1.01362
1.01453
1.01514
1.01605
1.01551
1.0174
1.01726
1.01591
1.01537
1.01277
1.00979
1.01193
1.01179
1.01285
1.01189
1.01075
1.01085
1.01054
1.01084
1.01253
1.01113
1.0096
1.0117
1.01147
1.01137
1.00992
1.01048
1.01056
1.0094
1.01041
1.00986
1.00956
1.00885
1.01012
1.00806
1.00745
1.00822
1.00638
1.0066
1.0072
1.00899
1.00762
1.00746
1.00702
1.00607
1.00679
1.00692
1.00629
1.00734
1.00844
1.00723
1.00824
1.00836
1.00622
1.00505
1.00611
1.00563
1.00498
1.00451
1.00538
1.00356
1.00395
1.00239
1.00126
1.00337
1.00245
1.00233
1.00086
1.00027
1.0012
1.00121
0.99986
0.999181
0.998309
1.00025
1.00331
1.00165
1.0019
1.00353
1.00257
1.00361
1.00392
1.00453
1.00205
1.00267
1.00211
1.00298
1.00505
1.00561
1.00379
1.00334
1.00277
1.00254
1.00146
1.00169
1.00137
1.00055
1.00203
1.00352
1.0035
1.00319
1.00472
1.00384
1.00311
1.00302
1.00216
1.00315
1.00368
1.00378
1.00636
1.00545
1.00511
1.00544
1.00394
1.00369
1.00419
1.00371
1.00369
1.00321
1.0039
1.00492
1.00582
1.00748
1.00773
1.00794
1.0073
1.0088
1.0084
1.00966
1.00898
1.01
1.01071
1.01001
1.01027
1.01016
1.00997
1.00867
1.00936
1.0081
1.00924
1.00806
1.00949
1.00885
1.00916
1.00704
1.00807
1.00946
1.00965
1.00994
1.00991
1.01014
1.00839
1.00784
1.00843
1.00999
1.01038
1.00884
1.0084
1.00933
1.01062
1.01028
1.01236
1.01272
1.01346
1.01342
1.01313
1.01338
1.01474
1.01468
1.01547
1.01697
1.01467
1.01534
1.01508
1.01595
1.01778
1.01769
1.01709
1.0171
1.01772
1.01598
1.01596
1.01684
1.01705
1.01576
1.01597
1.01687
1.01608
1.01727
1.01657
1.01661
1.01576
1.01571
1.01549
1.01492
1.01509
1.01388
1.01199
1.01367
1.0142
1.01387
1.01467
1.01544
1.0143
1.01476
1.01331
1.013
1.01289
1.01191
1.01327
1.01305
1.01179
1.01095
1.01158
1.00916
1.00809
1.0093
1.01045
1.01031
1.00976
1.00937
1.00746
1.00738
1.00832
1.00851
1.00908
1.00891
1.00959
1.00945
1.0088
1.01008
1.00968
1.0073
1.00649
1.00672
1.00618
1.00724
1.00698
1.00732
1.00815
1.00995
1.01112
1.01109
1.01189
1.01254
1.01278
1.01268
1.01217
1.01211
1.01015
1.00833
1.00652
1.00552
1.00551
1.00594
1.0046
1.00392
1.00358
1.0025
1.00321
1.00367
1.00594
1.00711
1.0067
1.00601
1.00697
1.00512
1.00438
1.00374
1.00453
1.00557
1.00526
1.00514
1.00692
1.00738
1.00693
1.00521
1.00555
1.00736
1.00725
1.00757
1.00828
1.00857
1.00755
1.0095
1.01008
1.00887
1.00715
1.00805
1.00985
1.0112
1.01149
1.01325
1.01309
1.01479
1.01537
1.01374
1.01338
1.01208
1.01124
1.01156
1.0129
1.01394
1.01399
1.01313
1.0138
1.01517
1.01604
1.01523
1.01385
1.01321
1.01058
1.0111
1.01259
1.01326
1.01236
1.01164
1.01154
1.01124
1.01078
1.01133
1.00979
1.00972
1.00902
1.00664
1.00735
1.00843
1.00821
1.01009
1.01039
1.01065
1.01021
1.01066
1.01194
1.0114
1.01031
1.00885
1.01075
1.01098
1.01064
1.01061
1.01122
1.01244
1.01317
1.01242
1.01395
1.01423
1.01357
1.01254
1.01173
1.0119
1.01211
1.01127
1.01093
1.01255
1.01215
1.01195
1.01218
1.01228
1.01289
1.01223
1.01419
1.01607
1.01568
1.01616
1.01679
1.0178
1.01754
1.01574
1.01662
1.01553
1.01463
1.01448
1.01514
1.01609
1.01613
1.01587
1.01544
1.01411
1.0127
1.01499
1.01578
1.01503
1.0157
1.01507
1.015
1.01251
1.0116
1.01178
1.01092
1.01083
1.01215
1.01127
1.01001
1.00913
1.00942
1.00898
1.00837
1.00791
1.00957
1.01059
1.01059
1.01027
1.00962
1.00973
1.0096
1.01143
1.01001
1.00972
1.00926
1.01139
1.01326
1.01264
1.01364
1.01525
1.0152
1.01479
1.01504
1.01591
1.01672
1.01746
1.01737
1.01634
1.01623
1.01624
1.01605
1.01688
1.01742
1.01572
1.0168
1.01789
1.01801
1.01647
1.01631
1.01817
1.01682
1.01761
1.01823
1.01891
1.02193
1.02166
1.02195
1.02281
1.02243
1.02393
1.02302
1.02366
1.02546
1.02727
1.02703
1.02709
1.02693
1.02865
1.02898
1.02927
1.03128
1.0322
1.03124
1.03282
1.03496
1.0364
1.03756
1.03743
1.03576
1.03602
1.03564
1.03598
1.03748
1.03794
1.03863
1.03824
1.03722
1.03716
1.03799
1.03677
1.03794
1.03813
1.03826
1.03873
1.03782
1.03928
1.03876
1.03757
1.03713
1.03725
1.03847
1.03787
1.0357
1.03522
1.0344
1.03327
1.03211
1.03162
1.03241
1.03148
1.03171
1.03327
1.03387
1.03371
1.03429
1.03518
1.0345
1.03478
1.036
1.03725
1.03641
1.03787
1.03818
1.03655
1.03601
1.03781
1.03894
1.04076
1.04134
1.04064
1.04152
1.04155
1.04038
1.03949
1.03859
1.03893
1.03773
1.03669
1.0389
1.03754
1.03778
1.03796
1.03861
1.03963
1.03976
1.03948
1.04034
1.04225
1.04128
1.04106
1.04073
1.04141
1.04079
1.0402
1.04038
1.0396
1.03846
1.03826
1.0378
1.03844
1.04009
1.03901
1.04118
1.04366
1.0422
1.0425
1.04322
1.04154
1.04205
1.04234
1.04319
1.04321
1.04118
1.04013
1.03954
1.04141
1.04061
1.04199
1.04334
1.04341
1.04416
1.04466
1.04502
1.0455
1.04443
1.04345
1.04409
1.04372
1.04331
1.04258
1.04227
1.04279
1.04344
1.04278
1.04262
1.04261
1.04279
1.04168
1.04096
1.04058
1.03836
1.03857
1.03771
1.0365
1.03649
1.03674
1.0376
1.03752
1.03919
1.03895
1.03815
1.03853
1.03947
1.03886
1.03944
1.03874
1.0389
1.03922
1.03925
1.04033
1.04019
1.04067
1.03929
1.03717
1.03832
1.03724
1.03754
1.03893
1.03864
1.04112
1.04148
1.03912
1.03918
1.039
1.0421
1.04173
1.04183
1.04099
1.03951
1.03702
1.03726
1.03796
1.03704
1.03814
1.03827
1.03985
1.03806
1.0383
1.03968
1.04112
1.03997
1.04101
1.04086
1.04039
1.04155
1.04234
1.04194
1.04188
1.04311
1.04187
1.04094
1.04312
1.04331
1.04156
1.04023
1.04107
1.04205
1.04052
1.0408
1.04123
1.04085
1.0409
1.03947
1.03892
1.0396
1.03943
1.03904
1.03885
1.03778
1.03809
1.03799
1.03813
1.03853
1.03911
1.03956
1.04014
1.03926
1.03928
1.03964
1.03968
1.04011
1.0419
1.04373
1.04211
1.04188
1.04157
1.04064
1.04042
1.0407
1.0419
1.0427
1.04383
1.04351
1.04402
1.04335
1.04255
1.04226
1.04247
1.0445
1.0466
1.04616
1.04633
1.04721
1.04787
1.0492
1.04906
1.04749
1.04647
1.04702
1.04715
1.04553
1.0458
1.04483
1.04383
1.04134
1.04084
1.04319
1.04284
1.04234
1.04368
1.04398
1.04164
1.0413
1.04165
1.0418
1.04248
1.0421
1.04062
1.03913
1.03712
1.03672
1.03673
1.03856
1.04
1.04085
1.04223
1.04262
1.04178
1.04266
1.04506
1.04738
1.04718
1.04676
1.04581
1.04538
1.04412
1.04448
1.04612
1.04522
1.04454
1.04499
1.04534
1.04338
1.04295
1.04149
1.04132
1.04262
1.04135
1.04181
1.04297
1.04312
1.04227
1.04175
1.0397
1.0385
1.03992
1.03883
1.03949
1.04178
1.04221
1.04167
1.0415
1.04183
1.0429
1.04563
1.04434
1.04449
1.04396
1.04492
1.04506
1.04661
1.04773
1.04734
1.04687
1.04684
1.04648
1.0469
1.04711
1.04672
1.04649
1.04646
1.04772
1.04848
1.04826
1.04721
1.04859
1.04733
1.04674
1.04458
1.04424
1.04525
1.04575
1.04584
1.04736
1.04686
1.04566
1.04509
1.04541
1.04641
1.04553
1.04589
1.04666
1.04458
1.04387
1.04397
1.04235
1.0429
1.04382
1.04532
1.04594
1.04594
1.04609
1.04661
1.04778
1.04618
1.04608
1.04722
1.04661
1.04452
1.04372
1.0425
1.04279
1.04216
1.04203
1.04238
1.0399
1.03994
1.04098
1.0406
1.0386
1.0392
1.0391
1.03869
1.03625
1.03518
1.03811
1.03775
1.03648
1.03908
1.04036
1.03838
1.03881
1.03731
1.03878
1.03789
1.03738
1.0368
1.03698
1.0381
1.03893
1.04027
1.0411
1.04064
1.04091
1.04089
1.0411
1.04139
1.04106
1.0407
1.04063
1.03897
1.0395
1.04019
1.03971
1.0403
1.04159
1.04205
1.04282
1.04416
1.04385
1.04263
1.04286
1.04412
1.04484
1.04399
1.04345
1.04194
1.04173
1.04166
1.04208
1.0436
1.0432
1.04239
1.0416
1.04161
1.04448
1.04369
1.04209
1.04178
1.04093
1.03999
1.0397
1.03963
1.03879
1.03881
1.0393
1.03906
1.03754
1.03877
1.03597
1.03618
1.03662
1.03696
1.0367
1.03464
1.0335
1.03402
1.03501
1.03606
1.03644
1.03513
1.03525
1.03492
1.03546
1.03224
1.03272
1.03181
1.02973
1.03014
1.02962
1.02944
1.0291
1.02883
1.02974
1.03097
1.03061
1.03191
1.03284
1.03306
1.03465
1.03704
1.03773
1.0368
1.03596
1.03508
1.0342
1.03441
1.03239
1.0324
1.03119
1.03182
1.03262
1.03362
1.03367
1.03377
1.03497
1.03295
1.03347
1.03189
1.03128
1.02954
1.02822
1.02878
1.03002
1.03027
1.03122
1.02951
1.03108
1.03292
1.03362
1.03594
1.03756
1.03833
1.0382
1.03702
1.03675
1.03698
1.03675
1.03587
1.03818
1.03672
1.03735
1.03608
1.03381
1.03556
1.03522
1.03561
1.0375
1.03876
1.03738
1.03826
1.03821
1.03823
1.03711
1.0373
1.03922
1.03989
1.04109
1.04161
1.04179
1.04153
1.0414
1.04064
1.03966
1.03803
1.03554
1.03452
1.03421
1.03599
1.03607
1.03554
1.0372
1.03635
1.03634
1.03836
1.03793
1.03849
1.03843
1.03928
1.03877
1.03822
1.03737
1.03627
1.03646
1.03751
1.03954
1.04029
1.03904
1.03878
1.03999
1.03846
1.03921
1.03748
1.03596
1.0354
1.0351
1.03506
1.03468
1.03436
1.03528
1.03431
1.03483
1.0332
1.03368
1.03304
1.0332
1.03302
1.03419
1.03312
1.03432
1.03472
1.03508
1.0341
1.03312
1.03503
1.03489
1.0334
1.03396
1.03551
1.03526
1.03754
1.03593
1.03585
1.03594
1.03291
1.03289
1.03416
1.03482
1.03312
1.03303
1.03513
1.03434
1.03284
1.03107
1.03118
1.03122
1.02872
1.0287
1.02944
1.02798
1.0282
1.02861
1.02672
1.02542
1.02575
1.02491
1.02454
1.02475
1.02514
1.02626
1.02961
1.02971
1.02996
1.03077
1.02947
1.0286
1.02813
1.0273
1.02556
1.02423
1.02313
1.02237
1.02333
1.02541
1.02564
1.02361
1.0223
1.02014
1.02012
1.0218
1.02401
1.02158
1.02125
1.02102
1.02299
1.02329
1.02435
1.02426
1.02429
1.0245
1.02268
1.02178
1.02297
1.02231
1.02321
1.02433
1.02392
1.02419
1.02561
1.0263
1.02498
1.0239
1.0238
1.02337
1.02151
1.01886
1.01793
1.01817
1.01857
1.01981
1.01912
1.01869
1.01953
1.01801
1.01773
1.01794
1.01841
1.01748
1.01771
1.01627
1.01569
1.01521
1.01689
1.01674
1.01708
1.01675
1.01501
1.01296
1.01276
1.01329
1.01389
1.01402
1.01138
1.01026
1.01094
1.01272
1.01575
1.01652
1.01807
1.01756
1.01832
1.01855
1.01823
1.01953
1.0196
1.01939
1.01908
1.01868
1.01625
1.01513
1.01531
1.01545
1.01538
1.01408
1.0149
1.01475
1.01277
1.01408
1.01255
1.0113
1.00851
1.00833
1.00838
1.00875
1.00974
1.00975
1.0091
1.00976
1.01007
1.01036
1.01042
1.01091
1.01128
1.01123
1.01107
1.01075
1.01171
1.01066
1.00837
1.00855
1.00909
1.01059
1.01257
1.01225
1.01137
1.01058
1.01038
1.01003
1.01115
1.01036
1.01103
1.00976
1.00782
1.0069
1.00618
1.00691
1.0067
1.00751
1.00678
1.00582
1.00555
1.00374
1.00277
1.00188
1.0015
1.00201
1.00297
1.00388
1.00462
1.00428
1.00353
1.00339
1.00326
1.00374
1.0054
1.00525
1.00495
1.00441
1.00564
1.00561
1.00435
1.00421
1.00402
1.00368
1.00491
1.00432
1.00235
1.00476
1.00488
1.00499
1.00482
1.00305
1.00327
1.00439
1.0041
1.00468
1.00482
1.00728
1.00662
1.00682
1.00881
1.00917
1.00969
1.01101
1.01158
1.01086
1.01016
1.00942
1.00875
1.0077
1.00714
1.00459
1.00305
1.00257
1.00259
1.00183
1.00082
0.999638
0.998985
0.998683
0.997675
0.996902
0.996086
0.995464
0.996513
0.995144
0.996001
0.996907
0.996065
0.99594
0.994449
0.993393
0.996662
0.994844
0.994729
0.995127
0.993835
0.993179
0.993765
0.993915
0.99463
0.994896
0.994099
0.995044
0.995874
0.998211
0.99989
1.00109
1.00139
1.00166
0.999968
0.998555
0.997374
0.99696
0.996995
0.996925
0.995143
0.995134
0.994084
0.994026
0.994826
0.994603
0.993401
0.994906
0.99546
0.995151
0.996233
0.995628
0.995234
0.997851
0.998736
0.999173
0.99762
0.997874
0.998799
1.00225
1.00181
1.00359
1.0035
1.00298
1.00412
1.00594
1.00396
1.00247
1.00285
1.00264
1.00092
1.00289
1.00275
1.00477
1.00301
1.00381
1.00405
1.00583
1.00749
1.00568
1.00724
1.00652
1.0089
1.00889
1.00971
1.00848
1.01006
1.00917
1.01217
1.01326
1.01222
1.01059
1.01014
1.01055
1.01023
1.01122
1.00977
1.0104
1.01268
1.01422
1.016
1.01489
1.01545
1.01409
1.01317
1.01425
1.01386
1.01293
1.01129
1.01201
1.01229
1.01174
1.01032
1.01069
1.01205
1.01279
1.01417
1.01372
1.0129
1.0126
1.01408
1.01231
1.0124
1.01288
1.0128
1.01367
1.01421
1.01454
1.01586
1.01631
1.01723
1.01715
1.01649
1.01682
1.01573
1.01578
1.01572
1.01661
1.01448
1.01485
1.01392
1.01477
1.01504
1.01467
1.01375
1.01254
1.01209
1.01298
1.01145
1.01214
1.01068
1.0129
1.01144
1.0094
1.00861
1.00748
1.00786
1.0081
1.01048
1.01159
1.01214
1.01295
1.01283
1.01201
1.01225
1.00989
1.0118
1.01278
1.0113
1.01063
1.01169
1.01328
1.01385
1.01202
1.01237
1.01287
1.01346
1.01242
1.0133
1.01271
1.01153
1.01193
1.01081
1.01327
1.01432
1.01459
1.01642
1.01722
1.01864
1.01641
1.01622
1.01716
1.01807
1.0186
1.01854
1.01811
1.0182
1.01696
1.01729
1.01703
1.01699
1.01503
1.01425
1.01367
1.01394
1.01303
1.00971
1.00894
1.00796
1.00668
1.00622
1.00631
1.00484
1.00488
1.00381
1.00431
1.00496
1.00525
1.00567
1.00513
1.006
1.00801
1.00759
1.00775
1.00868
1.00773
1.00802
1.00653
1.00482
1.00583
1.00537
1.00527
1.0044
1.00381
1.00289
1.0027
1.00197
1.00151
1.0025
1.00478
1.00345
1.0025
1.00282
1.00434
1.00368
1.00362
1.00385
1.00332
1.00336
1.00395
1.00643
1.00612
1.00574
1.00505
1.00545
1.00365
1.00364
1.00314
1.00394
1.00451
1.00758
1.00539
1.00609
1.0064
1.00692
1.00732
1.00778
1.00838
1.00906
1.00872
1.00929
1.00946
1.00786
1.00826
1.00971
1.01127
1.01095
1.00845
1.00748
1.00881
1.00778
1.00805
1.00911
1.01036
1.00959
1.00798
1.00714
1.00687
1.0065
1.0062
1.0047
1.00426
1.00582
1.00282
1.00319
1.00175
1.0022
1.00269
1.00323
1.00313
1.00432
1.00466
1.00498
1.00614
1.00605
1.00459
1.00523
1.00555
1.00712
1.00609
1.00585
1.00483
1.00359
1.00564
1.00321
1.00425
1.00622
1.00793
1.00862
1.00759
1.0092
1.00937
1.00816
1.0086
1.00956
1.00993
1.01075
1.0124
1.01205
1.01051
1.01032
1.0079
1.00988
1.01003
1.00995
1.00861
1.0086
1.00697
1.0068
1.00691
1.00636
1.00758
1.00896
1.00784
1.00755
1.0052
1.00635
1.00598
1.00508
1.00575
1.00611
1.00644
1.00694
1.00649
1.00687
1.0057
1.00369
1.00372
1.00403
1.00559
1.00775
1.00705
1.00857
1.00814
1.01053
1.00978
1.01089
1.01142
1.01133
1.01064
1.01113
1.01285
1.01271
1.0134
1.01284
1.01172
1.01182
1.0114
1.00956
1.00914
1.01048
1.01028
1.01186
1.01138
1.01259
1.01196
1.01424
1.01404
1.01261
1.01395
1.0147
1.01397
1.01396
1.01605
1.0163
1.01697
1.01489
1.01421
1.01417
1.01524
1.01479
1.01416
1.01605
1.01569
1.01544
1.01542
1.01512
1.01592
1.01602
1.0151
1.0164
1.01617
1.01639
1.01806
1.01687
1.01634
1.01606
1.01628
1.01549
1.01553
1.01535
1.01522
1.01653
1.01709
1.0178
1.01877
1.0197
1.02184
1.01961
1.01889
1.01752
1.01797
1.01816
1.01865
1.01927
1.01823
1.0156
1.01525
1.01502
1.01615
1.01483
1.01462
1.01532
1.01625
1.01488
1.01609
1.01598
1.01568
1.01706
1.0179
1.02067
1.02275
1.02301
1.02225
1.02096
1.02274
1.02326
1.02301
1.02151
1.02213
1.02376
1.02375
1.02374
1.02156
1.02114
1.02113
1.02227
1.02228
1.02355
1.02328
1.02288
1.02388
1.0221
1.02407
1.02269
1.02154
1.01933
1.01864
1.01899
1.01855
1.02027
1.02171
1.02237
1.02346
1.02472
1.02431
1.02341
1.02371
1.02343
1.02175
1.02164
1.02422
1.02411
1.02455
1.02604
1.02604
1.02768
1.02804
1.02621
1.02832
1.02883
1.02676
1.02747
1.02537
1.02566
1.02741
1.02603
1.02506
1.02663
1.02638
1.02365
1.02424
1.02234
1.02344
1.02399
1.0219
1.02086
1.02065
1.01962
1.01983
1.01963
1.0178
1.01634
1.01842
1.01863
1.01809
1.02051
1.02231
1.02294
1.02173
1.02161
1.02116
1.02281
1.02311
1.0225
1.02477
1.02614
1.02602
1.02591
1.02657
1.02823
1.02803
1.02669
1.02827
1.0273
1.02771
1.02737
1.02879
1.02869
1.02639
1.02521
1.02573
1.02584
1.02736
1.02762
1.02675
1.02686
1.02555
1.02537
1.02516
1.02639
1.02765
1.02761
1.02757
1.0257
1.02612
1.02736
1.02684
1.02658
1.0274
1.02396
1.02484
1.02558
1.02487
1.02528
1.02684
1.02673
1.02789
1.03008
1.03131
1.03397
1.03458
1.03564
1.03412
1.03531
1.0349
1.03554
1.0379
1.0386
1.03929
1.03851
1.03832
1.03647
1.03815
1.03687
1.03855
1.03782
1.03776
1.03699
1.03752
1.03736
1.03919
1.03894
1.03782
1.03711
1.03553
1.03609
1.03812
1.03904
1.03632
1.0368
1.03883
1.03882
1.03959
1.03911
1.03884
1.03995
1.04114
1.03963
1.03908
1.03876
1.0384
1.03763
1.03683
1.03673
1.03784
1.03847
1.0393
1.04097
1.04228
1.04082
1.04185
1.03858
1.03709
1.03652
1.0366
1.03723
1.03779
1.03872
1.03844
1.04031
1.04042
1.04041
1.04237
1.04217
1.04217
1.04205
1.0406
1.04118
1.04297
1.04297
1.04404
1.04449
1.04442
1.04468
1.04508
1.04525
1.04676
1.0457
1.0451
1.0467
1.04673
1.04551
1.04635
1.04582
1.04516
1.04552
1.04648
1.0459
1.04716
1.04692
1.04646
1.0463
1.04589
1.04449
1.04595
1.0479
1.04742
1.04713
1.04655
1.04516
1.046
1.04519
1.04462
1.04463
1.04639
1.04488
1.0449
1.04566
1.0455
1.04516
1.04468
1.0446
1.04571
1.04581
1.0468
1.04684
1.04956
1.04887
1.05049
1.0505
1.04911
1.04791
1.0487
1.04764
1.04645
1.04621
1.04686
1.04489
1.0439
1.04344
1.04329
1.04506
1.04672
1.0447
1.04457
1.04504
1.04632
1.04652
1.04634
1.04641
1.04573
1.04771
1.04745
1.04745
1.04758
1.04775
1.0496
1.04667
1.04698
1.04688
1.04623
1.04661
1.04652
1.04686
1.04751
1.04739
1.04639
1.04563
1.04556
1.04447
1.04379
1.04324
1.0445
1.04244
1.04087
1.04151
1.04012
1.0397
1.04013
1.0407
1.03924
1.03803
1.03956
1.03927
1.03898
1.03864
1.03848
1.03959
1.0396
1.04114
1.04022
1.04083
1.03965
1.04114
1.04074
1.04135
1.04186
1.0433
1.04144
1.04256
1.04234
1.04106
1.04228
1.04223
1.04325
1.04309
1.04189
1.03996
1.04221
1.04012
1.03867
1.03745
1.038
1.03766
1.0401
1.04164
1.03996
1.03812
1.03709
1.03627
1.03791
1.03567
1.03405
1.0353
1.03568
1.03727
1.0373
1.03918
1.03814
1.03748
1.03682
1.03683
1.03631
1.03488
1.03403
1.03633
1.03689
1.03508
1.03455
1.03524
1.0374
1.03755
1.03807
1.03631
1.03514
1.03532
1.03456
1.03415
1.03231
1.03108
1.03184
1.03014
1.03126
1.03254
1.03271
1.03346
1.03425
1.03256
1.03093
1.03043
1.03286
1.03407
1.03333
1.03612
1.0372
1.03871
1.03872
1.03883
1.03846
1.03779
1.03838
1.03959
1.03871
1.03702
1.03681
1.03769
1.03817
1.0384
1.03791
1.03933
1.03896
1.03923
1.03879
1.03814
1.03906
1.04072
1.04042
1.04001
1.04008
1.041
1.04068
1.04193
1.04189
1.03914
1.03934
1.03894
1.04005
1.03944
1.03963
1.03854
1.03583
1.03524
1.03404
1.03443
1.03476
1.03503
1.03638
1.03492
1.03405
1.03371
1.03407
1.0355
1.03554
1.03726
1.03885
1.03818
1.03724
1.03831
1.03821
1.03885
1.03879
1.03978
1.03886
1.03631
1.03625
1.03462
1.03361
1.0336
1.03269
1.03156
1.03212
1.03298
1.03295
1.03115
1.02948
1.02871
1.02846
1.02782
1.02729
1.02759
1.02789
1.02742
1.02622
1.02323
1.02189
1.02147
1.0196
1.01898
1.02019
1.0208
1.01944
1.01908
1.01761
1.01743
1.01707
1.01634
1.01607
1.01533
1.01581
1.01562
1.01455
1.01488
1.01242
1.0125
1.00984
1.0093
1.00893
1.00832
1.00732
1.00616
1.0059
1.00623
1.00542
1.0074
1.00574
1.00558
1.00326
1.00509
1.00669
1.00775
1.00829
1.00954
1.00888
1.00632
1.00697
1.00685
1.00773
1.00776
1.00781
1.00862
1.00853
1.00867
1.00709
1.00664
1.00823
1.00941
1.00941
1.00906
1.01245
1.01211
1.01131
1.012
1.0141
1.01332
1.01243
1.01279
1.01452
1.01335
1.01346
1.0134
1.01337
1.01353
1.01217
1.01098
1.00819
1.00779
1.00742
1.0067
1.00783
1.00863
1.0079
1.00823
1.00736
1.0068
1.00718
1.00536
1.00503
1.00405
1.00556
1.00743
1.00695
1.00853
1.0099
1.01097
1.01192
1.01192
1.01218
1.01164
1.01161
1.01185
1.01009
1.00869
1.00737
1.00941
1.00994
1.01125
1.01036
1.01009
1.01218
1.01318
1.01261
1.01268
1.01158
1.01264
1.01035
1.01324
1.01429
1.01467
1.01545
1.015
1.01618
1.0167
1.01575
1.01623
1.01493
1.01703
1.01778
1.01826
1.01763
1.0189
1.01768
1.01941
1.0209
1.02196
1.0232
1.02328
1.02169
1.02288
1.02261
1.02289
1.02219
1.0224
1.02239
1.02215
1.02185
1.02063
1.02102
1.02072
1.02044
1.01991
1.02013
1.02216
1.02276
1.02508
1.02492
1.02679
1.02749
1.02884
1.02792
1.02757
1.02837
1.02819
1.03026
1.03131
1.03188
1.03353
1.035
1.03614
1.03791
1.03803
1.03726
1.03792
1.03788
1.03747
1.03662
1.0376
1.03533
1.03405
1.03594
1.03547
1.03499
1.0379
1.03822
1.03751
1.03619
1.03563
1.03707
1.03556
1.03725
1.03636
1.03534
1.03517
1.03683
1.03508
1.03522
1.03609
1.03653
1.03597
1.03549
1.03612
1.03661
1.03637
1.03585
1.03492
1.03627
1.03823
1.03957
1.03621
1.03573
1.03461
1.03421
1.03609
1.03804
1.03692
1.03595
1.03473
1.03585
1.03841
1.03999
1.03866
1.03549
1.03444
1.03523
1.0347
1.03303
1.03263
1.03247
1.03095
1.03127
1.03213
1.03215
1.03288
1.03132
1.03239
1.03236
1.03129
1.03054
1.03093
1.03139
1.02988
1.02997
1.03115
1.03202
1.03089
1.02971
1.02884
1.02649
1.02796
1.02794
1.02662
1.02546
1.02495
1.02501
1.02307
1.02479
1.02562
1.02584
1.0266
1.02771
1.02764
1.0285
1.02796
1.02711
1.02481
1.02533
1.02591
1.02786
1.02538
1.02647
1.02692
1.02758
1.02663
1.02884
1.02806
1.02882
1.03024
1.02991
1.03097
1.03194
1.03067
1.02963
1.02902
1.02892
1.03078
1.02981
1.02841
1.02913
1.02859
1.02977
1.02973
1.03036
1.03024
1.03106
1.03045
1.03035
1.03044
1.03168
1.03253
1.03155
1.03054
1.03185
1.03207
1.03257
1.03276
1.03261
1.03436
1.03299
1.03239
1.03231
1.03368
1.03202
1.03403
1.03111
1.03107
1.03088
1.03162
1.03038
1.03064
1.03109
1.03231
1.03207
1.02921
1.03004
1.03214
1.03229
1.033
1.03276
1.03307
1.03413
1.03389
1.034
1.0341
1.03317
1.03289
1.03139
1.03044
1.03089
1.03152
1.03202
1.03055
1.03215
1.0319
1.03263
1.03144
1.02964
1.0296
1.02689
1.02776
1.02985
1.0289
1.0281
1.02817
1.02831
1.02931
1.02912
1.02775
1.02785
1.02972
1.03062
1.02931
1.02896
1.03022
1.02854
1.02635
1.02497
1.02497
1.02598
1.02548
1.02608
1.02538
1.0269
1.02547
1.02634
1.02846
1.02862
1.02955
1.02877
1.02704
1.02773
1.02778
1.02757
1.02581
1.02402
1.0238
1.02398
1.02478
1.02368
1.02268
1.02474
1.02457
1.02439
1.02372
1.02326
1.02349
1.0247
1.02342
1.02282
1.02222
1.02425
1.02499
1.02495
1.02599
1.02507
1.0269
1.02735
1.02668
1.02746
1.02567
1.02498
1.02533
1.02541
1.0253
1.02346
1.02358
1.02357
1.02363
1.02306
1.02282
1.02353
1.02315
1.02566
1.0254
1.02466
1.02502
1.02556
1.02746
1.02816
1.02937
1.02736
1.02828
1.02916
1.02734
1.02775
1.02798
1.027
1.02906
1.02993
1.03086
1.03103
1.02799
1.02874
1.02958
1.02968
1.02917
1.03021
1.03032
1.02857
1.02707
1.02779
1.02736
1.02661
1.02674
1.02884
1.0284
1.02702
1.02795
1.02848
1.0287
1.02776
1.02646
1.02479
1.02344
1.02305
1.02329
1.02304
1.02068
1.02278
1.02575
1.02585
1.02677
1.02748
1.02864
1.02717
1.02646
1.02659
1.02572
1.02597
1.02635
1.02492
1.02423
1.02266
1.02547
1.02631
1.02596
1.02642
1.02633
1.02529
1.02508
1.02407
1.02462
1.02401
1.02402
1.02435
1.02206
1.02321
1.02238
1.02551
1.02523
1.02373
1.02441
1.02538
1.02504
1.02342
1.02322
1.02238
1.02419
1.02357
1.02219
1.02145
1.02117
1.01995
1.02096
1.0227
1.02186
1.02325
1.02254
1.02411
1.02522
1.02739
1.02962
1.02937
1.02876
1.02901
1.0275
1.02633
1.02657
1.02717
1.02826
1.02786
1.02675
1.02623
1.0265
1.02669
1.02794
1.02701
1.0268
1.02431
1.02576
1.02367
1.02471
1.0251
1.02641
1.02759
1.02775
1.02981
1.02854
1.02716
1.0299
1.03028
1.03157
1.0304
1.03019
1.03085
1.0286
1.02811
1.02885
1.02892
1.02948
1.03048
1.03164
1.03299
1.03154
1.03036
1.03053
1.03287
1.03243
1.03105
1.03073
1.03138
1.03212
1.03257
1.03295
1.03249
1.03391
1.03247
1.03246
1.03328
1.03222
1.03247
1.03341
1.03336
1.03407
1.03321
1.03392
1.03267
1.03147
1.03038
1.02692
1.02601
1.02499
1.02499
1.02559
1.02636
1.02612
1.02642
1.02544
1.02543
1.02563
1.02437
1.02317
1.02398
1.02503
1.02622
1.02617
1.02615
1.02623
1.02638
1.02775
1.02637
1.02639
1.02536
1.02629
1.02648
1.02731
1.02761
1.02693
1.02686
1.02619
1.0255
1.02385
1.02322
1.02265
1.02335
1.02253
1.02314
1.02313
1.02251
1.02381
1.0239
1.02534
1.02323
1.02369
1.02273
1.02051
1.01905
1.02047
1.02109
1.02122
1.02183
1.02444
1.0249
1.02482
1.02362
1.02291
1.02335
1.02242
1.02354
1.02256
1.02432
1.02528
1.02565
1.02631
1.02599
1.02753
1.02754
1.0282
1.02621
1.02681
1.02691
1.02647
1.02709
1.02814
1.02707
1.02772
1.03001
1.0292
1.03057
1.03128
1.02989
1.03147
1.03104
1.02934
1.03016
1.02943
1.02999
1.0328
1.03201
1.03176
1.03076
1.03121
1.03281
1.03237
1.03131
1.03189
1.03272
1.03209
1.03375
1.03474
1.03375
1.03213
1.0311
1.03003
1.0285
1.02966
1.02938
1.03094
1.03329
1.03572
1.03609
1.03717
1.03539
1.03641
1.03729
1.03776
1.03845
1.03981
1.03828
1.03861
1.03924
1.03875
1.03942
1.04126
1.04031
1.03988
1.03904
1.03803
1.0392
1.03856
1.03887
1.0397
1.039
1.03999
1.03799
1.03858
1.03881
1.03955
1.04138
1.03951
1.03943
1.03761
1.03748
1.03741
1.0385
1.03884
1.0375
1.03453
1.03564
1.03523
1.03457
1.03571
1.03528
1.03588
1.03483
1.0355
1.03519
1.03496
1.03567
1.03412
1.03403
1.03405
1.03362
1.03528
1.03505
1.034
1.03357
1.03328
1.03351
1.03517
1.03749
1.03918
1.03961
1.04076
1.04067
1.03999
1.0399
1.04081
1.0388
1.03886
1.04026
1.03919
1.03879
1.04009
1.04225
1.0425
1.04039
1.03991
1.03628
1.03636
1.03431
1.03255
1.03353
1.03426
1.03342
1.03365
1.03061
1.02889
1.02857
1.0275
1.0278
1.02734
1.02822
1.02927
1.02799
1.02946
1.02805
1.02765
1.02723
1.02697
1.02651
1.02684
1.02527
1.02512
1.02478
1.02472
1.02485
1.0264
1.02652
1.02597
1.02596
1.02716
1.02674
1.02724
1.02748
1.02772
1.02772
1.02876
1.02893
1.02786
1.02929
1.03023
1.03175
1.03031
1.0304
1.02997
1.03031
1.0316
1.03246
1.03251
1.03191
1.03181
1.03341
1.03166
1.03253
1.03249
1.03281
1.03258
1.03212
1.03162
1.02922
1.02804
1.03002
1.03028
1.03039
1.03065
1.03153
1.03186
1.03019
1.03101
1.03064
1.03175
1.03311
1.03306
1.03308
1.03468
1.03286
1.03305
1.03278
1.0333
1.03237
1.03365
1.03296
1.03358
1.0335
1.03168
1.03307
1.034
1.03426
1.03512
1.03444
1.03509
1.03701
1.03651
1.03566
1.03648
1.03619
1.03695
1.03618
1.03824
1.03805
1.03602
1.03649
1.03789
1.03847
1.03832
1.03909
1.03714
1.03662
1.03637
1.03691
1.03762
1.03568
1.03661
1.03685
1.03622
1.03795
1.03704
1.03685
1.03678
1.03789
1.03771
1.03733
1.03592
1.03401
1.0342
1.03379
1.03366
1.03223
1.03326
1.03408
1.03392
1.03392
1.03639
1.0359
1.03518
1.03503
1.0355
1.03514
1.03497
1.0347
1.03342
1.03159
1.03227
1.03163
1.03347
1.0342
1.03536
1.03575
1.03566
1.03439
1.03322
1.03504
1.03527
1.03645
1.03675
1.03584
1.03695
1.03662
1.03689
1.03605
1.03523
1.0346
1.03408
1.03537
1.03538
1.03581
1.038
1.039
1.03863
1.03778
1.03644
1.03922
1.0367
1.03798
1.03754
1.03778
1.0379
1.03991
1.03994
1.03793
1.04013
1.04038
1.04199
1.04232
1.04309
1.04248
1.04357
1.04482
1.04271
1.04333
1.04378
1.04276
1.04499
1.04347
1.04649
1.04717
1.04697
1.04778
1.04632
1.04801
1.04734
1.04328
1.04299
1.04221
1.04362
1.04491
1.04449
1.04551
1.04511
1.04401
1.04376
1.04486
1.04384
1.04523
1.04614
1.0456
1.04712
1.04685
1.04673
1.04764
1.0447
1.04425
1.0442
1.04434
1.04307
1.04295
1.04083
1.0397
1.04177
1.04113
1.04174
1.04089
1.04243
1.04403
1.04366
1.04182
1.04346
1.04337
1.0429
1.04215
1.04201
1.04063
1.04052
1.04248
1.04378
1.04318
1.04491
1.04429
1.04473
1.04565
1.04501
1.04444
1.04399
1.04252
1.04294
1.04456
1.04615
1.04689
1.04552
1.04691
1.04602
1.04564
1.04528
1.04476
1.04686
1.04897
1.05169
1.05373
1.05383
1.05407
1.05335
1.0541
1.05563
1.05659
1.05536
1.05382
1.05445
1.0531
1.05274
1.05181
1.05193
1.05206
1.04945
1.04926
1.05265
1.05244
1.05329
1.05167
1.0523
1.05189
1.05076
1.04893
1.04809
1.04739
1.04852
1.04845
1.0486
1.04767
1.04872
1.04904
1.04715
1.04551
1.04494
1.04268
1.04315
1.04384
1.04467
1.04407
1.04453
1.0469
1.04749
1.04723
1.04638
1.04732
1.04645
1.04646
1.04513
1.04695
1.04725
1.04792
1.04956
1.05059
1.05068
1.05081
1.05054
1.04891
1.04911
1.04838
1.04858
1.04658
1.04596
1.04694
1.04638
1.04594
1.04628
1.04493
1.04532
1.04669
1.04786
1.0501
1.05042
1.05084
1.05199
1.05273
1.05233
1.05202
1.05299
1.0528
1.05108
1.05309
1.05345
1.05336
1.05632
1.05622
1.05664
1.05712
1.05745
1.05603
1.05599
1.05475
1.05332
1.05372
1.05546
1.05344
1.05157
1.05248
1.05258
1.05105
1.05097
1.05018
1.04983
1.04843
1.0482
1.04651
1.05005
1.04848
1.04852
1.04834
1.0479
1.04933
1.05112
1.05235
1.05306
1.05319
1.04933
1.04868
1.04791
1.04871
1.04735
1.04864
1.05036
1.05127
1.05147
1.05155
1.05072
1.05191
1.05226
1.05274
1.05192
1.05199
1.05298
1.05212
1.05132
1.0503
1.05165
1.05149
1.04966
1.04934
1.048
1.04919
1.04982
1.04849
1.04761
1.04477
1.04308
1.04303
1.04166
1.04147
1.03993
1.04033
1.042
1.04189
1.04337
1.04441
1.04276
1.04232
1.04282
1.04262
1.04065
1.03823
1.03782
1.03796
1.03791
1.03881
1.03926
1.03705
1.03719
1.03729
1.03766
1.03825
1.03911
1.03993
1.03868
1.03971
1.04049
1.04166
1.04249
1.04225
1.04218
1.04326
1.0412
1.0417
1.04276
1.04389
1.043
1.04229
1.04296
1.04314
1.04205
1.03944
1.04052
1.03999
1.0407
1.03938
1.0398
1.03997
1.04073
1.04092
1.04122
1.04162
1.04053
1.04149
1.04158
1.04053
1.04194
1.04349
1.04343
1.04255
1.04464
1.04273
1.0404
1.03951
1.03823
1.03572
1.03717
1.03658
1.0362
1.03499
1.03427
1.03391
1.03267
1.03367
1.0332
1.0331
1.03325
1.03325
1.03392
1.03418
1.03505
1.03607
1.0349
1.03588
1.03636
1.03623
1.03406
1.03246
1.03314
1.03163
1.03302
1.03308
1.03207
1.03254
1.03201
1.03116
1.03266
1.03215
1.03096
1.03283
1.0336
1.03382
1.03611
1.03871
1.03937
1.03881
1.04206
1.04162
1.04009
1.0402
1.04017
1.04024
1.04101
1.03992
1.03981
1.03791
1.03786
1.03635
1.03809
1.03611
1.0361
1.03681
1.03782
1.03819
1.03972
1.04002
1.04064
1.04041
1.04133
1.04025
1.04312
1.04232
1.04119
1.04097
1.03935
1.04044
1.03904
1.03684
1.03482
1.03316
1.03294
1.03262
1.03323
1.03506
1.03418
1.03368
1.03354
1.03301
1.0317
1.03288
1.03268
1.03243
1.03137
1.03241
1.0319
1.03122
1.03125
1.03008
1.03245
1.03368
1.03373
1.03446
1.03525
1.03753
1.03786
1.03745
1.03628
1.03537
1.03523
1.03602
1.03666
1.03675
1.03828
1.03942
1.04096
1.04103
1.04054
1.04029
1.04079
1.03942
1.0381
1.03874
1.04021
1.03991
1.04004
1.03987
1.0399
1.04103
1.04136
1.04174
1.04161
1.04315
1.04504
1.04267
1.04252
1.04162
1.04217
1.04103
1.04005
1.03998
1.04101
1.04348
1.04276
1.04211
1.0428
1.04411
1.04271
1.04363
1.04438
1.04494
1.04386
1.04405
1.04272
1.04226
1.0393
1.04007
1.03898
1.03838
1.03656
1.03545
1.03721
1.03782
1.03708
1.0377
1.03803
1.03726
1.038
1.03806
1.03779
1.03879
1.03768
1.03725
1.03889
1.03845
1.03817
1.0375
1.03645
1.03705
1.03591
1.03604
1.03594
1.03514
1.03562
1.03646
1.03613
1.03652
1.03517
1.03503
1.03508
1.03288
1.03064
1.03229
1.03364
1.03314
1.03336
1.03313
1.03269
1.0334
1.0318
1.03261
1.03334
1.03337
1.03105
1.03122
1.03026
1.03124
1.03079
1.03131
1.03071
1.03054
1.03169
1.03213
1.03253
1.03308
1.03298
1.03585
1.03671
1.03808
1.03766
1.03705
1.03715
1.03659
1.03445
1.03481
1.03621
1.0371
1.0352
1.03424
1.03419
1.03602
1.03683
1.0373
1.0394
1.04016
1.03951
1.03845
1.04023
1.04024
1.04024
1.04034
1.03954
1.03832
1.03918
1.03856
1.03749
1.037
1.03738
1.03817
1.03935
1.0397
1.03714
1.03732
1.03727
1.03873
1.04026
1.0419
1.04288
1.04284
1.03911
1.03865
1.03889
1.03791
1.038
1.03775
1.0381
1.0375
1.03689
1.03721
1.03839
1.03718
1.03699
1.03757
1.03808
1.03916
1.03965
1.03978
1.04166
1.0428
1.04345
1.04332
1.04239
1.04293
1.04018
1.03989
1.04025
1.04023
1.04024
1.04019
1.03936
1.03968
1.0379
1.0367
1.03785
1.03624
1.03699
1.03779
1.03585
1.03614
1.03586
1.03605
1.03469
1.0333
1.03123
1.03104
1.03063
1.03035
1.03003
1.02891
1.02952
1.0299
1.03055
1.03075
1.03039
1.02722
1.02741
1.02714
1.02663
1.0264
1.0263
1.02634
1.02681
1.02726
1.02812
1.02744
1.02717
1.02751
1.02793
1.02871
1.02686
1.0278
1.02708
1.02866
1.02933
1.0288
1.02794
1.02808
1.02726
1.02501
1.02546
1.02519
1.02502
1.02407
1.02187
1.02125
1.02158
1.02152
1.02114
1.02058
1.02274
1.02084
1.02028
1.02191
1.02181
1.022
1.02054
1.02298
1.02373
1.02463
1.02439
1.02627
1.02767
1.02826
1.02808
1.02714
1.02677
1.02548
1.02498
1.02547
1.02794
1.02867
1.02648
1.02479
1.02522
1.02506
1.02452
1.02531
1.0237
1.0236
1.02332
1.02209
1.02344
1.02358
1.02313
1.02397
1.02533
1.02567
1.02668
1.02786
1.0275
1.0277
1.02756
1.0289
1.03082
1.03183
1.03301
1.03073
1.02892
1.02886
1.02603
1.02566
1.02473
1.02487
1.02546
1.02511
1.02671
1.02718
1.02576
1.02342
1.02376
1.02401
1.02189
1.02131
1.01948
1.0177
1.0176
1.0171
1.019
1.0163
1.01647
1.01567
1.01712
1.01786
1.0181
1.01812
1.01806
1.01701
1.01678
1.01715
1.01727
1.0166
1.01786
1.01833
1.01915
1.01768
1.01839
1.01633
1.01431
1.01331
1.01552
1.01478
1.01479
1.01406
1.0161
1.01517
1.01533
1.01713
1.01699
1.01857
1.02072
1.02019
1.01853
1.01788
1.01892
1.01661
1.0163
1.01421
1.01386
1.01363
1.01243
1.01191
1.01063
1.01189
1.01164
1.01235
1.01396
1.01418
1.01423
1.0148
1.01358
1.01392
1.01066
1.01197
1.01094
1.01033
1.00921
1.00751
1.00895
1.00992
1.00973
1.01035
1.01075
1.01106
1.01192
1.01055
1.00961
1.00879
1.00896
1.01021
1.00899
1.00796
1.00782
1.01035
1.01168
1.01249
1.01097
1.00986
1.00814
1.01021
1.00897
1.01132
1.01067
1.01181
1.01078
1.0116
1.01149
1.01075
1.00903
1.00782
1.00647
1.00558
1.00556
1.00496
1.00567
1.00647
1.00715
1.00768
1.00808
1.00842
1.00769
1.0084
1.00951
1.00894
1.0092
1.00907
1.00937
1.00912
1.00845
1.00824
1.00582
1.00664
1.00753
1.0079
1.00693
1.0071
1.00674
1.00661
1.00708
1.00459
1.00457
1.00608
1.00587
1.00461
1.00556
1.00587
1.00404
1.00256
1.00246
1.00245
1.00119
1.00328
1.00358
1.00452
1.00495
1.00438
1.00628
1.00826
1.0082
1.01042
1.0114
1.01171
1.01051
1.01092
1.01048
1.01075
1.0102
1.00979
1.01037
1.01212
1.0117
1.01274
1.0127
1.01247
1.01135
1.01229
1.01292
1.01373
1.01469
1.01484
1.01628
1.01588
1.01517
1.01699
1.01696
1.01707
1.01578
1.01705
1.01692
1.01484
1.01581
1.01677
1.01769
1.01585
1.01706
1.01696
1.01526
1.01484
1.01526
1.01742
1.01665
1.01614
1.01508
1.0156
1.01592
1.01592
1.0143
1.01423
1.01502
1.01668
1.01685
1.01703
1.01693
1.01774
1.01507
1.01532
1.01403
1.01287
1.01263
1.0142
1.01367
1.01449
1.01517
1.01683
1.01916
1.02041
1.02105
1.02125
1.02154
1.02338
1.02265
1.02168
1.02007
1.0205
1.01995
1.02051
1.02209
1.02279
1.02451
1.02726
1.0267
1.02612
1.02574
1.02769
1.02814
1.02764
1.02865
1.02883
1.02756
1.02756
1.02872
1.0305
1.0306
1.03028
1.02958
1.02904
1.0286
1.02734
1.02644
1.02758
1.02698
1.02787
1.02875
1.02795
1.02889
1.02861
1.02781
1.02633
1.02529
1.02367
1.02268
1.02114
1.02054
1.02117
1.02178
1.02121
1.02131
1.02065
1.02016
1.01907
1.01641
1.01737
1.0163
1.01495
1.01526
1.01497
1.01736
1.01813
1.01897
1.02106
1.02101
1.02106
1.02038
1.02061
1.02088
1.02121
1.02185
1.02298
1.02252
1.02215
1.02233
1.02224
1.02206
1.0229
1.02041
1.01852
1.01953
1.02096
1.0208
1.02014
1.02088
1.02265
1.02127
1.021
1.02036
1.02039
1.02103
1.02157
1.0213
1.01928
1.01939
1.01983
1.01837
1.01785
1.01718
1.01578
1.01514
1.01495
1.0155
1.01663
1.01611
1.01575
1.01731
1.01578
1.0145
1.01543
1.01646
1.016
1.01603
1.0164
1.01634
1.01671
1.016
1.01507
1.01477
1.01333
1.01484
1.0158
1.01595
1.01583
1.01688
1.01815
1.01941
1.01955
1.01786
1.01708
1.01789
1.01563
1.01306
1.01221
1.01248
1.01123
1.0122
1.0116
1.01022
1.01068
1.00871
1.00803
1.00693
1.0074
1.00929
1.00988
1.00994
1.00968
1.00995
1.00925
1.00934
1.00918
1.00953
1.00779
1.00632
1.00716
1.0078
1.00693
1.0044
1.00713
1.00527
1.00533
1.00792
1.00671
1.00619
1.00589
1.00655
1.00739
1.0068
1.00528
1.00552
1.00436
1.00438
1.00572
1.00638
1.0062
1.0068
1.0057
1.00686
1.00732
1.00607
1.0071
1.00614
1.00461
1.00399
1.00366
1.00333
1.00429
1.0052
1.00555
1.00498
1.00449
1.00777
1.00773
1.00751
1.00689
1.00717
1.0075
1.0067
1.00707
1.00717
1.00797
1.00576
1.00665
1.00597
1.00699
1.00709
1.00588
1.00536
1.00529
1.00523
1.0047
1.00446
1.00498
1.00373
1.0021
1.00148
1.00327
1.00327
1.00231
1.00214
1.00129
1.00158
1.00159
1.00195
1.00071
0.998688
0.997834
0.997927
0.999756
0.999175
0.999143
0.997873
0.999385
0.998147
0.997497
0.99677
0.996713
0.997452
0.996656
0.997421
0.997192
0.998774
1.00019
1.00053
1.00254
1.00211
1.00379
1.00258
1.00329
1.00581
1.0069
1.00731
1.00749
1.00864
1.00917
1.00924
1.00972
1.0106
1.01022
1.00922
1.00884
1.00903
1.0092
1.01077
1.01078
1.01221
1.01232
1.01354
1.01221
1.01111
1.01009
1.012
1.0138
1.01481
1.01502
1.01574
1.01521
1.01606
1.0144
1.01417
1.01706
1.01654
1.01643
1.01616
1.01664
1.01696
1.01888
1.01917
1.0177
1.01715
1.01634
1.01632
1.01577
1.01489
1.01559
1.01554
1.01483
1.01329
1.01182
1.01077
1.01177
1.0131
1.01379
1.0127
1.01382
1.01528
1.01544
1.01479
1.01609
1.0157
1.0146
1.013
1.01163
1.01368
1.01461
1.01636
1.01501
1.01516
1.01401
1.01371
1.01243
1.01382
1.01385
1.0138
1.01401
1.01378
1.01349
1.01477
1.01414
1.01578
1.01408
1.0156
1.01666
1.01916
1.01941
1.02044
1.02059
1.02132
1.0218
1.02031
1.01965
1.02118
1.02249
1.02266
1.02173
1.02098
1.01994
1.01911
1.01978
1.0194
1.02048
1.02179
1.02151
1.01996
1.02131
1.01755
1.01534
1.01563
1.01853
1.01832
1.01978
1.01699
1.01755
1.01732
1.01751
1.01736
1.01778
1.01861
1.01997
1.02109
1.02105
1.02142
1.01915
1.01885
1.01883
1.01695
1.01675
1.01726
1.01649
1.01693
1.01821
1.01744
1.01904
1.01996
1.01933
1.01987
1.01857
1.01863
1.01802
1.01654
1.01662
1.01688
1.01742
1.0178
1.01717
1.01705
1.01686
1.01532
1.01701
1.01784
1.01692
1.01651
1.01598
1.0159
1.01698
1.01672
1.01662
1.01913
1.01894
1.01769
1.01677
1.01673
1.01857
1.01879
1.01658
1.01462
1.01435
1.01647
1.01797
1.01775
1.01785
1.01714
1.01789
1.01805
1.01763
1.0167
1.01691
1.01724
1.01822
1.02009
1.01987
1.01952
1.02026
1.01959
1.02059
1.01922
1.01927
1.0191
1.01927
1.01873
1.01943
1.02219
1.02204
1.02288
1.02412
1.02432
1.02393
1.02394
1.02476
1.02468
1.02448
1.02437
1.02457
1.02342
1.02144
1.02099
1.02262
1.02419
1.02506
1.02449
1.02345
1.02475
1.025
1.02506
1.02308
1.02332
1.02405
1.02332
1.02461
1.02313
1.02317
1.02226
1.02295
1.02097
1.02085
1.02035
1.02014
1.02016
1.02179
1.02086
1.02147
1.01942
1.02101
1.02016
1.01948
1.02034
1.02034
1.01948
1.0193
1.01741
1.01434
1.01467
1.0145
1.01367
1.01485
1.01395
1.01513
1.01435
1.01564
1.0163
1.01723
1.01809
1.01685
1.01605
1.01522
1.01485
1.01621
1.01625
1.0158
1.01425
1.01314
1.01289
1.01411
1.01408
1.01506
1.01584
1.01592
1.015
1.01583
1.01607
1.01646
1.01718
1.0147
1.01368
1.01434
1.01353
1.0133
1.01327
1.01228
1.0114
1.01402
1.01535
1.01474
1.01533
1.01562
1.01779
1.02028
1.01982
1.01968
1.01824
1.01857
1.02058
1.01997
1.01905
1.02085
1.02026
1.01895
1.01789
1.01831
1.01849
1.02039
1.02002
1.02056
1.02182
1.0209
1.01924
1.0208
1.02103
1.02069
1.02158
1.0217
1.02169
1.02173
1.02304
1.02135
1.02169
1.02316
1.02409
1.02486
1.02634
1.02621
1.02634
1.02628
1.02898
1.02836
1.02824
1.02916
1.02881
1.02962
1.02949
1.02765
1.02584
1.02514
1.02481
1.02462
1.02541
1.02486
1.02637
1.02751
1.02716
1.02785
1.02663
1.02752
1.02772
1.02974
1.03069
1.0305
1.0301
1.02853
1.02877
1.02825
1.02776
1.02857
1.02807
1.02693
1.02762
1.02682
1.02968
1.03055
1.02879
1.02814
1.02618
1.0254
1.02508
1.0245
1.02497
1.02499
1.02431
1.02349
1.02385
1.02509
1.02662
1.02764
1.02641
1.02346
1.02318
1.02395
1.02277
1.02105
1.02096
1.01914
1.01899
1.01952
1.02266
1.02254
1.02172
1.02246
1.0223
1.02209
1.02166
1.02106
1.02216
1.02266
1.02131
1.0205
1.02036
1.02099
1.02273
1.02084
1.01922
1.01751
1.01769
1.01824
1.02151
1.02171
1.0215
1.0221
1.02328
1.02345
1.02209
1.02384
1.02072
1.02148
1.01941
1.01889
1.01999
1.02125
1.02109
1.02211
1.02368
1.02422
1.02325
1.02444
1.02399
1.02462
1.02561
1.02472
1.02671
1.02624
1.02621
1.02557
1.02651
1.02557
1.02523
1.0257
1.02476
1.0252
1.02624
1.02533
1.02531
1.02408
1.02178
1.02238
1.0223
1.02116
1.02203
1.02273
1.02387
1.02168
1.02229
1.02242
1.02171
1.02085
1.0196
1.021
1.0186
1.01916
1.01883
1.01815
1.01956
1.01881
1.01844
1.01891
1.01893
1.01907
1.02127
1.01885
1.01846
1.01912
1.02032
1.02226
1.02367
1.02284
1.02286
1.02232
1.02267
1.02293
1.02142
1.01946
1.01813
1.01691
1.01605
1.01741
1.01676
1.01679
1.01596
1.01805
1.01685
1.0163
1.01669
1.01828
1.01738
1.01631
1.01546
1.01643
1.01616
1.01695
1.01767
1.01989
1.01939
1.01803
1.01809
1.01664
1.01657
1.01619
1.0184
1.01735
1.01565
1.01563
1.01457
1.01425
1.0151
1.01479
1.01622
1.01603
1.0163
1.01648
1.01642
1.01936
1.01991
1.01866
1.01964
1.022
1.02349
1.02263
1.02198
1.02167
1.02311
1.02432
1.02311
1.02226
1.02189
1.02042
1.02181
1.02185
1.02125
1.02067
1.02369
1.02388
1.02292
1.02217
1.02074
1.02181
1.02175
1.02084
1.02148
1.02132
1.02274
1.02283
1.02375
1.02499
1.02583
1.02581
1.02568
1.02452
1.02538
1.02474
1.0246
1.02402
1.02596
1.02428
1.02348
1.02183
1.0209
1.0207
1.02216
1.0222
1.02153
1.01956
1.02084
1.02053
1.02027
1.02051
1.01927
1.02054
1.02102
1.02003
1.02148
1.02124
1.02297
1.02115
1.02128
1.0199
1.02151
1.0202
1.02183
1.02127
1.02203
1.02241
1.02241
1.02145
1.02012
1.02116
1.02259
1.02199
1.02161
1.02239
1.02157
1.02256
1.02303
1.02429
1.02563
1.02545
1.02496
1.02501
1.0259
1.02448
1.02633
1.02734
1.02922
1.02914
1.02881
1.02845
1.02817
1.02763
1.02812
1.02839
1.02788
1.02833
1.02626
1.02696
1.02789
1.02805
1.02889
1.02968
1.0295
1.02856
1.02965
1.03044
1.02955
1.0274
1.02758
1.02849
1.02621
1.02734
1.02939
1.02908
1.02721
1.02731
1.02733
1.02782
1.02914
1.02829
1.02649
1.02713
1.02617
1.02724
1.02699
1.02614
1.02785
1.02931
1.02895
1.0285
1.02846
1.029
1.0292
1.02935
1.0294
1.02899
1.02678
1.025
1.02452
1.02446
1.0229
1.02238
1.02257
1.02395
1.0245
1.02556
1.02615
1.02727
1.02765
1.02922
1.02992
1.02993
1.02925
1.03077
1.03003
1.03263
1.03182
1.03298
1.03299
1.03421
1.03552
1.03689
1.03643
1.03593
1.03708
1.03761
1.03539
1.03478
1.03467
1.03469
1.03485
1.03403
1.0346
1.03411
1.03303
1.0323
1.03196
1.02867
1.02694
1.028
1.02838
1.02876
1.02843
1.02738
1.02631
1.02541
1.02649
1.0276
1.02761
1.02642
1.02665
1.027
1.02721
1.03011
1.03133
1.03042
1.02681
1.02561
1.0257
1.02731
1.02758
1.02797
1.02754
1.0274
1.02588
1.02466
1.02737
1.02855
1.02916
1.02992
1.02951
1.02942
1.02809
1.02903
1.0284
1.02717
1.02816
1.0288
1.02781
1.0273
1.02662
1.02582
1.0259
1.02612
1.02564
1.02682
1.02778
1.02418
1.02472
1.02419
1.02451
1.02345
1.02172
1.02198
1.02057
1.02012
1.01978
1.0205
1.01963
1.01867
1.01755
1.0189
1.01817
1.01626
1.01628
1.01439
1.01481
1.01412
1.01327
1.01389
1.01358
1.0121
1.01325
1.01338
1.0141
1.01494
1.01513
1.01609
1.01722
1.01696
1.01683
1.01614
1.01598
1.01699
1.01787
1.0204
1.01979
1.01832
1.02028
1.02042
1.02307
1.02344
1.0229
1.02245
1.02367
1.02516
1.02556
1.02496
1.02421
1.02398
1.02492
1.0235
1.02472
1.02354
1.02306
1.02152
1.02259
1.02167
1.02109
1.0214
1.01962
1.01884
1.01978
1.01824
1.01732
1.01744
1.01557
1.01721
1.01766
1.01783
1.01783
1.0198
1.02001
1.01912
1.01745
1.01665
1.01762
1.01634
1.01598
1.01653
1.01592
1.01605
1.01772
1.01863
1.0174
1.01662
1.01636
1.01499
1.01617
1.01704
1.01756
1.01856
1.01901
1.01936
1.01972
1.02043
1.02005
1.0187
1.01804
1.01992
1.02003
1.01902
1.01909
1.01894
1.01954
1.01797
1.01773
1.01704
1.01767
1.01831
1.01859
1.01815
1.01857
1.01924
1.02067
1.02076
1.02239
1.02198
1.02278
1.02332
1.02237
1.02141
1.02289
1.0252
1.02534
1.0277
1.02628
1.0276
1.02924
1.02913
1.02955
1.02923
1.02859
1.02823
1.02665
1.02669
1.02895
1.02718
1.02832
1.02998
1.02851
1.02871
1.02761
1.02824
1.02964
1.02941
1.03045
1.02937
1.02948
1.02846
1.02692
1.02619
1.02545
1.0253
1.02604
1.02474
1.02415
1.02206
1.02072
1.01855
1.01814
1.01872
1.01834
1.01725
1.01768
1.01754
1.01766
1.0182
1.01819
1.01683
1.0157
1.01694
1.0167
1.01564
1.01314
1.01173
1.01191
1.0102
1.01241
1.01325
1.01304
1.01515
1.01628
1.01577
1.01612
1.0147
1.01536
1.01689
1.01721
1.01749
1.0179
1.01893
1.01747
1.01861
1.01728
1.01719
1.0156
1.01594
1.01785
1.01851
1.0188
1.01826
1.01883
1.02086
1.02001
1.0198
1.01908
1.01935
1.01951
1.02088
1.02031
1.01988
1.0196
1.01947
1.01985
1.02036
1.02027
1.01953
1.01972
1.01925
1.01754
1.01847
1.01955
1.01744
1.01706
1.01791
1.01607
1.01715
1.01687
1.01812
1.01967
1.01954
1.01882
1.02128
1.02041
1.02032
1.02198
1.02211
1.02325
1.02289
1.02219
1.0218
1.02099
1.02158
1.02024
1.02173
1.02392
1.02211
1.02262
1.02404
1.02604
1.02501
1.02746
1.02748
1.02746
1.02919
1.02944
1.03014
1.03121
1.03116
1.03322
1.03116
1.0305
1.0309
1.02979
1.03102
1.03183
1.03171
1.03272
1.03229
1.03206
