-0.166257
-0.15768
-0.149407
-0.139119
-0.129991
-0.120607
-0.11394
-0.108622
-0.101325
-0.0933207
-0.0842721
-0.0763428
-0.0699568
-0.0628729
-0.0548362
-0.0460871
-0.0390038
-0.0320677
-0.0244178
-0.0176054
-0.0110183
-0.00278504
0.00425234
0.0113389
0.017649
0.0243112
0.0316923
0.0390082
0.0453469
0.0523572
0.0612206
0.0680621
0.0747985
0.0816374
0.0856206
0.0932318
0.100079
0.106662
0.114307
0.122913
0.129162
0.137216
0.145934
0.151644
0.157437
0.166356
0.171739
0.180176
0.188149
0.194014
0.199925
0.207624
0.213486
0.219579
0.226623
0.233319
0.239442
0.247013
0.252966
0.259744
0.263758
0.269312
0.275503
0.281169
0.286259
0.290335
0.29801
0.304117
0.31148
0.317814
0.322617
0.329618
0.33406
0.340353
0.344761
0.349981
0.357019
0.362726
0.371838
0.37909
0.386243
0.392075
0.395859
0.401233
0.40672
0.408893
0.41308
0.415431
0.419125
0.423427
0.427286
0.432294
0.436591
0.439369
0.442978
0.447674
0.453689
0.460508
0.465216
0.469975
0.475986
0.481129
0.485019
0.489978
0.496722
0.503575
0.507433
0.510828
0.513574
0.516176
0.519939
0.525859
0.528448
0.531352
0.535296
0.539594
0.546383
0.550806
0.555222
0.55833
0.564282
0.567748
0.573841
0.578144
0.580769
0.584883
0.588242
0.593032
0.598269
0.602858
0.606024
0.610302
0.613137
0.61607
0.620504
0.624239
0.627189
0.631225
0.634114
0.637578
0.641561
0.648232
0.650775
0.65332
0.658669
0.663684
0.667293
0.670385
0.67334
0.673654
0.67567
0.678774
0.68183
0.684757
0.687957
0.69181
0.694035
0.696965
0.699757
0.702729
0.70726
0.708571
0.712599
0.714218
0.717786
0.72099
0.724127
0.727745
0.730235
0.73319
0.737067
0.739238
0.741097
0.742209
0.745968
0.748192
0.749678
0.753748
0.754355
0.758277
0.760867
0.763845
0.768937
0.77306
0.775221
0.777017
0.777748
0.779214
0.781493
0.782864
0.786667
0.788736
0.790438
0.791816
0.794701
0.799357
0.802606
0.804425
0.806996
0.808935
0.810647
0.812854
0.815603
0.817781
0.819693
0.821221
0.821544
0.824349
0.827172
0.827186
0.828356
0.829481
0.832338
0.835813
0.83864
0.841753
0.842854
0.845476
0.848301
0.851029
0.852488
0.854623
0.857553
0.857553
0.86125
0.861253
0.861488
0.862941
0.862399
0.863953
0.862704
0.864782
0.866184
0.868226
0.869744
0.87155
0.872406
0.87386
0.876161
0.8779
0.879992
0.880754
0.882263
0.885205
0.883553
0.883609
0.883199
0.885951
0.886701
0.887752
0.888436
0.893021
0.892174
0.894045
0.894962
0.897486
0.900838
0.900728
0.90106
0.903755
0.90491
0.904797
0.90738
0.908198
0.909019
0.9099
0.910896
0.912504
0.913921
0.914481
0.915021
0.917821
0.917651
0.919277
0.920393
0.922941
0.923742
0.924699
0.924829
0.926572
0.926857
0.928544
0.930227
0.93017
0.933473
0.934847
0.93705
0.938652
0.939674
0.941962
0.94479
0.946106
0.946822
0.947787
0.947919
0.949708
0.949979
0.951784
0.951832
0.951419
0.951103
0.951943
0.953691
0.954289
0.953267
0.954806
0.955527
0.956536
0.958582
0.9609
0.960917
0.959914
0.959892
0.96178
0.962553
0.963433
0.963084
0.965051
0.968965
0.969731
0.971085
0.971258
0.968676
0.970391
0.969852
0.969194
0.968176
0.969338
0.968748
0.969915
0.970459
0.969245
0.96901
0.969203
0.970096
0.971021
0.970492
0.971479
0.971786
0.972351
0.972926
0.975062
0.973641
0.974081
0.974409
0.972149
0.971371
0.97202
0.971156
0.971636
0.972245
0.971941
0.97499
0.976126
0.97549
0.974493
0.973349
0.974922
0.977871
0.978008
0.979562
0.980474
0.982333
0.984207
0.984144
0.985145
0.985355
0.985216
0.986957
0.987099
0.987606
0.987075
0.988689
0.988633
0.989032
0.989891
0.988283
0.989648
0.988835
0.988833
0.989928
0.989003
0.988578
0.987595
0.987751
0.988105
0.988413
0.990386
0.990723
0.990722
0.991601
0.992272
0.994309
0.991606
0.992918
0.992559
0.995112
0.994439
0.995342
0.992715
0.989918
0.990274
0.989237
0.990127
0.990266
0.990148
0.988131
0.986061
0.98579
0.985444
0.985827
0.985935
0.985496
0.985581
0.986852
0.987764
0.989346
0.9884
0.990077
0.989837
0.989593
0.988297
0.988106
0.988931
0.988589
0.988088
0.988396
0.98769
0.988033
0.98786
0.988486
0.988937
0.99003
0.990367
0.990336
0.989955
0.99111
0.991197
0.989786
0.989375
0.988831
0.987886
0.986594
0.986085
0.985984
0.986729
0.987727
0.985351
0.984495
0.983629
0.983707
0.984521
0.983484
0.985494
0.986648
0.988414
0.987041
0.987212
0.986773
0.985463
0.98703
0.985795
0.988422
0.986717
0.987245
0.985767
0.983326
0.982207
0.981297
0.979663
0.98226
0.981058
0.982019
0.982153
0.983201
0.983758
0.982804
0.980589
0.979093
0.979729
0.978029
0.97848
0.977858
0.977707
0.978546
0.978202
0.977249
0.976413
0.976335
0.975496
0.974309
0.97316
0.971754
0.972869
0.971281
0.971687
0.971809
0.973049
0.972926
0.973739
0.973894
0.973584
0.973444
0.972703
0.973324
0.971522
0.971288
0.974045
0.973989
0.972516
0.973129
0.972394
0.971951
0.972069
0.972549
0.971173
0.971291
0.969957
0.969563
0.968799
0.967111
0.965971
0.966517
0.967143
0.965833
0.964423
0.964031
0.963111
0.963747
0.964667
0.964778
0.963078
0.965121
0.965487
0.966544
0.964793
0.963371
0.963692
0.963581
0.964547
0.966432
0.964946
0.966354
0.966546
0.966439
0.965098
0.966737
0.968684
0.970552
0.970138
0.970292
0.968769
0.967633
0.967128
0.969423
0.968489
0.967061
0.966438
0.965488
0.964531
0.964469
0.964974
0.966518
0.964901
0.96577
0.965719
0.966789
0.965414
0.96533
0.96516
0.963633
0.963285
0.963664
0.962905
0.963577
0.963777
0.963518
0.962904
0.962664
0.962787
0.961497
0.960564
0.960459
0.959897
0.958924
0.959272
0.961666
0.96064
0.960795
0.9636
0.963942
0.963683
0.962462
0.961206
0.960003
0.958531
0.958103
0.957092
0.956433
0.957434
0.955772
0.955292
0.953903
0.95286
0.953871
0.954531
0.956054
0.955279
0.95357
0.950907
0.94825
0.947583
0.948317
0.947688
0.948576
0.948315
0.949431
0.948446
0.948735
0.949504
0.951283
0.950982
0.95101
0.95128
0.951348
0.951394
0.951351
0.949159
0.947193
0.948514
0.949044
0.950408
0.950462
0.948579
0.947475
0.949227
0.950744
0.950629
0.951998
0.949904
0.949792
0.947534
0.947864
0.947672
0.948539
0.949116
0.950014
0.950138
0.949494
0.949917
0.949965
0.950892
0.951152
0.949815
0.950787
0.951452
0.952431
0.951908
0.953903
0.953806
0.952441
0.951934
0.949285
0.946249
0.948537
0.948457
0.949631
0.9487
0.947594
0.947776
0.947536
0.947928
0.949768
0.948403
0.946909
0.949183
0.949039
0.949043
0.947641
0.948324
0.948521
0.947423
0.948591
0.948135
0.947945
0.947323
0.948774
0.946764
0.946258
0.947197
0.945424
0.945786
0.946555
0.948563
0.94728
0.947261
0.946963
0.946125
0.947036
0.947324
0.946826
0.948083
0.949389
0.948295
0.949516
0.949801
0.947753
0.946716
0.947995
0.947677
0.947184
0.946875
0.947969
0.946262
0.946861
0.945442
0.944459
0.946847
0.946091
0.94617
0.944854
0.944448
0.945617
0.945835
0.944649
0.944159
0.943471
0.945702
0.949102
0.947594
0.948072
0.949983
0.949204
0.950502
0.951043
0.951895
0.949551
0.950416
0.950065
0.951195
0.953575
0.954383
0.952724
0.952486
0.95212
0.952114
0.951234
0.951714
0.951617
0.951004
0.952782
0.954573
0.954784
0.954704
0.95654
0.955858
0.95535
0.955495
0.954849
0.956127
0.956919
0.957266
0.960189
0.959486
0.959379
0.959969
0.958652
0.958647
0.959415
0.959161
0.959391
0.959143
0.960114
0.961425
0.962607
0.96458
0.965082
0.965547
0.965124
0.966938
0.966766
0.968317
0.967855
0.969163
0.970138
0.969656
0.970174
0.9703
0.970353
0.969245
0.970213
0.96915
0.970583
0.969601
0.971327
0.970914
0.971481
0.96953
0.97084
0.972536
0.972974
0.973516
0.973728
0.974212
0.972636
0.972319
0.973171
0.975041
0.97568
0.974325
0.974114
0.975315
0.976904
0.976782
0.979181
0.97979
0.980796
0.980985
0.980917
0.981418
0.983056
0.983229
0.984273
0.986058
0.983898
0.984822
0.984772
0.985908
0.988032
0.988159
0.987752
0.987987
0.988843
0.987259
0.987463
0.98859
0.989025
0.987909
0.988338
0.989496
0.988892
0.990335
0.989825
0.990081
0.989414
0.989571
0.989554
0.98917
0.989558
0.988511
0.986767
0.988719
0.98948
0.989352
0.990382
0.991393
0.990406
0.991097
0.989794
0.989668
0.989762
0.988944
0.990561
0.990536
0.989429
0.988752
0.989614
0.987296
0.986394
0.987845
0.989238
0.989292
0.988914
0.988712
0.986918
0.987038
0.988209
0.988603
0.989386
0.989397
0.990291
0.990335
0.989852
0.991359
0.991133
0.988844
0.988191
0.988615
0.988243
0.98952
0.989435
0.98997
0.99101
0.993053
0.994447
0.99458
0.995581
0.996422
0.996846
0.996902
0.996539
0.996635
0.994763
0.993037
0.991329
0.990451
0.990616
0.991228
0.990002
0.989455
0.989271
0.988315
0.989218
0.989855
0.992367
0.993747
0.993467
0.992911
0.99406
0.992285
0.991668
0.991166
0.99213
0.993365
0.993189
0.993215
0.9952
0.995827
0.995493
0.993852
0.994347
0.996359
0.996383
0.996854
0.997721
0.998159
0.997223
0.999385
1.00011
0.998973
0.997319
0.998379
1.00037
1.0019
1.00231
1.00425
1.0042
1.00608
1.00678
1.00519
1.00493
1.00369
1.00293
1.00337
1.00487
1.00604
1.0062
1.00541
1.0062
1.00772
1.00872
1.00797
1.00663
1.00606
1.00343
1.00407
1.0057
1.00649
1.00565
1.00499
1.00497
1.00475
1.00437
1.00503
1.00352
1.00353
1.0029
1.00051
1.00134
1.00255
1.0024
1.00444
1.00484
1.00519
1.00481
1.00536
1.00676
1.00627
1.00522
1.00378
1.00583
1.00614
1.00586
1.0059
1.0066
1.00794
1.00876
1.00805
1.0097
1.01006
1.00943
1.00842
1.00764
1.00788
1.00816
1.00734
1.00705
1.0088
1.00844
1.00828
1.00858
1.00874
1.00943
1.00879
1.01088
1.01288
1.01252
1.01307
1.01376
1.01485
1.01462
1.0128
1.01375
1.01266
1.01176
1.01165
1.01237
1.01341
1.01348
1.01325
1.01283
1.0115
1.01007
1.01249
1.01334
1.01259
1.01333
1.01271
1.01266
1.01011
1.0092
1.00942
1.00858
1.00852
1.00992
1.00904
1.00777
1.00689
1.00723
1.0068
1.00621
1.00577
1.00753
1.00862
1.00865
1.00835
1.0077
1.00786
1.00775
1.00968
1.00823
1.00796
1.00751
1.00975
1.01171
1.01109
1.01216
1.01384
1.01381
1.01341
1.01368
1.0146
1.01546
1.01624
1.01615
1.0151
1.015
1.01502
1.01483
1.0157
1.01627
1.01452
1.01565
1.01679
1.01692
1.01533
1.01517
1.01711
1.01572
1.01654
1.0172
1.0179
1.02104
1.02075
1.02105
1.02194
1.02154
1.02309
1.02214
1.0228
1.02465
1.02653
1.02626
1.02631
1.02612
1.0279
1.02822
1.02851
1.03058
1.03151
1.03048
1.0321
1.03429
1.03575
1.03693
1.03675
1.03499
1.03522
1.0348
1.03512
1.03664
1.03708
1.03776
1.03732
1.03622
1.03612
1.03695
1.03564
1.03682
1.03698
1.03707
1.03752
1.03654
1.03801
1.03743
1.03616
1.03566
1.03574
1.03698
1.03631
1.03402
1.03349
1.0326
1.03139
1.03016
1.02962
1.03041
1.02941
1.02961
1.0312
1.03179
1.0316
1.03216
1.03305
1.0323
1.03256
1.03379
1.03505
1.03413
1.03561
1.03588
1.03415
1.03355
1.03538
1.03651
1.03836
1.03892
1.03813
1.039
1.03899
1.03772
1.03675
1.03577
1.03608
1.03479
1.03367
1.03592
1.03446
1.03468
1.03482
1.03545
1.03646
1.03655
1.03621
1.03706
1.039
1.03794
1.03766
1.03728
1.03794
1.03724
1.03658
1.03672
1.03587
1.03464
1.03439
1.03387
1.03449
1.03616
1.03499
1.0372
1.03972
1.03816
1.03842
1.03912
1.03732
1.0378
1.03806
1.03889
1.03886
1.0367
1.03557
1.03491
1.03681
1.03593
1.03731
1.03866
1.03869
1.03941
1.03989
1.04021
1.04065
1.03949
1.03842
1.03904
1.0386
1.03813
1.03732
1.03695
1.03744
1.03807
1.03734
1.03712
1.03707
1.03721
1.03601
1.03522
1.03478
1.03244
1.03261
1.03168
1.03039
1.03034
1.03057
1.03142
1.03131
1.033
1.03271
1.03185
1.0322
1.03314
1.03248
1.03304
1.03228
1.03241
1.0327
1.03269
1.03378
1.0336
1.03406
1.03259
1.03035
1.03151
1.03035
1.03064
1.03205
1.03171
1.03425
1.03458
1.0321
1.03213
1.0319
1.03509
1.03467
1.03473
1.03383
1.03226
1.02965
1.02987
1.03056
1.02958
1.03069
1.0308
1.03241
1.03052
1.03074
1.03214
1.03361
1.03238
1.03343
1.03324
1.03272
1.03391
1.03469
1.03425
1.03415
1.03539
1.03408
1.03308
1.03531
1.03548
1.03363
1.03222
1.03307
1.03405
1.03244
1.0327
1.03312
1.03271
1.03274
1.03122
1.03064
1.03131
1.03112
1.03069
1.03047
1.02934
1.02965
1.02953
1.02965
1.03006
1.03064
1.03109
1.03168
1.03075
1.03074
1.0311
1.03113
1.03156
1.0334
1.03528
1.03358
1.03332
1.03298
1.03199
1.03175
1.03203
1.03326
1.03407
1.03523
1.03488
1.03539
1.03468
1.03383
1.03352
1.03372
1.03581
1.03797
1.0375
1.03766
1.03855
1.03922
1.04057
1.04041
1.03876
1.03769
1.03824
1.03836
1.03665
1.03693
1.03591
1.03486
1.03227
1.03174
1.03418
1.03381
1.03329
1.03467
1.03497
1.03254
1.03218
1.03255
1.0327
1.03341
1.03301
1.03148
1.02993
1.02786
1.02745
1.02747
1.02939
1.03089
1.03178
1.03321
1.03362
1.03276
1.03367
1.03616
1.03857
1.03837
1.03793
1.03695
1.0365
1.0352
1.03558
1.03729
1.03636
1.03565
1.03613
1.0365
1.03447
1.03404
1.03253
1.03237
1.03373
1.03243
1.03292
1.03414
1.03432
1.03345
1.03293
1.03082
1.02959
1.03109
1.02998
1.03069
1.0331
1.03356
1.03302
1.03286
1.03324
1.03436
1.03722
1.0359
1.03608
1.03555
1.03656
1.03673
1.03836
1.03954
1.03916
1.03869
1.03868
1.03832
1.03878
1.03903
1.03863
1.03842
1.03841
1.03975
1.04056
1.04035
1.03929
1.04074
1.03945
1.03887
1.03666
1.03633
1.03742
1.03797
1.03809
1.0397
1.03921
1.038
1.03744
1.0378
1.03887
1.038
1.0384
1.03924
1.03711
1.03641
1.03655
1.03491
1.03553
1.03652
1.03812
1.0388
1.03884
1.03904
1.03961
1.04087
1.03924
1.03918
1.0404
1.03981
1.03768
1.03689
1.03567
1.03603
1.03542
1.03534
1.03575
1.03322
1.03333
1.03446
1.03412
1.0321
1.03278
1.03274
1.03237
1.02989
1.02884
1.03195
1.03164
1.03039
1.03315
1.03453
1.03254
1.03305
1.03155
1.03315
1.03228
1.03182
1.03128
1.03154
1.03276
1.03369
1.03514
1.03607
1.03565
1.03599
1.03604
1.03632
1.03668
1.0364
1.03609
1.03608
1.03442
1.03504
1.03582
1.03539
1.03607
1.03747
1.03801
1.03887
1.04033
1.04006
1.03887
1.03916
1.04054
1.04134
1.04052
1.04002
1.03852
1.03837
1.03837
1.03886
1.0405
1.04016
1.03938
1.03862
1.0387
1.04175
1.04099
1.03939
1.03914
1.03832
1.03741
1.03718
1.03718
1.03639
1.03648
1.03706
1.03688
1.03538
1.03673
1.03389
1.03419
1.03472
1.03515
1.03496
1.03289
1.03179
1.03242
1.03353
1.03469
1.03516
1.03388
1.03409
1.03382
1.03446
1.03119
1.03178
1.03091
1.02884
1.02935
1.0289
1.0288
1.02853
1.02834
1.02937
1.03074
1.03044
1.03187
1.03293
1.03323
1.03496
1.03752
1.03831
1.03742
1.03662
1.03578
1.03495
1.03524
1.03322
1.03332
1.03214
1.03288
1.03378
1.0349
1.03503
1.03522
1.03654
1.03451
1.03513
1.03356
1.03301
1.03129
1.03
1.03067
1.03203
1.03237
1.03344
1.03174
1.03346
1.03544
1.03624
1.03873
1.04047
1.04134
1.04127
1.04012
1.0399
1.0402
1.04003
1.03919
1.04165
1.04019
1.04091
1.03966
1.03737
1.03925
1.03897
1.03944
1.04146
1.04283
1.04146
1.04243
1.04244
1.04252
1.04142
1.04167
1.04372
1.04448
1.04578
1.04637
1.04661
1.04639
1.04631
1.04556
1.0446
1.04296
1.04043
1.03944
1.03917
1.04108
1.04121
1.04072
1.0425
1.04167
1.04171
1.04386
1.04346
1.04409
1.04408
1.04501
1.04453
1.044
1.04316
1.04208
1.04232
1.04345
1.04561
1.04642
1.04517
1.04494
1.04624
1.04469
1.04552
1.04376
1.04222
1.04168
1.04142
1.04142
1.04107
1.04079
1.04178
1.04082
1.04141
1.03976
1.04029
1.03967
1.03988
1.03974
1.041
1.03992
1.04121
1.04166
1.04207
1.0411
1.04011
1.04214
1.04203
1.04051
1.04113
1.04277
1.04254
1.04495
1.04331
1.04325
1.04337
1.04025
1.04026
1.04162
1.04233
1.04059
1.04053
1.04274
1.04195
1.04042
1.03861
1.03875
1.03883
1.03626
1.03627
1.03707
1.03559
1.03585
1.0363
1.03437
1.03306
1.03344
1.0326
1.03225
1.0325
1.03294
1.03413
1.03764
1.03776
1.03805
1.03891
1.03758
1.0367
1.03624
1.03539
1.03361
1.03226
1.03115
1.03038
1.03141
1.0336
1.03386
1.03178
1.03044
1.02822
1.02824
1.03001
1.03233
1.02983
1.02951
1.02929
1.03137
1.0317
1.03282
1.03275
1.03279
1.03302
1.03115
1.03024
1.0315
1.03082
1.03177
1.03296
1.03254
1.03284
1.03433
1.03505
1.03368
1.03257
1.03248
1.03204
1.03013
1.02739
1.02644
1.02671
1.02714
1.02845
1.02774
1.02731
1.02819
1.02663
1.02636
1.02659
1.02708
1.02613
1.02638
1.0249
1.02431
1.02383
1.02559
1.02544
1.02581
1.02547
1.02368
1.02156
1.02137
1.02193
1.02257
1.02272
1.02
1.01885
1.01957
1.02143
1.02458
1.02539
1.02701
1.02648
1.02727
1.02751
1.02718
1.02852
1.02859
1.02838
1.02805
1.02763
1.02511
1.02395
1.02413
1.02428
1.0242
1.02286
1.02371
1.02356
1.0215
1.02287
1.02128
1.01999
1.0171
1.01691
1.01698
1.01736
1.0184
1.01841
1.01774
1.01843
1.01876
1.01906
1.01912
1.01963
1.02001
1.01996
1.0198
1.01946
1.02045
1.01937
1.01698
1.01717
1.01773
1.01929
1.02134
1.021
1.02008
1.01925
1.01904
1.01868
1.01983
1.019
1.0197
1.01837
1.01635
1.0154
1.01464
1.0154
1.01518
1.01602
1.01526
1.01426
1.01397
1.0121
1.0111
1.01017
1.00978
1.01031
1.01131
1.01225
1.01303
1.01266
1.01189
1.01175
1.01161
1.0121
1.01383
1.01366
1.01335
1.01278
1.01405
1.01401
1.01269
1.01255
1.01235
1.01199
1.01326
1.01264
1.01059
1.01309
1.01321
1.01331
1.01312
1.01127
1.0115
1.01265
1.01235
1.01294
1.01308
1.01561
1.01492
1.01512
1.01717
1.01752
1.01804
1.01939
1.01997
1.01919
1.01845
1.01766
1.01694
1.01583
1.01523
1.01258
1.01096
1.01045
1.01047
1.00966
1.0086
1.00737
1.00669
1.00637
1.00532
1.00452
1.00367
1.00302
1.00411
1.00269
1.00357
1.00451
1.00364
1.0035
1.00196
1.00086
1.00425
1.00236
1.00224
1.00266
1.00131
1.00063
1.00124
1.0014
1.00214
1.00242
1.00159
1.00257
1.00343
1.00585
1.00758
1.00882
1.00911
1.00938
1.00761
1.00613
1.0049
1.00446
1.00449
1.00441
1.00256
1.00254
1.00145
1.00138
1.00221
1.00198
1.00072
1.00228
1.00285
1.00253
1.00365
1.00301
1.00259
1.0053
1.00621
1.00665
1.00503
1.00528
1.00623
1.0098
1.00933
1.01115
1.01105
1.01049
1.01165
1.01351
1.01143
1.00987
1.01025
1.01
1.0082
1.01023
1.01007
1.01214
1.01029
1.01111
1.01133
1.01315
1.01486
1.01294
1.01454
1.01377
1.01621
1.01617
1.01699
1.01568
1.01729
1.01633
1.01942
1.02051
1.01939
1.01767
1.01717
1.01756
1.01719
1.01819
1.01665
1.01727
1.0196
1.02116
1.02297
1.02177
1.02231
1.02086
1.01987
1.02096
1.02051
1.0195
1.01776
1.01847
1.01873
1.01812
1.01662
1.01697
1.01834
1.01907
1.02047
1.01996
1.01907
1.01872
1.02022
1.01834
1.0184
1.01887
1.01874
1.01961
1.02013
1.02043
1.02176
1.02219
1.0231
1.02297
1.02224
1.02254
1.02137
1.02138
1.02128
1.02216
1.0199
1.02025
1.01925
1.02009
1.02033
1.0199
1.01891
1.01762
1.01711
1.018
1.01637
1.01706
1.01551
1.01777
1.01623
1.01408
1.01323
1.01203
1.01239
1.01262
1.01506
1.01618
1.01672
1.01752
1.01736
1.01647
1.01669
1.0142
1.01616
1.01714
1.01557
1.01485
1.01591
1.01753
1.01809
1.01616
1.01648
1.01696
1.01755
1.01644
1.01731
1.01666
1.01541
1.01579
1.0146
1.01712
1.01817
1.01842
1.02028
1.02107
1.0225
1.02015
1.01991
1.02085
1.02176
1.02226
1.02216
1.02168
1.02173
1.0204
1.02071
1.0204
1.02031
1.01824
1.01739
1.01676
1.01701
1.01603
1.01255
1.01173
1.01069
1.00933
1.00883
1.00891
1.00737
1.0074
1.00626
1.00677
1.00743
1.00771
1.00813
1.00755
1.00844
1.0105
1.01004
1.01019
1.01114
1.01013
1.01041
1.00885
1.00705
1.00809
1.00759
1.00747
1.00655
1.00592
1.00495
1.00475
1.00398
1.00349
1.00451
1.00687
1.00547
1.00447
1.00479
1.00636
1.00566
1.00559
1.00582
1.00526
1.00528
1.00588
1.00845
1.00811
1.0077
1.00697
1.00737
1.00549
1.00547
1.00494
1.00576
1.00634
1.00952
1.00723
1.00794
1.00824
1.00877
1.00917
1.00963
1.01024
1.01093
1.01056
1.01113
1.01129
1.00961
1.01001
1.0115
1.01309
1.01274
1.01013
1.0091
1.01047
1.00938
1.00964
1.01074
1.01201
1.0112
1.0095
1.00862
1.00833
1.00793
1.0076
1.00604
1.00558
1.00718
1.00405
1.00443
1.00293
1.00339
1.0039
1.00446
1.00434
1.00557
1.00592
1.00624
1.00744
1.00734
1.00581
1.00647
1.00678
1.00841
1.00733
1.00707
1.006
1.00471
1.00683
1.00429
1.00537
1.00741
1.00917
1.00988
1.00879
1.01045
1.01061
1.00935
1.00979
1.01077
1.01114
1.01198
1.01367
1.01329
1.01167
1.01146
1.00894
1.01098
1.01111
1.01102
1.00962
1.00959
1.00789
1.0077
1.00781
1.00723
1.00848
1.00991
1.00873
1.00842
1.00597
1.00716
1.00677
1.00583
1.00652
1.00688
1.00722
1.00773
1.00726
1.00764
1.00642
1.00433
1.00436
1.00468
1.00629
1.00852
1.0078
1.00936
1.00891
1.01138
1.01058
1.01172
1.01225
1.01215
1.01142
1.01192
1.01368
1.01353
1.01423
1.01363
1.01245
1.01253
1.01209
1.01016
1.00972
1.0111
1.01088
1.01251
1.012
1.01323
1.01257
1.01492
1.01469
1.01319
1.01456
1.01532
1.01455
1.01453
1.01667
1.01692
1.01759
1.01541
1.01469
1.01463
1.01573
1.01524
1.01456
1.01651
1.01611
1.01584
1.01581
1.01547
1.01628
1.01637
1.0154
1.01672
1.01648
1.01668
1.0184
1.01714
1.01656
1.01626
1.01647
1.01563
1.01565
1.01545
1.0153
1.01664
1.0172
1.01792
1.01891
1.01985
1.02205
1.01971
1.01894
1.0175
1.01795
1.01812
1.01861
1.01924
1.01813
1.01538
1.015
1.01475
1.01591
1.01453
1.01429
1.01501
1.01596
1.01452
1.01576
1.01564
1.01531
1.01672
1.01758
1.02044
1.02257
1.02283
1.022
1.02064
1.02247
1.02298
1.0227
1.02112
1.02174
1.02341
1.02337
1.02334
1.02104
1.02059
1.02056
1.02172
1.02171
1.023
1.0227
1.02227
1.02328
1.0214
1.02343
1.02197
1.02075
1.01844
1.01771
1.01806
1.01758
1.01936
1.02084
1.0215
1.02261
1.0239
1.02345
1.02249
1.02278
1.02247
1.02071
1.02058
1.02323
1.0231
1.02354
1.02506
1.02503
1.02671
1.02706
1.02513
1.0273
1.0278
1.02563
1.02634
1.02413
1.02442
1.02621
1.02475
1.02372
1.02533
1.02504
1.0222
1.02279
1.0208
1.02193
1.02247
1.0203
1.0192
1.01897
1.01789
1.0181
1.01788
1.01597
1.01445
1.01661
1.01681
1.01625
1.01876
1.02061
1.02126
1.01999
1.01985
1.01938
1.02108
1.02137
1.02073
1.02308
1.02448
1.02434
1.0242
1.02488
1.02658
1.02635
1.02495
1.02657
1.02555
1.02595
1.02558
1.02704
1.02692
1.02451
1.02327
1.0238
1.02389
1.02547
1.02571
1.0248
1.02489
1.02353
1.02333
1.0231
1.02436
1.02566
1.0256
1.02554
1.02359
1.02401
1.02529
1.02474
1.02446
1.0253
1.02171
1.02262
1.02338
1.02263
1.02305
1.02466
1.02454
1.02573
1.02799
1.02925
1.03199
1.0326
1.03368
1.03208
1.0333
1.03285
1.03349
1.03591
1.03662
1.03731
1.03646
1.03625
1.03429
1.03602
1.03466
1.03638
1.0356
1.03551
1.03469
1.03521
1.03502
1.0369
1.03661
1.03543
1.03466
1.03301
1.03357
1.03565
1.03659
1.03374
1.03422
1.0363
1.03627
1.03704
1.03652
1.03622
1.03734
1.03856
1.03696
1.03637
1.03602
1.03562
1.0348
1.03395
1.03383
1.03496
1.0356
1.03643
1.03815
1.03948
1.03795
1.03899
1.03557
1.03401
1.0334
1.03346
1.0341
1.03467
1.03562
1.03531
1.03723
1.03732
1.03729
1.0393
1.03908
1.03906
1.03891
1.03738
1.03796
1.0398
1.03978
1.04086
1.0413
1.04121
1.04145
1.04184
1.04199
1.04353
1.04241
1.04175
1.04339
1.04339
1.04209
1.04294
1.04237
1.04166
1.04201
1.04298
1.04235
1.04363
1.04335
1.04285
1.04266
1.0422
1.04073
1.04223
1.04422
1.0437
1.04338
1.04275
1.04128
1.04213
1.04126
1.04066
1.04064
1.04244
1.04086
1.04085
1.04163
1.04144
1.04107
1.04055
1.04044
1.04157
1.04166
1.04266
1.04268
1.04548
1.04474
1.0464
1.04638
1.04491
1.04364
1.04444
1.04331
1.04206
1.04179
1.04244
1.04038
1.03933
1.03884
1.03867
1.04049
1.04219
1.04008
1.03993
1.04041
1.04171
1.0419
1.0417
1.04175
1.04104
1.04307
1.04278
1.04276
1.04288
1.04303
1.04493
1.04187
1.04218
1.04206
1.04137
1.04174
1.04163
1.04196
1.04263
1.04248
1.04143
1.04063
1.04054
1.0394
1.03867
1.03809
1.03939
1.03724
1.0356
1.03626
1.03481
1.03437
1.03482
1.03541
1.03389
1.03263
1.03422
1.03392
1.03361
1.03326
1.03309
1.03424
1.03426
1.03585
1.03489
1.03552
1.0343
1.03584
1.03542
1.03605
1.03658
1.03807
1.03613
1.03728
1.03705
1.03572
1.03698
1.03692
1.03798
1.03781
1.03656
1.03455
1.03689
1.03472
1.03321
1.03195
1.03252
1.03217
1.03471
1.03631
1.03456
1.03265
1.03159
1.03074
1.03245
1.03013
1.02846
1.02976
1.03017
1.03183
1.03186
1.03382
1.03274
1.03206
1.03138
1.0314
1.03087
1.02939
1.02852
1.03092
1.0315
1.02964
1.02909
1.02983
1.03208
1.03224
1.03279
1.03096
1.02976
1.02996
1.02918
1.02876
1.02687
1.02561
1.02641
1.02467
1.02585
1.02719
1.02739
1.02818
1.02902
1.02728
1.0256
1.0251
1.02763
1.02891
1.02815
1.03106
1.0322
1.03377
1.03379
1.03391
1.03352
1.03284
1.03346
1.03472
1.03381
1.03206
1.03186
1.03278
1.03328
1.03353
1.03303
1.03451
1.03414
1.03442
1.03397
1.0333
1.03427
1.03599
1.03569
1.03527
1.03535
1.0363
1.03598
1.03728
1.03724
1.03439
1.03461
1.03419
1.03535
1.03473
1.03493
1.0338
1.031
1.0304
1.02917
1.02959
1.02995
1.03025
1.03166
1.03016
1.02927
1.02894
1.02933
1.03083
1.03088
1.03268
1.03434
1.03366
1.03269
1.03381
1.03372
1.03439
1.03434
1.03537
1.03443
1.03179
1.03174
1.03006
1.02903
1.02904
1.02811
1.02696
1.02756
1.02848
1.02846
1.02661
1.02491
1.02413
1.0239
1.02326
1.02274
1.02308
1.02342
1.02297
1.02174
1.01867
1.01731
1.01692
1.01502
1.01442
1.01571
1.01639
1.01502
1.01468
1.0132
1.01306
1.01273
1.01202
1.01179
1.01107
1.01162
1.01146
1.0104
1.01079
1.0083
1.00843
1.00573
1.00522
1.00489
1.00431
1.00334
1.00219
1.002
1.00239
1.00162
1.00374
1.00208
1.00198
0.999629
1.0016
1.00332
1.00448
1.00511
1.00646
1.00583
1.00324
1.00398
1.00391
1.00489
1.00498
1.00509
1.00599
1.00596
1.00616
1.00458
1.00417
1.00589
1.00717
1.00723
1.00692
1.0105
1.01019
1.00942
1.01019
1.01242
1.01166
1.01079
1.01121
1.01306
1.0119
1.01206
1.01205
1.01206
1.01228
1.01092
1.00974
1.0069
1.00654
1.00621
1.00552
1.00676
1.00764
1.00694
1.00734
1.0065
1.00597
1.00643
1.0046
1.00431
1.00336
1.00499
1.00699
1.00655
1.00825
1.00972
1.01089
1.01193
1.01197
1.01229
1.01178
1.0118
1.0121
1.01032
1.00892
1.00761
1.00977
1.01038
1.01179
1.01092
1.01069
1.01291
1.01399
1.01344
1.01356
1.01247
1.01362
1.01129
1.01433
1.01546
1.0159
1.01675
1.01633
1.0176
1.01817
1.01723
1.01777
1.01645
1.01867
1.01949
1.02003
1.01941
1.02076
1.01953
1.02135
1.02293
1.02406
1.02537
1.02548
1.02386
1.02512
1.02487
1.02518
1.02448
1.02473
1.02474
1.02451
1.02423
1.02299
1.02342
1.02314
1.02287
1.02235
1.02261
1.02474
1.02539
1.02782
1.02767
1.02963
1.03037
1.03178
1.03084
1.03049
1.03133
1.03116
1.03332
1.03442
1.03502
1.03674
1.03827
1.03945
1.04128
1.0414
1.04059
1.04127
1.04123
1.0408
1.03991
1.04092
1.03856
1.03723
1.0392
1.0387
1.03819
1.04122
1.04154
1.0408
1.03942
1.03883
1.04032
1.03875
1.0405
1.03956
1.03849
1.03831
1.04003
1.03821
1.03835
1.03925
1.03969
1.03911
1.0386
1.03925
1.03974
1.03949
1.03894
1.03797
1.03936
1.04138
1.04276
1.03926
1.03875
1.03758
1.03715
1.03909
1.04111
1.03994
1.03892
1.03764
1.03879
1.04144
1.04307
1.04167
1.03836
1.03726
1.03807
1.03751
1.03576
1.03534
1.03517
1.03358
1.03391
1.0348
1.03481
1.03556
1.03393
1.03504
1.035
1.03388
1.0331
1.03349
1.03396
1.03239
1.03247
1.0337
1.03459
1.03341
1.03218
1.03126
1.02883
1.03035
1.03033
1.02895
1.02774
1.02721
1.02727
1.02527
1.02705
1.02792
1.02814
1.02893
1.03008
1.03
1.03089
1.03032
1.02944
1.02704
1.02758
1.02818
1.0302
1.02762
1.02875
1.02921
1.02989
1.0289
1.03118
1.03037
1.03115
1.03261
1.03226
1.03334
1.03434
1.03301
1.03191
1.03127
1.03115
1.03307
1.03206
1.03059
1.03133
1.03075
1.03197
1.03191
1.03256
1.03242
1.03325
1.0326
1.03249
1.03256
1.03384
1.0347
1.03367
1.03261
1.03395
1.03415
1.03466
1.03484
1.03466
1.03646
1.03501
1.03437
1.03427
1.03567
1.03393
1.03599
1.03294
1.03288
1.03267
1.03342
1.03211
1.03236
1.03281
1.03406
1.03379
1.0308
1.03165
1.0338
1.03394
1.03466
1.03439
1.03469
1.03577
1.0355
1.03558
1.03567
1.03468
1.03436
1.03279
1.03177
1.03223
1.03286
1.03336
1.03181
1.03346
1.03317
1.03391
1.03265
1.03076
1.0307
1.02787
1.02876
1.03091
1.0299
1.02906
1.02912
1.02925
1.03027
1.03005
1.02862
1.0287
1.03063
1.03154
1.03017
1.02979
1.03107
1.02931
1.02703
1.02557
1.02556
1.0266
1.02607
1.02669
1.02594
1.02751
1.02601
1.0269
1.02908
1.02924
1.03018
1.02935
1.02754
1.02825
1.02828
1.02804
1.02621
1.02434
1.0241
1.02427
1.0251
1.02395
1.0229
1.02503
1.02484
1.02465
1.02394
1.02346
1.02368
1.02493
1.02359
1.02296
1.02233
1.02442
1.02519
1.02513
1.0262
1.02523
1.02712
1.02758
1.02687
1.02766
1.02579
1.02506
1.02542
1.02549
1.02536
1.02344
1.02355
1.02353
1.02359
1.02299
1.02273
1.02346
1.02306
1.02565
1.02538
1.02459
1.02496
1.02551
1.02747
1.02818
1.02943
1.02732
1.02826
1.02916
1.02726
1.02767
1.02789
1.02685
1.02898
1.02987
1.03082
1.03097
1.0278
1.02856
1.02942
1.0295
1.02896
1.03003
1.03012
1.02828
1.02671
1.02745
1.02698
1.02619
1.02632
1.02849
1.02802
1.02656
1.02752
1.02806
1.02827
1.02728
1.02592
1.02418
1.02277
1.02235
1.0226
1.02234
1.01988
1.02206
1.02514
1.02523
1.02618
1.02691
1.0281
1.02656
1.02581
1.02594
1.02503
1.02528
1.02566
1.02416
1.02344
1.02181
1.02472
1.02559
1.02522
1.02569
1.02558
1.0245
1.02427
1.02321
1.02378
1.02315
1.02315
1.02349
1.02111
1.0223
1.02144
1.02468
1.02438
1.02283
1.02352
1.02452
1.02416
1.02248
1.02228
1.0214
1.02327
1.02263
1.02119
1.02043
1.02014
1.01888
1.01992
1.02173
1.02086
1.0223
1.02156
1.02319
1.02434
1.02659
1.0289
1.02862
1.02798
1.02823
1.02666
1.02543
1.02568
1.02629
1.02741
1.02699
1.02584
1.02529
1.02556
1.02575
1.02705
1.02607
1.02584
1.02326
1.02476
1.02258
1.02366
1.02407
1.02543
1.02665
1.02681
1.02894
1.02761
1.02617
1.02901
1.02939
1.03072
1.02949
1.02926
1.02994
1.02759
1.02707
1.02784
1.0279
1.02847
1.0295
1.0307
1.03209
1.03057
1.02933
1.0295
1.03192
1.03145
1.03
1.02965
1.03032
1.03108
1.03153
1.03191
1.03142
1.03289
1.03137
1.03135
1.03219
1.03108
1.03132
1.03228
1.03222
1.03294
1.03203
1.03276
1.03145
1.03019
1.02905
1.02545
1.02451
1.02344
1.02344
1.02406
1.02487
1.02461
1.02492
1.02391
1.0239
1.0241
1.0228
1.02155
1.0224
1.02349
1.02472
1.02467
1.02465
1.02474
1.02489
1.02631
1.02487
1.02489
1.02382
1.02479
1.02499
1.02585
1.02615
1.02544
1.02537
1.02467
1.02396
1.02225
1.0216
1.02101
1.02175
1.0209
1.02154
1.02153
1.0209
1.02225
1.02235
1.02384
1.02166
1.02213
1.02114
1.01884
1.01734
1.01882
1.01948
1.01962
1.02026
1.02298
1.02346
1.02338
1.02214
1.0214
1.02187
1.02091
1.02207
1.02107
1.0229
1.0239
1.02428
1.02497
1.02463
1.02623
1.02624
1.02693
1.02486
1.02548
1.02559
1.02513
1.02577
1.02686
1.02575
1.02642
1.02879
1.02795
1.02937
1.0301
1.02865
1.03028
1.02983
1.02805
1.0289
1.02814
1.02872
1.03162
1.03079
1.03052
1.02948
1.02995
1.0316
1.03113
1.03002
1.03062
1.03147
1.03081
1.03252
1.03354
1.0325
1.0308
1.02972
1.02861
1.02702
1.02822
1.02792
1.02954
1.03196
1.03448
1.03484
1.03596
1.03409
1.03514
1.03603
1.03651
1.0372
1.0386
1.03699
1.03731
1.03794
1.03742
1.0381
1.03998
1.03898
1.03851
1.03761
1.03655
1.03774
1.03706
1.03737
1.03821
1.03747
1.03847
1.03638
1.03697
1.03719
1.03794
1.03982
1.03786
1.03776
1.03585
1.0357
1.03561
1.03673
1.03706
1.03565
1.03256
1.03369
1.03326
1.03256
1.03374
1.03328
1.03388
1.03279
1.03347
1.03314
1.03289
1.03362
1.03199
1.03189
1.0319
1.03145
1.03317
1.03292
1.03182
1.03137
1.03106
1.03129
1.033
1.0354
1.03714
1.03758
1.03874
1.03863
1.03792
1.0378
1.03873
1.03663
1.03667
1.03811
1.03698
1.03655
1.03789
1.04012
1.04035
1.03814
1.03763
1.03385
1.03392
1.03178
1.02995
1.03097
1.03172
1.03084
1.03107
1.02792
1.02613
1.0258
1.0247
1.02502
1.02455
1.02546
1.02656
1.02523
1.02677
1.0253
1.02489
1.02446
1.0242
1.02373
1.02408
1.02247
1.02232
1.02198
1.02193
1.02207
1.0237
1.02383
1.02327
1.02327
1.02453
1.0241
1.02463
1.02489
1.02514
1.02516
1.02624
1.02643
1.02533
1.02681
1.02779
1.02937
1.02789
1.02799
1.02754
1.0279
1.02925
1.03014
1.0302
1.02957
1.02947
1.03113
1.02933
1.03023
1.03019
1.03053
1.03029
1.02982
1.0293
1.02682
1.0256
1.02766
1.02794
1.02807
1.02834
1.02927
1.02961
1.02788
1.02873
1.02837
1.02952
1.03094
1.03088
1.03091
1.03258
1.03069
1.03089
1.03061
1.03116
1.0302
1.03153
1.03082
1.03147
1.03139
1.0295
1.03096
1.03193
1.0322
1.03309
1.03239
1.03307
1.03506
1.03454
1.03366
1.03452
1.03421
1.03501
1.0342
1.03634
1.03614
1.03403
1.03452
1.03597
1.03657
1.03642
1.03721
1.03519
1.03465
1.03439
1.03495
1.03569
1.03368
1.03465
1.03489
1.03424
1.03604
1.0351
1.0349
1.03483
1.03598
1.0358
1.03541
1.03394
1.03196
1.03217
1.03174
1.03162
1.03015
1.03122
1.03208
1.03192
1.03193
1.03449
1.03399
1.03325
1.0331
1.03359
1.03323
1.03305
1.03278
1.03146
1.02957
1.03029
1.02963
1.03155
1.03232
1.03353
1.03394
1.03385
1.03254
1.03133
1.03323
1.03348
1.03471
1.03503
1.03408
1.03525
1.03491
1.03519
1.03432
1.03348
1.03283
1.0323
1.03364
1.03366
1.03412
1.03639
1.03744
1.03706
1.03617
1.03478
1.03767
1.03506
1.03639
1.03594
1.03619
1.03631
1.0384
1.03844
1.03635
1.03864
1.03889
1.04057
1.0409
1.0417
1.04106
1.04218
1.04348
1.04128
1.04192
1.04237
1.04132
1.04362
1.04204
1.04516
1.04585
1.04563
1.04646
1.04493
1.04668
1.04598
1.04174
1.04144
1.04063
1.04208
1.04341
1.04298
1.04403
1.0436
1.04245
1.04218
1.04332
1.04225
1.04369
1.04462
1.04405
1.04562
1.04532
1.04519
1.04612
1.04306
1.04258
1.04253
1.04266
1.04134
1.04121
1.039
1.03783
1.03998
1.03932
1.03994
1.03906
1.04066
1.04231
1.04191
1.04
1.0417
1.0416
1.04111
1.04033
1.04018
1.03874
1.03863
1.04066
1.04201
1.04138
1.04316
1.04251
1.04296
1.04391
1.04323
1.04263
1.04216
1.04062
1.04106
1.04274
1.04437
1.04513
1.0437
1.04514
1.04419
1.04379
1.04341
1.04286
1.04503
1.0472
1.05001
1.05211
1.05219
1.05242
1.05165
1.05241
1.05397
1.05494
1.05363
1.05201
1.05263
1.05121
1.05081
1.04982
1.04993
1.05005
1.04731
1.04711
1.0506
1.05037
1.05122
1.04952
1.05016
1.04971
1.04852
1.0466
1.04571
1.04497
1.04613
1.04605
1.04619
1.04521
1.04628
1.0466
1.04463
1.0429
1.04231
1.03995
1.04044
1.04115
1.042
1.04137
1.04184
1.04429
1.04489
1.04461
1.04371
1.04468
1.04376
1.04377
1.04237
1.04426
1.04455
1.04524
1.04693
1.04798
1.04805
1.04817
1.04787
1.04616
1.04636
1.04558
1.04578
1.04368
1.04304
1.04404
1.04345
1.04299
1.04333
1.04191
1.04231
1.04372
1.04493
1.04724
1.04755
1.04797
1.04915
1.0499
1.04947
1.04912
1.05011
1.0499
1.04808
1.05016
1.0505
1.0504
1.05344
1.05332
1.05373
1.0542
1.05451
1.05301
1.05295
1.05163
1.05013
1.05053
1.0523
1.05018
1.04822
1.04915
1.04924
1.04763
1.04753
1.0467
1.04632
1.04486
1.04461
1.04284
1.0465
1.04487
1.04489
1.04469
1.04423
1.0457
1.04755
1.0488
1.04953
1.04964
1.04563
1.04494
1.04413
1.04495
1.04353
1.04486
1.04663
1.04756
1.04776
1.04783
1.04696
1.04817
1.04852
1.04901
1.04814
1.04819
1.04921
1.0483
1.04745
1.04638
1.04778
1.0476
1.04568
1.04534
1.04395
1.04517
1.04583
1.04443
1.04351
1.04056
1.0388
1.03875
1.03734
1.03715
1.03555
1.03598
1.03772
1.03761
1.03915
1.04023
1.03852
1.03807
1.0386
1.03839
1.03635
1.03384
1.03344
1.03359
1.03356
1.03451
1.03499
1.0327
1.03286
1.03298
1.03338
1.03401
1.03491
1.03578
1.03449
1.03557
1.03639
1.03762
1.0385
1.03825
1.03818
1.03931
1.03718
1.03771
1.03883
1.04001
1.03909
1.03836
1.03907
1.03926
1.03813
1.03544
1.03657
1.03604
1.03679
1.03543
1.03588
1.03607
1.03687
1.03709
1.03741
1.03784
1.03672
1.03773
1.03784
1.03676
1.03823
1.03985
1.03981
1.0389
1.04108
1.03911
1.03671
1.0358
1.03449
1.0319
1.03343
1.03284
1.03247
1.03124
1.03051
1.03017
1.02891
1.02998
1.02952
1.02944
1.02962
1.02966
1.03037
1.03067
1.0316
1.03269
1.03151
1.03254
1.03307
1.03296
1.03073
1.0291
1.02983
1.0283
1.02978
1.02987
1.02885
1.02937
1.02885
1.028
1.02959
1.0291
1.0279
1.02987
1.0307
1.03096
1.03337
1.03609
1.0368
1.03623
1.03963
1.03919
1.03762
1.03776
1.03775
1.03784
1.03866
1.03755
1.03745
1.0355
1.03547
1.03394
1.03577
1.03374
1.03376
1.03452
1.0356
1.03601
1.03761
1.03795
1.03862
1.03839
1.03937
1.03827
1.04127
1.04046
1.0393
1.0391
1.03743
1.03858
1.03715
1.0349
1.03283
1.03113
1.03094
1.03064
1.03131
1.03324
1.03235
1.03187
1.03176
1.03124
1.02992
1.03117
1.031
1.03078
1.02971
1.03082
1.03033
1.02966
1.02973
1.02855
1.03105
1.03235
1.03245
1.03323
1.03408
1.03648
1.03685
1.03645
1.03526
1.03435
1.03423
1.03507
1.03577
1.03588
1.0375
1.03871
1.04033
1.04042
1.03993
1.0397
1.04024
1.03883
1.03749
1.03818
1.03972
1.03943
1.03958
1.03943
1.03948
1.04068
1.04104
1.04145
1.04134
1.04296
1.04493
1.04248
1.04235
1.04142
1.04202
1.04085
1.03985
1.03979
1.04089
1.04347
1.04274
1.04207
1.04281
1.04418
1.04274
1.04372
1.0445
1.04509
1.04399
1.0442
1.04283
1.04237
1.03931
1.04014
1.03902
1.03841
1.03655
1.03542
1.03728
1.03793
1.03718
1.03785
1.03821
1.03744
1.03822
1.03831
1.03805
1.03911
1.03798
1.03755
1.03927
1.03883
1.03857
1.03789
1.03682
1.03746
1.03631
1.03646
1.03638
1.03558
1.0361
1.03699
1.03667
1.03709
1.03572
1.03559
1.03567
1.03341
1.03111
1.03286
1.03428
1.03378
1.03403
1.03383
1.03339
1.03416
1.03252
1.03339
1.03417
1.03423
1.03184
1.03205
1.03108
1.03212
1.03168
1.03225
1.03165
1.0315
1.03273
1.0332
1.03365
1.03424
1.03416
1.03716
1.03807
1.03951
1.03908
1.03847
1.03859
1.03802
1.03581
1.0362
1.03767
1.03862
1.03666
1.03568
1.03565
1.03756
1.03841
1.03892
1.04111
1.0419
1.04124
1.04015
1.04201
1.04202
1.04204
1.04214
1.04132
1.04006
1.04096
1.04032
1.03923
1.03872
1.03913
1.03996
1.04119
1.04156
1.03892
1.03911
1.03906
1.04059
1.04219
1.04389
1.04491
1.04487
1.041
1.04052
1.04078
1.03976
1.03986
1.03961
1.03998
1.03936
1.03874
1.03908
1.04031
1.03906
1.03887
1.03947
1.04001
1.04113
1.04165
1.04178
1.04374
1.04492
1.04558
1.04545
1.04448
1.04503
1.04218
1.04187
1.04224
1.04222
1.04223
1.04218
1.04132
1.04165
1.0398
1.03855
1.03976
1.03809
1.03886
1.03971
1.03769
1.038
1.03771
1.03791
1.0365
1.03507
1.03293
1.03274
1.03233
1.03205
1.03173
1.03057
1.03122
1.03163
1.03232
1.03254
1.03217
1.0289
1.02911
1.02885
1.02834
1.02811
1.02802
1.02808
1.02858
1.02907
1.02998
1.02928
1.02902
1.02939
1.02983
1.03065
1.02875
1.02974
1.02901
1.03066
1.03136
1.03082
1.02994
1.0301
1.02926
1.02694
1.02743
1.02716
1.027
1.02602
1.02376
1.02313
1.0235
1.02346
1.02309
1.02253
1.02479
1.02284
1.02228
1.024
1.02391
1.02413
1.02263
1.02519
1.02597
1.02693
1.02669
1.02865
1.03012
1.03074
1.03056
1.02959
1.02923
1.0279
1.02739
1.02791
1.03049
1.03125
1.02899
1.02724
1.0277
1.02754
1.02699
1.02782
1.02617
1.02607
1.0258
1.02454
1.02595
1.02611
1.02566
1.02654
1.02796
1.02833
1.02938
1.03062
1.03025
1.03046
1.03033
1.03172
1.03371
1.03477
1.03598
1.03361
1.03174
1.03168
1.02875
1.02837
1.02741
1.02756
1.02818
1.02782
1.0295
1.02999
1.02852
1.02609
1.02646
1.02673
1.02455
1.02395
1.02207
1.02024
1.02015
1.01965
1.02165
1.01885
1.01905
1.01825
1.01977
1.02055
1.02082
1.02086
1.02082
1.01974
1.01953
1.01993
1.02007
1.01939
1.02072
1.02122
1.02209
1.02057
1.02133
1.01921
1.01712
1.01612
1.01843
1.01768
1.01772
1.01698
1.01911
1.01816
1.01835
1.02024
1.02011
1.02177
1.02401
1.02347
1.02176
1.0211
1.02219
1.01981
1.0195
1.01735
1.017
1.01678
1.01556
1.01505
1.01374
1.01507
1.01483
1.01559
1.01729
1.01754
1.01761
1.01821
1.01696
1.01733
1.01397
1.01535
1.0143
1.0137
1.01255
1.01082
1.01234
1.01337
1.01319
1.01386
1.0143
1.01464
1.01556
1.01416
1.0132
1.01238
1.01258
1.0139
1.01265
1.01161
1.01148
1.01414
1.01554
1.0164
1.01484
1.01371
1.01194
1.01412
1.01285
1.01531
1.01465
1.01585
1.01481
1.01568
1.01557
1.01482
1.01305
1.01183
1.01044
1.00954
1.00955
1.00895
1.00971
1.01057
1.0113
1.01188
1.01231
1.01269
1.01195
1.0127
1.01387
1.0133
1.01358
1.01347
1.0138
1.01356
1.01288
1.01268
1.01019
1.01107
1.012
1.01241
1.01142
1.01161
1.01126
1.01115
1.01165
1.00909
1.00909
1.01068
1.01048
1.00919
1.0102
1.01055
1.00866
1.00715
1.00706
1.00708
1.0058
1.00799
1.00833
1.00933
1.00979
1.00922
1.01121
1.01328
1.01323
1.01555
1.01657
1.0169
1.01567
1.0161
1.01565
1.01594
1.01537
1.01496
1.01557
1.0174
1.01696
1.01805
1.01801
1.01778
1.01661
1.0176
1.01825
1.01909
1.02009
1.02024
1.02173
1.02132
1.02058
1.02247
1.02242
1.02254
1.02119
1.02251
1.02236
1.0202
1.02119
1.02219
1.02314
1.02122
1.02247
1.02235
1.02058
1.02014
1.02057
1.02281
1.022
1.02146
1.02036
1.02088
1.02121
1.0212
1.01952
1.01943
1.02025
1.02196
1.02212
1.02231
1.02219
1.02302
1.02023
1.02049
1.01914
1.01793
1.01767
1.01929
1.01874
1.01958
1.02028
1.02199
1.02439
1.02567
1.02632
1.0265
1.02679
1.02868
1.02789
1.02686
1.02517
1.0256
1.025
1.02556
1.02718
1.02788
1.02964
1.03247
1.03186
1.03122
1.0308
1.03279
1.03322
1.03266
1.03368
1.03383
1.03248
1.03244
1.03361
1.03542
1.03548
1.03512
1.03435
1.03374
1.03325
1.0319
1.03093
1.03208
1.03143
1.03231
1.03319
1.03232
1.03326
1.03293
1.03206
1.03049
1.02937
1.02766
1.02661
1.02498
1.02433
1.02495
1.02556
1.02494
1.02501
1.02431
1.02377
1.02261
1.01983
1.0208
1.01967
1.01825
1.01856
1.01824
1.02069
1.02148
1.02232
1.02447
1.02439
1.02441
1.02368
1.02388
1.02414
1.02446
1.02509
1.02623
1.02572
1.0253
1.02546
1.02534
1.02512
1.02596
1.02335
1.02136
1.02238
1.02384
1.02365
1.02293
1.02367
1.02548
1.02401
1.0237
1.02301
1.02301
1.02365
1.02418
1.02387
1.02175
1.02183
1.02226
1.02072
1.02015
1.01944
1.01796
1.01727
1.01705
1.01761
1.01876
1.0182
1.0178
1.01939
1.01778
1.01644
1.01738
1.01843
1.01793
1.01795
1.0183
1.01822
1.01859
1.01783
1.01684
1.01651
1.01499
1.01654
1.01752
1.01765
1.01751
1.01858
1.01987
1.02115
1.02127
1.01949
1.01865
1.01948
1.0171
1.01442
1.01352
1.01379
1.01248
1.01346
1.01283
1.01139
1.01184
1.00979
1.00907
1.00793
1.00841
1.01037
1.01096
1.01102
1.01074
1.011
1.01027
1.01035
1.01017
1.01053
1.00872
1.00718
1.00805
1.00871
1.0078
1.00516
1.008
1.00607
1.00613
1.0088
1.00754
1.007
1.00668
1.00737
1.00823
1.00762
1.00603
1.00628
1.00507
1.0051
1.00648
1.00717
1.00697
1.00759
1.00644
1.00765
1.00812
1.00681
1.00788
1.00688
1.00529
1.00464
1.00431
1.00396
1.00496
1.0059
1.00627
1.00567
1.00516
1.00856
1.00852
1.00829
1.00764
1.00792
1.00826
1.00743
1.00781
1.00791
1.00874
1.00644
1.00735
1.00665
1.0077
1.00781
1.00654
1.00601
1.00593
1.00587
1.00531
1.00507
1.00561
1.00431
1.00262
1.00198
1.00384
1.00385
1.00285
1.00268
1.00181
1.00212
1.00213
1.00251
1.00123
0.999139
0.998265
0.998373
1.00028
0.999689
0.999666
0.998358
0.999939
0.998664
0.998002
0.99726
0.997215
0.997996
0.997183
0.997992
0.997767
0.999422
1.0009
1.00127
1.00336
1.00292
1.00467
1.00342
1.00416
1.00678
1.00791
1.00833
1.00851
1.00971
1.01025
1.01032
1.01081
1.01172
1.01132
1.01027
1.00988
1.01007
1.01024
1.01187
1.01187
1.01334
1.01345
1.0147
1.01331
1.01216
1.0111
1.01307
1.01493
1.01596
1.01617
1.0169
1.01634
1.0172
1.01546
1.01522
1.01821
1.01764
1.01752
1.01722
1.0177
1.01801
1.01999
1.02028
1.01873
1.01814
1.01728
1.01725
1.01666
1.01574
1.01645
1.01638
1.01564
1.01402
1.01249
1.01139
1.01242
1.01379
1.0145
1.01336
1.01451
1.01601
1.01617
1.01548
1.01682
1.0164
1.01525
1.01357
1.01214
1.01426
1.01522
1.01701
1.0156
1.01574
1.01454
1.01421
1.01288
1.01432
1.01433
1.01428
1.01448
1.01424
1.01392
1.01524
1.01458
1.01627
1.01449
1.01605
1.01714
1.01973
1.01997
1.02101
1.02115
1.02189
1.02236
1.0208
1.02009
1.02166
1.023
1.02315
1.02216
1.02137
1.02027
1.01939
1.02006
1.01965
1.02075
1.02209
1.02178
1.02015
1.02153
1.01761
1.0153
1.01559
1.01859
1.01836
1.01986
1.01694
1.01751
1.01726
1.01744
1.01727
1.01769
1.01854
1.01994
1.02108
1.02102
1.02138
1.01901
1.01868
1.01864
1.01667
1.01646
1.01698
1.01616
1.01661
1.01792
1.01711
1.01875
1.0197
1.01902
1.01957
1.0182
1.01825
1.0176
1.01605
1.01612
1.01638
1.01693
1.01731
1.01664
1.01651
1.01629
1.01469
1.01643
1.01729
1.01632
1.01588
1.01532
1.01522
1.01634
1.01605
1.01595
1.01853
1.01833
1.01702
1.01604
1.016
1.01789
1.01811
1.0158
1.01376
1.01347
1.01566
1.01721
1.01697
1.01706
1.01632
1.01708
1.01723
1.01679
1.01581
1.01602
1.01635
1.01736
1.01929
1.01904
1.01867
1.01941
1.0187
1.01974
1.01829
1.01833
1.01814
1.0183
1.01773
1.01844
1.0213
1.02112
1.02197
1.02324
1.02343
1.02301
1.023
1.02383
1.02372
1.0235
1.02336
1.02354
1.02233
1.02025
1.01977
1.02145
1.02306
1.02394
1.02333
1.02222
1.02356
1.0238
1.02384
1.02176
1.022
1.02273
1.02196
1.02328
1.02172
1.02174
1.02079
1.02148
1.0194
1.01927
1.01874
1.0185
1.01852
1.02019
1.01921
1.01983
1.01769
1.01933
1.01844
1.01772
1.01861
1.01859
1.01769
1.01749
1.01552
1.01232
1.01266
1.01248
1.01162
1.01285
1.01191
1.01313
1.01232
1.01365
1.01433
1.0153
1.01618
1.01489
1.01405
1.01319
1.01281
1.01422
1.01426
1.01378
1.01217
1.01102
1.01076
1.01202
1.012
1.01301
1.01382
1.0139
1.01294
1.0138
1.01405
1.01445
1.01519
1.01261
1.01156
1.01225
1.01141
1.01116
1.01114
1.01011
1.0092
1.01192
1.0133
1.01268
1.01329
1.01358
1.01584
1.01842
1.01794
1.01778
1.01627
1.01662
1.0187
1.01805
1.01709
1.01895
1.01833
1.01696
1.01585
1.01629
1.01647
1.01844
1.01805
1.0186
1.0199
1.01894
1.0172
1.01882
1.01905
1.01869
1.0196
1.01971
1.01969
1.01973
1.02108
1.01932
1.01966
1.02117
1.02213
1.02292
1.02444
1.02429
1.0244
1.02433
1.02711
1.02645
1.02631
1.02724
1.02685
1.02767
1.02753
1.02559
1.02369
1.02296
1.0226
1.02239
1.0232
1.02262
1.02416
1.02534
1.02495
1.02566
1.02438
1.02528
1.02547
1.02755
1.02852
1.0283
1.02786
1.02622
1.02645
1.02589
1.02537
1.02619
1.02565
1.02446
1.02516
1.02432
1.02727
1.02816
1.02631
1.02561
1.02356
1.02275
1.0224
1.02179
1.02227
1.02228
1.02156
1.02071
1.02107
1.02235
1.02392
1.02498
1.02368
1.02061
1.02031
1.02111
1.01988
1.01809
1.01799
1.0161
1.01595
1.0165
1.01976
1.01963
1.01878
1.01954
1.01938
1.01915
1.0187
1.01808
1.01922
1.01974
1.01833
1.01749
1.01735
1.018
1.0198
1.01784
1.01616
1.0144
1.01459
1.01516
1.01856
1.01877
1.01855
1.01917
1.02039
1.02057
1.01915
1.02097
1.01773
1.01852
1.01637
1.01584
1.01698
1.0183
1.01813
1.01919
1.02082
1.02138
1.02037
1.02161
1.02114
1.02178
1.02281
1.02188
1.02394
1.02345
1.02342
1.02274
1.02372
1.02273
1.02238
1.02286
1.02188
1.02234
1.02342
1.02247
1.02244
1.02117
1.01877
1.0194
1.01932
1.01814
1.01905
1.01977
1.02096
1.01869
1.01933
1.01946
1.01873
1.01784
1.01655
1.01801
1.01553
1.01611
1.01578
1.01509
1.01656
1.01579
1.01541
1.01591
1.01594
1.0161
1.01839
1.01589
1.01549
1.01618
1.01744
1.01946
1.02093
1.02007
1.0201
1.01954
1.01991
1.02018
1.01862
1.01659
1.01522
1.01396
1.01309
1.01452
1.01385
1.0139
1.01305
1.01523
1.01401
1.01345
1.01387
1.01553
1.01461
1.01351
1.01265
1.01367
1.01341
1.01424
1.01501
1.01732
1.01681
1.01541
1.01549
1.014
1.01394
1.01356
1.01587
1.01479
1.01305
1.01304
1.01196
1.01164
1.01255
1.01224
1.01375
1.01357
1.01386
1.01407
1.01402
1.01709
1.01767
1.01639
1.01741
1.01987
1.02143
1.02053
1.01987
1.01955
1.02106
1.02232
1.02107
1.02019
1.01982
1.0183
1.01975
1.0198
1.01918
1.01859
1.02173
1.02194
1.02094
1.02017
1.0187
1.01981
1.01977
1.01883
1.0195
1.01935
1.02083
1.02093
1.02189
1.02318
1.02406
1.02403
1.02391
1.0227
1.02359
1.02293
1.0228
1.02219
1.02421
1.02247
1.02164
1.01994
1.01898
1.01878
1.02031
1.02036
1.01967
1.01763
1.01898
1.01867
1.0184
1.01866
1.01738
1.01872
1.01923
1.01821
1.01972
1.01949
1.02129
1.0194
1.01955
1.01813
1.01981
1.01846
1.02016
1.01959
1.02039
1.02079
1.02079
1.01981
1.01844
1.01952
1.02102
1.0204
1.02001
1.02084
1.02
1.02102
1.02153
1.02284
1.02423
1.02404
1.02353
1.02359
1.02452
1.02305
1.02497
1.02602
1.02797
1.02788
1.02753
1.02716
1.02687
1.02631
1.02681
1.02709
1.02656
1.02703
1.02487
1.02559
1.02657
1.02673
1.0276
1.02842
1.02822
1.02724
1.02837
1.02918
1.02826
1.02601
1.02621
1.02714
1.02478
1.02595
1.02807
1.02775
1.02581
1.02591
1.02593
1.02644
1.02781
1.02692
1.02505
1.02572
1.02472
1.02583
1.02557
1.02469
1.02646
1.02797
1.0276
1.02713
1.02708
1.02764
1.02785
1.02799
1.02805
1.02761
1.02532
1.02347
1.02298
1.02292
1.02131
1.02077
1.02097
1.02242
1.02299
1.0241
1.02471
1.02588
1.02627
1.02789
1.02862
1.02862
1.02791
1.02949
1.02871
1.03141
1.03055
1.03175
1.03176
1.033
1.03435
1.03576
1.03527
1.03474
1.03592
1.03645
1.03413
1.03348
1.03336
1.03337
1.03352
1.03265
1.03323
1.03272
1.03158
1.03082
1.03045
1.02704
1.02524
1.02634
1.02673
1.02712
1.02678
1.02569
1.02458
1.02364
1.02477
1.02592
1.02594
1.0247
1.02494
1.02531
1.02552
1.02854
1.0298
1.02885
1.02511
1.02386
1.02395
1.02563
1.02591
1.02632
1.02587
1.02573
1.02415
1.02288
1.02571
1.02693
1.02757
1.02835
1.02793
1.02783
1.02644
1.02742
1.02677
1.0255
1.02652
1.02718
1.02616
1.02563
1.02493
1.0241
1.02418
1.02442
1.02392
1.02516
1.02616
1.02242
1.02299
1.02245
1.02279
1.0217
1.01991
1.02019
1.01874
1.01829
1.01794
1.01871
1.01782
1.01684
1.01569
1.01711
1.01637
1.01442
1.01446
1.01251
1.01297
1.01228
1.01142
1.01209
1.0118
1.01028
1.01151
1.01167
1.01245
1.01334
1.01356
1.01457
1.01577
1.01552
1.01541
1.01472
1.01457
1.01564
1.01657
1.01921
1.01861
1.01709
1.01915
1.01931
1.02207
1.02246
1.02192
1.02146
1.02274
1.0243
1.02471
1.0241
1.02333
1.0231
1.02409
1.02262
1.0239
1.02268
1.0222
1.02061
1.02174
1.02079
1.0202
1.02054
1.0187
1.01791
1.0189
1.01732
1.01639
1.01654
1.01461
1.01633
1.01682
1.01702
1.01704
1.0191
1.01934
1.01843
1.01672
1.0159
1.01694
1.01563
1.01527
1.01587
1.01526
1.01542
1.01717
1.01814
1.01687
1.01609
1.01584
1.01444
1.01569
1.01662
1.01717
1.01824
1.01872
1.0191
1.01949
1.02024
1.01986
1.01847
1.01781
1.01978
1.01991
1.01887
1.01897
1.01883
1.01947
1.01785
1.01763
1.01693
1.01761
1.01829
1.0186
1.01816
1.01862
1.01933
1.02083
1.02093
1.02264
1.02223
1.02307
1.02364
1.02266
1.02168
1.02322
1.02564
1.02579
1.02825
1.02677
1.02815
1.02985
1.02974
1.03018
1.02984
1.02918
1.02881
1.02717
1.02722
1.02957
1.02772
1.02891
1.03064
1.02911
1.02931
1.02817
1.02884
1.03028
1.03004
1.03113
1.03001
1.03011
1.02906
1.02746
1.02671
1.02594
1.0258
1.02656
1.02522
1.02462
1.02245
1.02107
1.01884
1.01842
1.01904
1.01867
1.01755
1.01802
1.01788
1.01803
1.0186
1.01861
1.01722
1.01606
1.01738
1.01714
1.01606
1.01349
1.01204
1.01226
1.01051
1.01284
1.01373
1.01354
1.01575
1.01695
1.01644
1.01682
1.01537
1.01607
1.01767
1.01803
1.01833
1.01877
1.01986
1.01836
1.01956
1.01819
1.01812
1.01648
1.01685
1.01885
1.01955
1.01987
1.01932
1.01993
1.02204
1.02118
1.02097
1.02023
1.02052
1.02071
1.02213
1.02155
1.02113
1.02085
1.02072
1.02112
1.02167
1.02158
1.02082
1.02103
1.02056
1.01879
1.01977
1.0209
1.01873
1.01834
1.01924
1.01735
1.01848
1.0182
1.01951
1.02114
1.02101
1.02027
1.02284
1.02194
1.02186
1.02359
1.02373
1.02492
1.02455
1.02383
1.02343
1.02259
1.02321
1.02182
1.02338
1.02566
1.02378
1.02431
1.02579
1.02786
1.0268
1.02934
1.02936
1.02933
1.03112
1.03137
1.03209
1.03319
1.03312
1.03525
1.0331
1.03241
1.03281
1.03165
1.03291
1.03374
1.03361
1.03463
1.03418
1.03392
