-0.140007
-0.131704
-0.123704
-0.113741
-0.104921
-0.095857
-0.0894559
-0.0843778
-0.0773693
-0.069675
-0.0609654
-0.0533561
-0.0472607
-0.0404872
-0.0327871
-0.0243957
-0.0176382
-0.0110289
-0.003726
0.00275374
0.00900935
0.0168703
0.0235577
0.0302893
0.0362582
0.0425679
0.049577
0.0565186
0.0625014
0.0691376
0.0775819
0.0840456
0.0904035
0.0968587
0.10052
0.107725
0.114181
0.120376
0.127605
0.135772
0.141632
0.149252
0.15752
0.162844
0.168248
0.176705
0.181703
0.189685
0.19721
0.202673
0.20818
0.215432
0.220887
0.226566
0.233173
0.239439
0.245144
0.252261
0.257797
0.264138
0.267775
0.272918
0.278682
0.283932
0.288618
0.292313
0.299525
0.305203
0.312108
0.318008
0.322408
0.328959
0.333006
0.338863
0.342877
0.347685
0.354269
0.359552
0.368163
0.374956
0.381652
0.387056
0.390459
0.395416
0.400484
0.402312
0.406111
0.408113
0.41143
0.415341
0.41882
0.423421
0.427329
0.429752
0.432988
0.437287
0.442875
0.449251
0.453564
0.457926
0.463513
0.468253
0.471769
0.47633
0.482637
0.489052
0.49254
0.495577
0.49798
0.500243
0.503642
0.50915
0.511404
0.513966
0.517545
0.521471
0.527835
0.531886
0.535932
0.538701
0.544251
0.547372
0.553063
0.557005
0.559308
0.563069
0.566092
0.570517
0.575378
0.57961
0.582451
0.58638
0.588902
0.59152
0.595606
0.599011
0.601652
0.605354
0.607937
0.611083
0.614739
0.621025
0.623277
0.625533
0.630531
0.635206
0.638508
0.641307
0.643974
0.644061
0.645812
0.648628
0.6514
0.654047
0.656962
0.660518
0.662485
0.665142
0.667666
0.670369
0.674597
0.67568
0.679421
0.680809
0.684103
0.687045
0.689922
0.693272
0.695522
0.698229
0.701838
0.703784
0.705425
0.706338
0.709841
0.711845
0.71313
0.716941
0.717371
0.721043
0.723416
0.72617
0.730992
0.734872
0.736836
0.738445
0.739016
0.740307
0.742394
0.743595
0.747176
0.749064
0.750596
0.751813
0.754505
0.75893
0.761984
0.763644
0.766041
0.767821
0.769383
0.77143
0.77401
0.776035
0.777801
0.779194
0.779412
0.782058
0.784723
0.784645
0.7857
0.786711
0.789418
0.792731
0.795415
0.798381
0.799383
0.801875
0.804568
0.807169
0.808532
0.810558
0.813365
0.813311
0.816872
0.816825
0.817007
0.818381
0.817807
0.819282
0.81802
0.82001
0.821342
0.823302
0.824753
0.826487
0.827296
0.828691
0.830916
0.832595
0.834622
0.835351
0.836813
0.839677
0.838055
0.838102
0.837696
0.840381
0.841112
0.84214
0.842811
0.847297
0.846479
0.848317
0.849226
0.851709
0.855004
0.854919
0.855267
0.857927
0.859085
0.859006
0.861564
0.8624
0.863241
0.864142
0.865159
0.866775
0.868208
0.868806
0.869386
0.872178
0.87207
0.873719
0.874872
0.877428
0.878279
0.879285
0.879485
0.881263
0.88162
0.883348
0.885076
0.885106
0.88842
0.889855
0.892103
0.893767
0.894867
0.897206
0.900077
0.901476
0.902289
0.903349
0.903597
0.905465
0.905854
0.907744
0.907921
0.907647
0.90747
0.908424
0.910268
0.910991
0.910133
0.911778
0.912627
0.91376
0.915909
0.918328
0.918501
0.917679
0.917817
0.919823
0.920741
0.921768
0.921596
0.923688
0.927687
0.928616
0.930121
0.930474
0.928137
0.929999
0.92966
0.929207
0.928402
0.929728
0.929345
0.930681
0.931409
0.930422
0.930392
0.930782
0.931857
0.932966
0.932657
0.93383
0.934341
0.935106
0.935883
0.938188
0.93702
0.937671
0.938215
0.93623
0.935693
0.936552
0.935933
0.93663
0.937453
0.937387
0.940599
0.941946
0.941565
0.94083
0.939952
0.941731
0.944856
0.945239
0.947009
0.948153
0.950226
0.952317
0.952518
0.95376
0.954233
0.954365
0.956335
0.956747
0.957518
0.957274
0.95913
0.959355
0.960027
0.961149
0.959863
0.961482
0.960976
0.961261
0.962622
0.96201
0.961886
0.961219
0.961664
0.962303
0.962901
0.965127
0.965757
0.966059
0.967222
0.968184
0.970482
0.968152
0.969744
0.969705
0.972514
0.972173
0.973372
0.971125
0.968708
0.96937
0.968673
0.969859
0.970313
0.970516
0.968865
0.96716
0.967212
0.967191
0.967883
0.968307
0.968199
0.968602
0.970166
0.971381
0.973253
0.972657
0.974624
0.97472
0.974813
0.973879
0.974024
0.975161
0.975159
0.975004
0.975638
0.975283
0.975952
0.976118
0.977067
0.977844
0.97925
0.97992
0.980231
0.980201
0.981671
0.9821
0.981066
0.981007
0.980818
0.980237
0.979316
0.979159
0.9794
0.980469
0.981786
0.979807
0.979311
0.978805
0.97922
0.980355
0.979682
0.981986
0.983457
0.985527
0.984531
0.985044
0.984959
0.984024
0.985899
0.985037
0.987949
0.986629
0.98749
0.986391
0.98435
0.983596
0.983045
0.981786
0.984661
0.983824
0.985101
0.98557
0.986933
0.987816
0.987225
0.985398
0.984271
0.985226
0.983898
0.98467
0.984394
0.984577
0.985726
0.985721
0.985119
0.98463
0.98488
0.984387
0.983551
0.98275
0.981697
0.983104
0.981872
0.982584
0.983021
0.984549
0.984745
0.985856
0.986325
0.986338
0.986516
0.986107
0.987026
0.985578
0.985658
0.988662
0.988919
0.98779
0.988697
0.988286
0.98816
0.98858
0.989353
0.988312
0.988728
0.987725
0.987638
0.987187
0.985831
0.985007
0.98583
0.98673
0.985737
0.984645
0.984545
0.983926
0.984826
0.986004
0.986391
0.985006
0.987278
0.987911
0.989219
0.987783
0.986665
0.987246
0.987406
0.988616
0.990725
0.989541
0.991181
0.991633
0.991792
0.990745
0.992606
0.994769
0.996856
0.996713
0.997124
0.995895
0.995041
0.9948
0.997294
0.996633
0.995487
0.995124
0.994439
0.993746
0.993924
0.994654
0.9964
0.995056
0.996139
0.996321
0.997598
0.996484
0.99663
0.996689
0.995421
0.995301
0.99589
0.995365
0.996237
0.996646
0.996605
0.996215
0.996188
0.996514
0.995458
0.994747
0.994843
0.99449
0.993733
0.994264
0.996794
0.995982
0.996321
0.999249
0.999772
0.999706
0.998697
0.99765
0.996652
0.995388
0.995142
0.994322
0.993844
0.994985
0.993524
0.993213
0.992012
0.991146
0.992284
0.993079
0.994715
0.994106
0.992581
0.99012
0.987659
0.987139
0.987986
0.987499
0.988492
0.988362
0.989575
0.988735
0.989136
0.990006
0.991862
0.991684
0.991826
0.992203
0.992381
0.992536
0.992602
0.990566
0.988745
0.990134
0.99075
0.992178
0.992327
0.99058
0.989592
0.991391
0.992961
0.992936
0.994359
0.992398
0.992368
0.990241
0.990637
0.990522
0.991441
0.992076
0.993022
0.993211
0.992648
0.993126
0.993236
0.994203
0.994518
0.99327
0.994276
0.994981
0.995992
0.995534
0.997535
0.997491
0.996208
0.995758
0.993213
0.990285
0.992556
0.992513
0.993694
0.992818
0.991767
0.991973
0.991764
0.992171
0.993992
0.992682
0.991241
0.993481
0.993359
0.993378
0.992023
0.992701
0.992904
0.99184
0.992987
0.992548
0.992366
0.99176
0.993178
0.991213
0.990715
0.991628
0.989888
0.990232
0.990973
0.992925
0.991659
0.991627
0.991321
0.990485
0.991356
0.991618
0.991111
0.992316
0.99357
0.992478
0.993646
0.993898
0.99187
0.990825
0.992043
0.9917
0.991183
0.990846
0.991877
0.990171
0.990714
0.989286
0.988281
0.990568
0.989784
0.989813
0.988478
0.988029
0.989119
0.98928
0.988066
0.98753
0.9868
0.988921
0.992185
0.990654
0.991062
0.99287
0.992049
0.993257
0.993725
0.994496
0.992143
0.992923
0.992515
0.993553
0.995812
0.996536
0.994848
0.994548
0.99412
0.994043
0.993111
0.993506
0.993337
0.992662
0.994322
0.995997
0.996128
0.995973
0.99769
0.996947
0.996372
0.996435
0.995723
0.99689
0.997583
0.997841
1.00062
0.999848
0.999662
1.00016
0.998786
0.998696
0.999361
0.999027
0.999164
0.998835
0.999696
1.00089
1.00196
1.0038
1.0042
1.00457
1.00407
1.00575
1.0055
1.00693
1.00639
1.00758
1.00844
1.00789
1.0083
1.00834
1.0083
1.00713
1.00798
1.00685
1.00816
1.00711
1.0087
1.0082
1.00866
1.00666
1.00785
1.00941
1.00974
1.01018
1.01029
1.01067
1.00903
1.00863
1.00936
1.01109
1.01162
1.0102
1.00989
1.01097
1.01242
1.0122
1.01445
1.01495
1.01584
1.01593
1.01576
1.01616
1.01766
1.01774
1.01866
1.02031
1.01811
1.01891
1.01877
1.01978
1.02176
1.02179
1.0213
1.02144
1.02218
1.02053
1.02064
1.02164
1.02197
1.02078
1.02111
1.02214
1.02145
1.02276
1.02217
1.02232
1.02157
1.02163
1.02151
1.02104
1.02132
1.02019
1.01839
1.02019
1.02084
1.02061
1.02152
1.0224
1.02134
1.02191
1.02054
1.02031
1.0203
1.0194
1.02088
1.02075
1.01957
1.0188
1.01954
1.01717
1.01618
1.01749
1.01874
1.01869
1.01822
1.01791
1.01605
1.01606
1.0171
1.01737
1.01803
1.01793
1.0187
1.01864
1.01806
1.01942
1.0191
1.01675
1.016
1.01631
1.01583
1.01697
1.01678
1.01719
1.0181
1.01999
1.02125
1.02127
1.02215
1.02286
1.02317
1.02313
1.02267
1.02266
1.02072
1.01893
1.01715
1.01619
1.01624
1.01673
1.01542
1.01477
1.01448
1.01343
1.0142
1.01471
1.01706
1.0183
1.01792
1.01727
1.01828
1.01644
1.01572
1.01512
1.01596
1.01705
1.01677
1.01669
1.01852
1.01902
1.01859
1.01688
1.01725
1.01911
1.01903
1.01938
1.02013
1.02045
1.01943
1.02144
1.02205
1.02083
1.01911
1.02004
1.02188
1.02327
1.02357
1.02537
1.02522
1.02696
1.02755
1.0259
1.02555
1.02424
1.02339
1.02372
1.02508
1.02614
1.02619
1.02532
1.02599
1.02738
1.02827
1.02745
1.02604
1.02538
1.02271
1.02324
1.02474
1.02541
1.02449
1.02376
1.02364
1.02333
1.02286
1.0234
1.02183
1.02174
1.02103
1.0186
1.01931
1.02039
1.02015
1.02204
1.02233
1.02258
1.02212
1.02256
1.02383
1.02326
1.02214
1.02064
1.02254
1.02276
1.02238
1.02233
1.02293
1.02414
1.02485
1.02407
1.02559
1.02585
1.02515
1.02407
1.02322
1.02336
1.02355
1.02266
1.02229
1.0239
1.02346
1.02322
1.02342
1.0235
1.02408
1.02337
1.02532
1.0272
1.02676
1.02721
1.02781
1.02879
1.02848
1.02662
1.02747
1.02632
1.02537
1.02518
1.0258
1.02673
1.02673
1.02642
1.02594
1.02455
1.02307
1.02536
1.02612
1.0253
1.02594
1.02526
1.02514
1.02257
1.0216
1.02174
1.02083
1.0207
1.02198
1.02105
1.01973
1.01879
1.01904
1.01854
1.01788
1.01737
1.01902
1.02001
1.01996
1.01959
1.01888
1.01895
1.01877
1.02059
1.0191
1.01875
1.01824
1.02036
1.0222
1.02153
1.0225
1.02408
1.02398
1.02352
1.02372
1.02455
1.02533
1.02603
1.02589
1.02479
1.02463
1.02459
1.02434
1.02514
1.02564
1.02386
1.02491
1.02596
1.02603
1.02442
1.02421
1.02605
1.02463
1.02538
1.02597
1.0266
1.02961
1.02928
1.02953
1.03035
1.02991
1.03138
1.03041
1.03101
1.03278
1.03457
1.03427
1.03428
1.03406
1.03575
1.03604
1.03628
1.03827
1.03915
1.03811
1.03967
1.04178
1.04318
1.04431
1.04412
1.04237
1.04257
1.04213
1.04242
1.0439
1.04431
1.04496
1.0445
1.04342
1.0433
1.04409
1.0428
1.04394
1.04407
1.04415
1.04458
1.0436
1.04504
1.04445
1.04321
1.0427
1.04278
1.04397
1.04331
1.04106
1.04053
1.03965
1.03846
1.03724
1.0367
1.03746
1.03647
1.03666
1.0382
1.03877
1.03857
1.03912
1.03998
1.03925
1.03949
1.04069
1.04192
1.04103
1.04246
1.04274
1.04105
1.04046
1.04225
1.04336
1.04517
1.04572
1.04497
1.04582
1.04582
1.04459
1.04365
1.04271
1.04302
1.04176
1.04068
1.04288
1.04147
1.04169
1.04184
1.04247
1.04347
1.04357
1.04325
1.0441
1.04601
1.045
1.04474
1.04438
1.04505
1.04439
1.04376
1.04392
1.0431
1.04192
1.0417
1.04121
1.04183
1.04349
1.04236
1.04454
1.04704
1.04554
1.04581
1.04653
1.0448
1.0453
1.04557
1.04642
1.04642
1.04434
1.04326
1.04264
1.04452
1.0437
1.04508
1.04643
1.04649
1.04723
1.04773
1.04808
1.04855
1.04745
1.04644
1.04708
1.04669
1.04627
1.04551
1.04519
1.0457
1.04635
1.04568
1.04551
1.04549
1.04566
1.04453
1.0438
1.04341
1.04116
1.04136
1.04048
1.03925
1.03924
1.0395
1.04037
1.04029
1.04198
1.04174
1.04094
1.04132
1.04227
1.04166
1.04225
1.04154
1.04171
1.04204
1.04207
1.04317
1.04303
1.04353
1.04213
1.03999
1.04115
1.04007
1.04038
1.0418
1.04151
1.04403
1.0444
1.04202
1.0421
1.04192
1.04507
1.0447
1.04481
1.04398
1.04249
1.03997
1.04023
1.04095
1.04003
1.04115
1.04131
1.04292
1.04112
1.04137
1.04278
1.04427
1.04311
1.04418
1.04404
1.04358
1.04478
1.04559
1.0452
1.04515
1.04641
1.04518
1.04425
1.04647
1.04668
1.04492
1.04359
1.04446
1.04547
1.04394
1.04424
1.04469
1.04433
1.0444
1.04296
1.04243
1.04314
1.04299
1.04261
1.04244
1.04137
1.04172
1.04163
1.04179
1.04223
1.04283
1.04331
1.04392
1.04305
1.04309
1.04348
1.04354
1.044
1.04584
1.04772
1.0461
1.04588
1.04559
1.04467
1.04447
1.04478
1.04602
1.04685
1.04801
1.04772
1.04826
1.0476
1.0468
1.04654
1.04677
1.04885
1.051
1.05058
1.05078
1.05168
1.05237
1.05374
1.05362
1.05205
1.05104
1.05161
1.05177
1.05014
1.05044
1.04948
1.04849
1.04598
1.0455
1.0479
1.04757
1.04709
1.04847
1.04879
1.04643
1.04611
1.0465
1.04667
1.04738
1.04701
1.04554
1.04405
1.04204
1.04166
1.04169
1.04357
1.04506
1.04594
1.04736
1.04778
1.04695
1.04786
1.05031
1.05269
1.05251
1.0521
1.05115
1.05073
1.04948
1.04986
1.05154
1.05065
1.04998
1.05045
1.05083
1.04885
1.04844
1.04697
1.04682
1.04816
1.04689
1.04737
1.04857
1.04874
1.04789
1.04739
1.04533
1.04413
1.04558
1.04449
1.04518
1.04753
1.04797
1.04744
1.04729
1.04764
1.04874
1.05152
1.05023
1.0504
1.04987
1.05086
1.05101
1.0526
1.05375
1.05337
1.0529
1.05288
1.05252
1.05296
1.05319
1.05279
1.05257
1.05255
1.05384
1.05462
1.0544
1.05335
1.05475
1.05348
1.05289
1.05071
1.05037
1.05141
1.05192
1.05202
1.05357
1.05306
1.05186
1.05129
1.05161
1.05263
1.05175
1.05211
1.0529
1.05079
1.05008
1.05018
1.04854
1.04911
1.05004
1.05157
1.0522
1.05221
1.05236
1.05288
1.05407
1.05245
1.05234
1.0535
1.05288
1.05076
1.04995
1.04871
1.04901
1.04837
1.04824
1.04859
1.04608
1.04612
1.04717
1.04679
1.04476
1.04537
1.04527
1.04485
1.04237
1.04129
1.04426
1.04389
1.04261
1.04524
1.04653
1.04453
1.04496
1.04343
1.04492
1.04401
1.04349
1.0429
1.04308
1.04421
1.04505
1.0464
1.04723
1.04676
1.04703
1.047
1.04721
1.04749
1.04715
1.04677
1.04669
1.045
1.04553
1.04622
1.04572
1.04631
1.04761
1.04806
1.04882
1.05017
1.04984
1.0486
1.04881
1.05008
1.05079
1.04992
1.04935
1.0478
1.04758
1.0475
1.0479
1.04942
1.04901
1.04817
1.04735
1.04734
1.05023
1.04942
1.04778
1.04744
1.04656
1.04559
1.04528
1.04518
1.04432
1.04432
1.0448
1.04453
1.04298
1.04421
1.04135
1.04155
1.04197
1.0423
1.04202
1.03991
1.03873
1.03925
1.04023
1.04128
1.04164
1.04029
1.0404
1.04004
1.04057
1.03728
1.03775
1.0368
1.03468
1.03507
1.03453
1.03433
1.03397
1.03367
1.03458
1.03581
1.03542
1.03671
1.03764
1.03784
1.03942
1.04183
1.0425
1.04154
1.04066
1.03974
1.03882
1.03901
1.03693
1.03693
1.03567
1.03629
1.03707
1.03806
1.03809
1.03817
1.03936
1.03728
1.03779
1.03615
1.03551
1.03372
1.03236
1.0329
1.03413
1.03436
1.03531
1.03354
1.03511
1.03695
1.03763
1.03996
1.04157
1.04232
1.04216
1.04094
1.04063
1.04083
1.04057
1.03965
1.04196
1.04044
1.04105
1.03973
1.03739
1.03914
1.03877
1.03914
1.04102
1.04226
1.04083
1.04169
1.04161
1.04159
1.04042
1.04058
1.0425
1.04314
1.04432
1.04482
1.04497
1.04467
1.0445
1.04369
1.04266
1.04097
1.03841
1.03735
1.03701
1.03878
1.03882
1.03825
1.0399
1.03901
1.03896
1.04098
1.04051
1.04104
1.04094
1.04177
1.04122
1.04062
1.03972
1.03858
1.03873
1.03976
1.04179
1.04251
1.0412
1.04091
1.0421
1.04051
1.04124
1.03945
1.03787
1.03726
1.03693
1.03685
1.03643
1.03608
1.03697
1.03596
1.03646
1.03477
1.03522
1.03454
1.03467
1.03445
1.03561
1.03449
1.03567
1.03604
1.03637
1.03535
1.03432
1.03623
1.03605
1.0345
1.03505
1.03658
1.03629
1.03857
1.03691
1.03679
1.03685
1.03374
1.03368
1.03495
1.03558
1.03382
1.0337
1.0358
1.03497
1.03341
1.03159
1.03166
1.03167
1.02911
1.02906
1.02978
1.02827
1.02847
1.02885
1.0269
1.02556
1.02587
1.02499
1.02459
1.02478
1.02514
1.02625
1.02963
1.02969
1.02992
1.03071
1.02936
1.02845
1.02795
1.02708
1.02529
1.02392
1.02278
1.02198
1.02293
1.02502
1.02523
1.02314
1.02179
1.01957
1.01954
1.02121
1.02344
1.02095
1.02058
1.02033
1.02231
1.02259
1.02365
1.02353
1.02353
1.02373
1.02186
1.02093
1.02211
1.02142
1.02231
1.02343
1.02298
1.02324
1.02466
1.02534
1.02397
1.02286
1.02274
1.02228
1.02037
1.01767
1.0167
1.01694
1.01732
1.01857
1.01785
1.01739
1.01822
1.01667
1.01637
1.01657
1.01702
1.01606
1.01628
1.01481
1.01421
1.01371
1.01539
1.01523
1.01556
1.01521
1.01344
1.01134
1.01113
1.01165
1.01225
1.01237
1.00968
1.00854
1.00922
1.01101
1.01407
1.01484
1.01641
1.01588
1.01664
1.01685
1.01652
1.01782
1.01788
1.01766
1.01733
1.01692
1.01444
1.0133
1.01346
1.0136
1.01352
1.01219
1.01301
1.01286
1.01084
1.01217
1.0106
1.00933
1.0065
1.00631
1.00636
1.00673
1.00773
1.00773
1.00707
1.00773
1.00805
1.00833
1.0084
1.00889
1.00925
1.0092
1.00904
1.00871
1.00968
1.00862
1.00629
1.00647
1.00702
1.00854
1.01054
1.01022
1.00933
1.00852
1.00831
1.00796
1.00909
1.00829
1.00898
1.00769
1.00571
1.00479
1.00405
1.0048
1.00459
1.00541
1.00467
1.00371
1.00343
1.0016
1.00063
0.999721
0.999347
0.999869
1.00085
1.00178
1.00254
1.00219
1.00144
1.00131
1.00118
1.00167
1.00337
1.00322
1.00292
1.00238
1.00363
1.0036
1.00233
1.00221
1.00202
1.00168
1.00294
1.00235
1.00035
1.00281
1.00294
1.00306
1.00289
1.0011
1.00134
1.00248
1.0022
1.00279
1.00295
1.00545
1.00479
1.00501
1.00703
1.0074
1.00794
1.00928
1.00987
1.00915
1.00845
1.0077
1.00703
1.00597
1.00541
1.00284
1.00129
1.00081
1.00085
1.00008
0.999069
0.997887
0.99724
0.996948
0.99594
0.995172
0.99436
0.993745
0.994826
0.993454
0.99434
0.995276
0.994439
0.994329
0.992834
0.991781
0.995115
0.993288
0.993189
0.993611
0.992319
0.991672
0.992287
0.992458
0.993201
0.99349
0.992701
0.993678
0.994539
0.996928
0.998648
0.999885
1.0002
1.0005
0.998793
0.997376
0.996196
0.995794
0.995849
0.995796
0.994007
0.994018
0.992972
0.992934
0.993765
0.993559
0.99236
0.993907
0.99449
0.994196
0.995314
0.99472
0.99434
0.997015
0.997931
0.998393
0.996837
0.997113
0.998071
1.00159
1.00116
1.00298
1.00291
1.0024
1.00357
1.00543
1.00344
1.00195
1.00235
1.00215
1.00043
1.00244
1.00232
1.00438
1.00261
1.00345
1.0037
1.00552
1.00723
1.0054
1.007
1.00629
1.00871
1.00872
1.00956
1.00833
1.00995
1.00906
1.01212
1.01323
1.01219
1.01055
1.01011
1.01054
1.01023
1.01124
1.00979
1.01044
1.01276
1.01433
1.01616
1.01504
1.01562
1.01425
1.01333
1.01444
1.01406
1.01312
1.01147
1.01221
1.01251
1.01196
1.01054
1.01093
1.01231
1.01308
1.01449
1.01405
1.01322
1.01293
1.01444
1.01266
1.01277
1.01327
1.01319
1.01408
1.01465
1.01499
1.01634
1.01681
1.01775
1.01767
1.01702
1.01736
1.01627
1.01633
1.01628
1.01719
1.01504
1.01542
1.01449
1.01536
1.01565
1.01528
1.01436
1.01314
1.01269
1.0136
1.01206
1.01277
1.01131
1.01356
1.01209
1.01004
1.00925
1.00812
1.00851
1.00877
1.0112
1.01233
1.0129
1.01373
1.01362
1.01279
1.01305
1.01066
1.01261
1.01361
1.01212
1.01146
1.01254
1.01417
1.01475
1.0129
1.01326
1.01378
1.01439
1.01335
1.01424
1.01365
1.01246
1.01288
1.01175
1.01426
1.01533
1.01561
1.01747
1.01829
1.01973
1.01748
1.01729
1.01825
1.01918
1.01971
1.01966
1.01923
1.01933
1.01807
1.01842
1.01815
1.01811
1.01613
1.01534
1.01476
1.01505
1.01413
1.01076
1.00999
1.009
1.00771
1.00725
1.00735
1.00588
1.00593
1.00484
1.00537
1.00603
1.00634
1.00677
1.00623
1.00712
1.00917
1.00874
1.00892
1.00987
1.00891
1.00921
1.00771
1.00598
1.00702
1.00655
1.00646
1.00558
1.00499
1.00407
1.00388
1.00315
1.00269
1.00371
1.00603
1.00468
1.00372
1.00406
1.00561
1.00494
1.00489
1.00513
1.0046
1.00464
1.00525
1.00777
1.00746
1.00708
1.00638
1.0068
1.00498
1.00498
1.00447
1.00529
1.00587
1.00899
1.00677
1.00749
1.0078
1.00834
1.00875
1.00922
1.00982
1.01052
1.01018
1.01076
1.01093
1.0093
1.00971
1.01118
1.01276
1.01244
1.0099
1.00892
1.01027
1.00923
1.0095
1.01058
1.01184
1.01106
1.00943
1.00857
1.00831
1.00793
1.00762
1.00611
1.00566
1.00724
1.0042
1.00457
1.00311
1.00357
1.00408
1.00463
1.00452
1.00573
1.00608
1.0064
1.00758
1.00749
1.006
1.00665
1.00697
1.00857
1.00752
1.00727
1.00624
1.00498
1.00706
1.00459
1.00565
1.00764
1.00938
1.01007
1.00902
1.01065
1.01081
1.00959
1.01003
1.01099
1.01136
1.0122
1.01386
1.0135
1.01192
1.01173
1.00927
1.01128
1.01141
1.01133
1.00997
1.00995
1.00829
1.00811
1.00822
1.00766
1.00888
1.01028
1.00913
1.00883
1.00644
1.0076
1.00722
1.00631
1.00698
1.00734
1.00767
1.00817
1.00771
1.00808
1.00689
1.00484
1.00487
1.00518
1.00675
1.00893
1.00822
1.00975
1.00931
1.01172
1.01095
1.01207
1.01259
1.01249
1.01178
1.01227
1.014
1.01385
1.01453
1.01396
1.01281
1.01289
1.01246
1.01057
1.01014
1.01149
1.01127
1.01287
1.01237
1.01358
1.01293
1.01523
1.015
1.01354
1.01489
1.01563
1.01488
1.01486
1.01696
1.0172
1.01786
1.01573
1.01502
1.01497
1.01604
1.01557
1.01491
1.01681
1.01643
1.01616
1.01613
1.0158
1.0166
1.01668
1.01573
1.01703
1.01679
1.01699
1.01867
1.01744
1.01687
1.01658
1.01678
1.01596
1.01598
1.01578
1.01564
1.01694
1.01749
1.01819
1.01915
1.02008
1.02223
1.01994
1.01919
1.01778
1.01822
1.01839
1.01887
1.01948
1.0184
1.01571
1.01533
1.01508
1.01621
1.01485
1.01461
1.01531
1.01623
1.01482
1.01602
1.01589
1.01557
1.01695
1.01778
1.02057
1.02265
1.0229
1.02209
1.02076
1.02254
1.02304
1.02277
1.02122
1.02183
1.02345
1.02341
1.02338
1.02114
1.0207
1.02066
1.02179
1.02177
1.02303
1.02274
1.02231
1.02329
1.02146
1.02344
1.02201
1.02081
1.01855
1.01782
1.01816
1.01768
1.0194
1.02084
1.02148
1.02256
1.02381
1.02337
1.02243
1.02271
1.0224
1.02067
1.02053
1.02312
1.02298
1.0234
1.02489
1.02485
1.02649
1.02683
1.02494
1.02705
1.02754
1.02541
1.0261
1.02394
1.02421
1.02595
1.02452
1.02351
1.02507
1.02478
1.022
1.02256
1.02061
1.0217
1.02222
1.02008
1.01899
1.01875
1.01769
1.01787
1.01764
1.01576
1.01425
1.01634
1.01653
1.01596
1.01839
1.02018
1.0208
1.01955
1.0194
1.01891
1.02056
1.02083
1.02019
1.02247
1.02383
1.02367
1.02353
1.02418
1.02582
1.02559
1.02421
1.02577
1.02477
1.02515
1.02477
1.02619
1.02605
1.02369
1.02246
1.02296
1.02304
1.02456
1.02479
1.02388
1.02396
1.02261
1.0224
1.02215
1.02337
1.02462
1.02455
1.02448
1.02255
1.02295
1.02418
1.02362
1.02333
1.02413
1.02061
1.02148
1.0222
1.02145
1.02184
1.02339
1.02326
1.0244
1.02659
1.02781
1.03048
1.03106
1.03211
1.03053
1.03171
1.03126
1.03188
1.03423
1.03491
1.03558
1.03475
1.03453
1.03261
1.03429
1.03295
1.03462
1.03385
1.03376
1.03294
1.03345
1.03325
1.03508
1.03478
1.03362
1.03286
1.03123
1.03177
1.03379
1.0347
1.0319
1.03236
1.03438
1.03434
1.03509
1.03457
1.03427
1.03535
1.03653
1.03497
1.03438
1.03402
1.03363
1.03281
1.03197
1.03184
1.03293
1.03354
1.03435
1.03601
1.03731
1.0358
1.03681
1.03346
1.03192
1.03131
1.03136
1.03197
1.03251
1.03343
1.03311
1.03498
1.03506
1.03502
1.03697
1.03675
1.03672
1.03657
1.03506
1.03562
1.0374
1.03738
1.03843
1.03885
1.03875
1.03898
1.03936
1.03951
1.041
1.0399
1.03925
1.04085
1.04085
1.03958
1.0404
1.03984
1.03914
1.03948
1.04042
1.0398
1.04104
1.04077
1.04028
1.04009
1.03964
1.0382
1.03965
1.0416
1.04108
1.04077
1.04015
1.03871
1.03953
1.03868
1.03809
1.03807
1.03982
1.03827
1.03826
1.03901
1.03883
1.03846
1.03794
1.03783
1.03893
1.03902
1.03999
1.04001
1.04274
1.04202
1.04364
1.04363
1.04219
1.04095
1.04172
1.04062
1.0394
1.03913
1.03977
1.03775
1.03672
1.03624
1.03607
1.03784
1.0395
1.03744
1.03728
1.03774
1.03902
1.0392
1.03901
1.03905
1.03835
1.04034
1.04006
1.04004
1.04015
1.0403
1.04216
1.03918
1.03948
1.03936
1.03868
1.03905
1.03894
1.03927
1.03992
1.03978
1.03875
1.03797
1.03788
1.03676
1.03605
1.03548
1.03675
1.03465
1.03305
1.03369
1.03227
1.03184
1.03227
1.03284
1.03135
1.03012
1.03166
1.03136
1.03106
1.0307
1.03054
1.03166
1.03167
1.03322
1.03228
1.0329
1.0317
1.03321
1.03279
1.03341
1.03392
1.03538
1.03349
1.03462
1.03439
1.03309
1.03432
1.03427
1.03531
1.03514
1.03392
1.03196
1.03425
1.03213
1.03066
1.02942
1.02997
1.02964
1.03211
1.03368
1.03197
1.0301
1.02907
1.02824
1.02991
1.02764
1.026
1.02728
1.02767
1.02929
1.02932
1.03124
1.03019
1.02953
1.02886
1.02888
1.02836
1.02692
1.02607
1.02841
1.02899
1.02717
1.02663
1.02735
1.02955
1.02972
1.03025
1.02847
1.0273
1.02749
1.02674
1.02633
1.02448
1.02325
1.02403
1.02233
1.02347
1.02479
1.02498
1.02575
1.02658
1.02488
1.02324
1.02275
1.02523
1.02648
1.02574
1.02859
1.02971
1.03125
1.03128
1.03141
1.03104
1.03039
1.031
1.03224
1.03137
1.02967
1.02947
1.03039
1.03089
1.03114
1.03066
1.03212
1.03177
1.03206
1.03164
1.03099
1.03195
1.03365
1.03337
1.03297
1.03307
1.03401
1.03371
1.035
1.03498
1.03221
1.03244
1.03205
1.0332
1.0326
1.03282
1.03173
1.02901
1.02843
1.02724
1.02766
1.02803
1.02833
1.02973
1.02827
1.02741
1.0271
1.02749
1.02897
1.02904
1.03081
1.03244
1.0318
1.03086
1.03197
1.03191
1.03258
1.03254
1.03357
1.03267
1.03011
1.03008
1.02845
1.02746
1.02748
1.02659
1.02548
1.02607
1.02698
1.02698
1.02518
1.02353
1.02278
1.02256
1.02195
1.02144
1.02179
1.02212
1.02169
1.0205
1.01751
1.01618
1.0158
1.01395
1.01336
1.01462
1.01529
1.01395
1.01362
1.01216
1.01202
1.01171
1.01101
1.01077
1.01007
1.01061
1.01045
1.0094
1.00978
1.00734
1.00747
1.00482
1.00432
1.00398
1.00341
1.00245
1.00131
1.00111
1.00148
1.00072
1.00278
1.00114
1.00103
0.998719
1.00063
1.0023
1.00342
1.00402
1.00534
1.00471
1.00217
1.00288
1.00281
1.00375
1.00383
1.00393
1.0048
1.00476
1.00495
1.00339
1.00298
1.00465
1.0059
1.00595
1.00563
1.00913
1.00882
1.00807
1.00881
1.01099
1.01025
1.00939
1.0098
1.0116
1.01046
1.01061
1.0106
1.01062
1.01083
1.00949
1.00834
1.00555
1.00519
1.00487
1.00418
1.00538
1.00624
1.00554
1.00593
1.0051
1.00458
1.00501
1.00321
1.00292
1.00199
1.00356
1.00551
1.00507
1.00672
1.00816
1.00929
1.0103
1.01034
1.01065
1.01015
1.01016
1.01045
1.00871
1.00733
1.00604
1.00816
1.00874
1.01012
1.00926
1.00903
1.01119
1.01225
1.01171
1.01183
1.01076
1.01188
1.00959
1.01256
1.01367
1.0141
1.01493
1.01451
1.01576
1.01632
1.01539
1.01592
1.01464
1.01681
1.01762
1.01814
1.01754
1.01886
1.01766
1.01945
1.02099
1.0221
1.0234
1.02351
1.02194
1.02317
1.02294
1.02325
1.02257
1.02282
1.02284
1.02263
1.02236
1.02115
1.02158
1.02131
1.02105
1.02055
1.02081
1.02289
1.02354
1.02592
1.02578
1.02771
1.02844
1.02984
1.02894
1.0286
1.02944
1.02929
1.03141
1.0325
1.0331
1.0348
1.03631
1.03749
1.03929
1.03944
1.03867
1.03936
1.03934
1.03894
1.0381
1.03911
1.03682
1.03554
1.03748
1.03702
1.03654
1.03952
1.03985
1.03915
1.03782
1.03726
1.03874
1.03723
1.03896
1.03806
1.03704
1.03688
1.03858
1.03682
1.03698
1.03787
1.03833
1.03777
1.0373
1.03795
1.03845
1.03822
1.03771
1.03677
1.03815
1.04015
1.04151
1.03811
1.03764
1.0365
1.03611
1.03802
1.04001
1.03888
1.0379
1.03667
1.03782
1.04041
1.04203
1.04068
1.03747
1.03641
1.03722
1.03668
1.03499
1.03459
1.03444
1.03289
1.03323
1.03411
1.03413
1.03488
1.03329
1.03439
1.03436
1.03328
1.03252
1.03291
1.03339
1.03186
1.03195
1.03315
1.03404
1.03289
1.0317
1.03081
1.02844
1.02993
1.02991
1.02857
1.0274
1.02688
1.02694
1.02498
1.02673
1.02757
1.02779
1.02857
1.02969
1.02962
1.03049
1.02994
1.02908
1.02675
1.02727
1.02786
1.02983
1.02732
1.02842
1.02887
1.02954
1.02858
1.03081
1.03002
1.03078
1.03221
1.03188
1.03294
1.03392
1.03263
1.03156
1.03094
1.03083
1.03271
1.03172
1.03029
1.03101
1.03045
1.03164
1.03159
1.03223
1.0321
1.03291
1.03228
1.03217
1.03225
1.0335
1.03435
1.03334
1.03231
1.03363
1.03383
1.03433
1.03451
1.03434
1.03611
1.0347
1.03408
1.03398
1.03535
1.03366
1.03568
1.0327
1.03264
1.03244
1.03318
1.0319
1.03215
1.0326
1.03382
1.03356
1.03064
1.03147
1.03357
1.03371
1.03442
1.03416
1.03446
1.03551
1.03525
1.03534
1.03543
1.03447
1.03416
1.03262
1.03163
1.03208
1.0327
1.03319
1.03168
1.03328
1.03301
1.03373
1.0325
1.03065
1.03059
1.02783
1.02869
1.03079
1.02981
1.02898
1.02903
1.02915
1.03015
1.02994
1.02853
1.02861
1.03049
1.03138
1.03004
1.02966
1.03091
1.02919
1.02696
1.02553
1.02551
1.02652
1.026
1.02659
1.02586
1.02739
1.02591
1.02677
1.0289
1.02905
1.02997
1.02915
1.02738
1.02806
1.02809
1.02785
1.02605
1.02422
1.02398
1.02414
1.02493
1.0238
1.02277
1.02483
1.02465
1.02444
1.02374
1.02326
1.02347
1.02468
1.02336
1.02273
1.02211
1.02414
1.02488
1.02482
1.02585
1.0249
1.02674
1.02717
1.02648
1.02724
1.02541
1.02469
1.02502
1.02508
1.02495
1.02306
1.02316
1.02313
1.02317
1.02258
1.02232
1.02301
1.02262
1.02514
1.02486
1.02408
1.02443
1.02496
1.02687
1.02755
1.02876
1.0267
1.02761
1.02848
1.02662
1.02701
1.02722
1.0262
1.02828
1.02914
1.03006
1.0302
1.0271
1.02784
1.02867
1.02875
1.02821
1.02925
1.02933
1.02754
1.02599
1.02671
1.02625
1.02547
1.02558
1.02769
1.02723
1.0258
1.02673
1.02724
1.02745
1.02647
1.02514
1.02342
1.02203
1.02162
1.02185
1.02158
1.01917
1.02128
1.02428
1.02436
1.02528
1.02598
1.02713
1.02563
1.02489
1.025
1.02411
1.02434
1.0247
1.02323
1.02252
1.02091
1.02375
1.02458
1.02421
1.02466
1.02455
1.02348
1.02325
1.02221
1.02275
1.02212
1.02211
1.02244
1.02009
1.02125
1.02039
1.02355
1.02325
1.02172
1.02239
1.02336
1.023
1.02134
1.02113
1.02026
1.02208
1.02144
1.02003
1.01927
1.01897
1.01773
1.01873
1.02049
1.01963
1.02102
1.02029
1.02187
1.02299
1.02517
1.02743
1.02715
1.02652
1.02676
1.02522
1.02401
1.02425
1.02484
1.02593
1.02551
1.02438
1.02384
1.02409
1.02428
1.02554
1.02458
1.02435
1.02181
1.02327
1.02114
1.02218
1.02258
1.0239
1.02508
1.02523
1.02731
1.02601
1.0246
1.02737
1.02774
1.02903
1.02784
1.02761
1.02827
1.02597
1.02546
1.02621
1.02627
1.02683
1.02783
1.02899
1.03035
1.02887
1.02766
1.02783
1.03019
1.02973
1.02832
1.02798
1.02863
1.02937
1.02982
1.03019
1.02971
1.03115
1.02967
1.02966
1.03048
1.0294
1.02963
1.03058
1.03052
1.03123
1.03034
1.03106
1.02978
1.02855
1.02744
1.02393
1.023
1.02195
1.02195
1.02255
1.02333
1.02308
1.02338
1.02238
1.02237
1.02257
1.02129
1.02006
1.02089
1.02195
1.02315
1.0231
1.02308
1.02315
1.0233
1.02469
1.02328
1.0233
1.02225
1.02319
1.02339
1.02422
1.02452
1.02383
1.02376
1.02307
1.02237
1.02069
1.02006
1.01948
1.02019
1.01935
1.01998
1.01996
1.01934
1.02066
1.02075
1.02221
1.02007
1.02053
1.01956
1.01731
1.01583
1.01727
1.0179
1.01804
1.01866
1.02131
1.02178
1.0217
1.02049
1.01976
1.02022
1.01927
1.02041
1.01942
1.02121
1.02218
1.02256
1.02323
1.0229
1.02446
1.02447
1.02515
1.02313
1.02374
1.02384
1.0234
1.02403
1.02509
1.02401
1.02467
1.02699
1.02617
1.02756
1.02829
1.02687
1.02847
1.02804
1.02631
1.02714
1.0264
1.02697
1.02982
1.02902
1.02876
1.02775
1.02821
1.02984
1.02938
1.02831
1.0289
1.02974
1.02911
1.03079
1.03179
1.03079
1.02914
1.02809
1.02701
1.02546
1.02664
1.02636
1.02794
1.03032
1.0328
1.03316
1.03426
1.03245
1.03349
1.03437
1.03486
1.03555
1.03693
1.03537
1.0357
1.03634
1.03584
1.03652
1.03838
1.03742
1.03698
1.03612
1.0351
1.03628
1.03563
1.03594
1.03678
1.03607
1.03707
1.03504
1.03564
1.03587
1.03662
1.03848
1.03657
1.03649
1.03464
1.03451
1.03444
1.03554
1.03589
1.03453
1.03152
1.03264
1.03222
1.03155
1.03271
1.03228
1.03288
1.03182
1.0325
1.03219
1.03196
1.03268
1.03111
1.03102
1.03104
1.0306
1.0323
1.03206
1.031
1.03057
1.03027
1.03051
1.03219
1.03455
1.03626
1.0367
1.03786
1.03777
1.03708
1.03699
1.03791
1.03587
1.03593
1.03735
1.03626
1.03586
1.03718
1.03937
1.03962
1.03748
1.03699
1.03331
1.03339
1.03131
1.02953
1.03053
1.03128
1.03042
1.03066
1.02758
1.02584
1.02552
1.02445
1.02475
1.0243
1.02519
1.02626
1.02497
1.02647
1.02504
1.02464
1.02422
1.02397
1.0235
1.02385
1.02227
1.02212
1.02178
1.02173
1.02187
1.02346
1.02358
1.02304
1.02302
1.02425
1.02384
1.02435
1.02461
1.02485
1.02486
1.02593
1.0261
1.02503
1.02648
1.02744
1.02898
1.02753
1.02763
1.0272
1.02755
1.02887
1.02974
1.0298
1.02919
1.0291
1.03072
1.02896
1.02985
1.02981
1.03014
1.02991
1.02945
1.02895
1.02652
1.02533
1.02735
1.02762
1.02774
1.028
1.02891
1.02924
1.02755
1.02839
1.02803
1.02916
1.03054
1.03049
1.03052
1.03216
1.03031
1.03051
1.03024
1.03077
1.02984
1.03114
1.03044
1.03108
1.03101
1.02916
1.03058
1.03153
1.0318
1.03267
1.03199
1.03265
1.03461
1.0341
1.03324
1.03408
1.03379
1.03457
1.03379
1.03588
1.03569
1.03363
1.03412
1.03554
1.03613
1.03598
1.03676
1.03479
1.03427
1.03402
1.03457
1.03529
1.03333
1.03428
1.03452
1.03389
1.03565
1.03474
1.03455
1.03448
1.0356
1.03543
1.03505
1.03362
1.03169
1.03189
1.03147
1.03135
1.02991
1.03096
1.03179
1.03163
1.03165
1.03415
1.03366
1.03293
1.0328
1.03327
1.03291
1.03274
1.03248
1.03119
1.02934
1.03003
1.02939
1.03126
1.03201
1.03319
1.03359
1.03351
1.03223
1.03104
1.0329
1.03314
1.03434
1.03465
1.03373
1.03487
1.03453
1.03481
1.03396
1.03314
1.03251
1.03199
1.03329
1.03331
1.03376
1.03598
1.037
1.03664
1.03577
1.03442
1.03724
1.03469
1.036
1.03555
1.0358
1.03593
1.03797
1.03801
1.03597
1.03821
1.03846
1.0401
1.04043
1.04122
1.04061
1.04171
1.04298
1.04085
1.04148
1.04193
1.0409
1.04316
1.04162
1.04469
1.04537
1.04517
1.04599
1.04451
1.04623
1.04555
1.04143
1.04114
1.04035
1.04178
1.04309
1.04267
1.04371
1.0433
1.04218
1.04193
1.04305
1.04201
1.04343
1.04435
1.04381
1.04535
1.04507
1.04496
1.04588
1.0429
1.04244
1.0424
1.04254
1.04125
1.04114
1.03898
1.03784
1.03995
1.03931
1.03992
1.03907
1.04064
1.04225
1.04188
1.04002
1.04168
1.0416
1.04112
1.04037
1.04023
1.03883
1.03873
1.04071
1.04204
1.04144
1.04319
1.04257
1.04301
1.04395
1.0433
1.04272
1.04227
1.04078
1.04121
1.04286
1.04447
1.04522
1.04384
1.04525
1.04434
1.04396
1.0436
1.04308
1.04521
1.04734
1.0501
1.05217
1.05227
1.05251
1.05178
1.05255
1.05409
1.05506
1.05381
1.05224
1.05288
1.05151
1.05114
1.05019
1.05032
1.05045
1.0478
1.04761
1.05105
1.05083
1.05169
1.05005
1.05069
1.05027
1.04912
1.04727
1.04642
1.04571
1.04685
1.04679
1.04694
1.046
1.04706
1.04739
1.04547
1.04381
1.04324
1.04095
1.04143
1.04213
1.04298
1.04237
1.04284
1.04525
1.04585
1.04559
1.04473
1.04569
1.0448
1.04482
1.04347
1.04532
1.04563
1.04631
1.04798
1.04902
1.04911
1.04924
1.04897
1.04732
1.04753
1.04679
1.04699
1.04496
1.04434
1.04534
1.04477
1.04433
1.04468
1.0433
1.0437
1.0451
1.04629
1.04856
1.04889
1.04932
1.05048
1.05124
1.05084
1.05052
1.0515
1.05132
1.04956
1.05161
1.05197
1.05189
1.05488
1.05478
1.05521
1.05569
1.05602
1.05458
1.05454
1.05328
1.05183
1.05224
1.054
1.05195
1.05005
1.05098
1.05108
1.04953
1.04945
1.04866
1.0483
1.04688
1.04666
1.04494
1.04853
1.04695
1.04699
1.04681
1.04637
1.04783
1.04964
1.05089
1.05162
1.05174
1.04784
1.04718
1.0464
1.04721
1.04584
1.04715
1.0489
1.04982
1.05003
1.05012
1.04928
1.05048
1.05084
1.05134
1.0505
1.05057
1.05158
1.05071
1.0499
1.04887
1.05024
1.05009
1.04823
1.04791
1.04656
1.04776
1.04841
1.04706
1.04617
1.0433
1.04159
1.04155
1.04017
1.03998
1.03843
1.03884
1.04055
1.04045
1.04195
1.04302
1.04135
1.04091
1.04143
1.04123
1.03924
1.03679
1.03639
1.03654
1.03651
1.03743
1.0379
1.03567
1.03582
1.03593
1.03631
1.03693
1.03781
1.03865
1.03739
1.03845
1.03925
1.04044
1.0413
1.04107
1.041
1.0421
1.04002
1.04054
1.04163
1.04278
1.04189
1.04117
1.04186
1.04206
1.04095
1.03832
1.03942
1.0389
1.03963
1.0383
1.03873
1.03892
1.03969
1.0399
1.04021
1.04063
1.03954
1.04051
1.04062
1.03956
1.041
1.04258
1.04253
1.04165
1.04377
1.04185
1.03949
1.0386
1.03731
1.03478
1.03626
1.03568
1.0353
1.03408
1.03336
1.03301
1.03177
1.0328
1.03234
1.03225
1.03241
1.03243
1.03311
1.03339
1.03429
1.03533
1.03417
1.03517
1.03567
1.03555
1.03336
1.03175
1.03245
1.03093
1.03236
1.03243
1.03142
1.03191
1.03139
1.03054
1.03207
1.03157
1.03038
1.0323
1.03309
1.03332
1.03566
1.03831
1.03898
1.03842
1.04173
1.04129
1.03975
1.03988
1.03986
1.03993
1.04072
1.03963
1.03952
1.0376
1.03756
1.03605
1.03782
1.03582
1.03582
1.03655
1.03759
1.03797
1.03953
1.03985
1.04049
1.04026
1.0412
1.04011
1.04303
1.04223
1.04109
1.04088
1.03924
1.04035
1.03894
1.03672
1.03468
1.033
1.03279
1.03248
1.03311
1.03497
1.03409
1.0336
1.03347
1.03294
1.03162
1.03283
1.03264
1.0324
1.03133
1.03239
1.03189
1.03121
1.03125
1.03008
1.03249
1.03374
1.03381
1.03456
1.03537
1.03769
1.03804
1.03762
1.03645
1.03553
1.0354
1.0362
1.03686
1.03696
1.03852
1.03968
1.04125
1.04132
1.04083
1.04059
1.0411
1.03971
1.03838
1.03903
1.04052
1.04022
1.04036
1.04019
1.04023
1.04138
1.04172
1.04211
1.04198
1.04354
1.04546
1.04305
1.04291
1.04199
1.04256
1.0414
1.04041
1.04034
1.04139
1.0439
1.04317
1.0425
1.04321
1.04454
1.04312
1.04406
1.04481
1.04538
1.04429
1.04448
1.04312
1.04266
1.03966
1.04044
1.03933
1.03872
1.03688
1.03576
1.03755
1.03817
1.03741
1.03805
1.03838
1.03761
1.03835
1.03842
1.03815
1.03916
1.03804
1.0376
1.03926
1.03881
1.03854
1.03785
1.03679
1.03739
1.03624
1.03637
1.03628
1.03546
1.03595
1.0368
1.03647
1.03686
1.03549
1.03535
1.0354
1.03317
1.0309
1.03258
1.03394
1.03343
1.03366
1.03343
1.03298
1.03371
1.03208
1.03291
1.03365
1.03367
1.03132
1.03149
1.03052
1.03151
1.03106
1.03158
1.03098
1.0308
1.03197
1.03241
1.03282
1.03338
1.03327
1.03618
1.03705
1.03844
1.038
1.03738
1.03748
1.0369
1.03473
1.03509
1.03651
1.03741
1.03548
1.0345
1.03444
1.03629
1.03711
1.03758
1.0397
1.04047
1.0398
1.03872
1.04052
1.04052
1.04052
1.04061
1.03979
1.03854
1.0394
1.03877
1.03768
1.03717
1.03755
1.03835
1.03953
1.03988
1.03728
1.03745
1.03739
1.03887
1.04041
1.04206
1.04304
1.04299
1.0392
1.03872
1.03896
1.03795
1.03803
1.03777
1.03811
1.03749
1.03687
1.03719
1.03837
1.03714
1.03693
1.03751
1.03802
1.0391
1.03959
1.03971
1.04161
1.04275
1.04339
1.04325
1.0423
1.04283
1.04003
1.03972
1.04007
1.04004
1.04003
1.03998
1.03912
1.03943
1.03762
1.03638
1.03754
1.0359
1.03664
1.03745
1.03546
1.03575
1.03545
1.03564
1.03425
1.03283
1.03072
1.03051
1.03009
1.0298
1.02947
1.02832
1.02893
1.02932
1.02996
1.03016
1.02978
1.02656
1.02675
1.02647
1.02594
1.0257
1.02559
1.02562
1.02609
1.02655
1.02741
1.02671
1.02643
1.02677
1.02719
1.02797
1.02608
1.02704
1.0263
1.02789
1.02856
1.02801
1.02713
1.02727
1.02643
1.02414
1.02459
1.02431
1.02413
1.02315
1.02092
1.02028
1.02062
1.02055
1.02016
1.01959
1.02177
1.01985
1.01927
1.02092
1.02081
1.021
1.01952
1.02199
1.02273
1.02364
1.0234
1.02529
1.02671
1.0273
1.0271
1.02614
1.02576
1.02445
1.02393
1.02442
1.02692
1.02765
1.02542
1.0237
1.02413
1.02396
1.0234
1.02419
1.02256
1.02245
1.02216
1.02091
1.02227
1.02241
1.02194
1.02279
1.02416
1.0245
1.02551
1.02671
1.02634
1.02653
1.02638
1.02773
1.02966
1.03068
1.03187
1.02954
1.0277
1.02763
1.02475
1.02437
1.02342
1.02355
1.02414
1.02378
1.0254
1.02587
1.02442
1.02203
1.02238
1.02263
1.02047
1.01988
1.01802
1.01621
1.0161
1.01559
1.01752
1.01477
1.01494
1.01414
1.0156
1.01635
1.01659
1.01661
1.01655
1.01548
1.01525
1.01562
1.01574
1.01505
1.01634
1.01681
1.01764
1.01614
1.01687
1.01477
1.01272
1.01171
1.01395
1.01319
1.01321
1.01247
1.01453
1.01359
1.01376
1.01558
1.01544
1.01704
1.01922
1.01867
1.01699
1.01633
1.01738
1.01504
1.01472
1.0126
1.01225
1.01201
1.0108
1.01028
1.00898
1.01026
1.01001
1.01073
1.01237
1.01259
1.01265
1.01322
1.01198
1.01233
1.00903
1.01036
1.00931
1.0087
1.00756
1.00585
1.00731
1.0083
1.00811
1.00874
1.00915
1.00947
1.01035
1.00896
1.00801
1.00719
1.00736
1.00863
1.0074
1.00636
1.00622
1.00879
1.01015
1.01097
1.00944
1.00832
1.00657
1.00868
1.00742
1.00981
1.00916
1.01032
1.00928
1.01012
1.01001
1.00926
1.00752
1.0063
1.00493
1.00404
1.00402
1.00342
1.00415
1.00497
1.00566
1.00621
1.00662
1.00698
1.00624
1.00696
1.0081
1.00752
1.00779
1.00767
1.00798
1.00773
1.00706
1.00685
1.0044
1.00525
1.00615
1.00653
1.00555
1.00573
1.00538
1.00526
1.00574
1.00322
1.00321
1.00475
1.00454
1.00327
1.00424
1.00457
1.00272
1.00122
1.00113
1.00113
0.99987
1.002
1.00231
1.00328
1.00372
1.00315
1.00508
1.0071
1.00704
1.00931
1.0103
1.01062
1.00941
1.00984
1.0094
1.00967
1.00912
1.00871
1.00931
1.01109
1.01067
1.01173
1.0117
1.01147
1.01033
1.01129
1.01193
1.01276
1.01373
1.0139
1.01535
1.01496
1.01424
1.01609
1.01606
1.01618
1.01487
1.01617
1.01603
1.01393
1.01491
1.01589
1.01683
1.01496
1.0162
1.01609
1.01437
1.01395
1.01438
1.01657
1.01579
1.01528
1.01421
1.01474
1.01507
1.01507
1.01344
1.01336
1.01417
1.01585
1.01603
1.01622
1.01612
1.01695
1.01423
1.0145
1.01319
1.01202
1.01178
1.01337
1.01284
1.01368
1.01437
1.01606
1.01842
1.01969
1.02035
1.02055
1.02084
1.02271
1.02197
1.02098
1.01935
1.01979
1.01923
1.0198
1.0214
1.02211
1.02385
1.02664
1.02608
1.02549
1.0251
1.02707
1.02752
1.02701
1.02804
1.02821
1.02692
1.02692
1.02809
1.0299
1.02999
1.02966
1.02895
1.02839
1.02794
1.02666
1.02574
1.0269
1.02629
1.02718
1.02808
1.02726
1.02822
1.02792
1.02711
1.0256
1.02454
1.02289
1.0219
1.02033
1.01973
1.02036
1.02098
1.0204
1.0205
1.01984
1.01934
1.01823
1.01554
1.01651
1.01543
1.01406
1.01438
1.01409
1.01651
1.0173
1.01815
1.02028
1.02022
1.02028
1.01959
1.01981
1.0201
1.02043
1.02107
1.02222
1.02175
1.02137
1.02156
1.02147
1.02129
1.02213
1.01961
1.0177
1.01871
1.02017
1.02001
1.01934
1.02009
1.02189
1.02048
1.02021
1.01956
1.01959
1.02024
1.02079
1.02051
1.01847
1.01858
1.01903
1.01755
1.01702
1.01634
1.01493
1.01427
1.01409
1.01465
1.0158
1.01527
1.01491
1.01649
1.01494
1.01365
1.01459
1.01565
1.01518
1.01522
1.01559
1.01553
1.01592
1.0152
1.01426
1.01396
1.01249
1.01403
1.01501
1.01516
1.01505
1.01612
1.0174
1.01868
1.01883
1.01711
1.01632
1.01715
1.01485
1.01225
1.01139
1.01168
1.01042
1.0114
1.0108
1.00941
1.00987
1.00788
1.0072
1.00609
1.00658
1.00851
1.0091
1.00917
1.00892
1.00919
1.0085
1.00859
1.00843
1.00879
1.00704
1.00555
1.00641
1.00707
1.00619
1.00363
1.00642
1.00454
1.00461
1.00724
1.00602
1.0055
1.0052
1.00588
1.00674
1.00615
1.00462
1.00487
1.00371
1.00374
1.0051
1.00578
1.0056
1.00622
1.00511
1.0063
1.00678
1.00551
1.00656
1.0056
1.00406
1.00343
1.00312
1.00279
1.00377
1.0047
1.00507
1.0045
1.00401
1.00734
1.00731
1.0071
1.00648
1.00676
1.0071
1.00631
1.00669
1.0068
1.00762
1.00539
1.00629
1.00562
1.00665
1.00677
1.00554
1.00503
1.00497
1.00492
1.00438
1.00415
1.00468
1.00342
1.00178
1.00116
1.00299
1.003
1.00203
1.00187
1.00102
1.00133
1.00134
1.00172
1.00048
0.998437
0.997583
0.99769
0.999557
0.99898
0.998959
0.997682
0.999228
0.997984
0.997337
0.996612
0.996567
0.997329
0.996535
0.997324
0.997104
0.998721
1.00017
1.00053
1.00257
1.00215
1.00387
1.00265
1.00338
1.00594
1.00705
1.00748
1.00766
1.00884
1.00938
1.00946
1.00995
1.01085
1.01047
1.00946
1.00909
1.00928
1.00946
1.01106
1.01108
1.01253
1.01264
1.01388
1.01254
1.01144
1.0104
1.01234
1.01417
1.0152
1.01542
1.01615
1.01561
1.01648
1.01479
1.01457
1.01751
1.01697
1.01687
1.01659
1.01708
1.0174
1.01936
1.01966
1.01816
1.01761
1.01678
1.01677
1.01621
1.01532
1.01603
1.01598
1.01527
1.0137
1.01222
1.01115
1.01218
1.01352
1.01422
1.01312
1.01426
1.01575
1.01591
1.01525
1.01657
1.01618
1.01507
1.01344
1.01205
1.01413
1.01508
1.01685
1.01549
1.01564
1.01447
1.01417
1.01288
1.01429
1.01432
1.01428
1.01449
1.01426
1.01396
1.01527
1.01463
1.01629
1.01456
1.01611
1.01718
1.01972
1.01998
1.02101
1.02116
1.0219
1.02239
1.02088
1.0202
1.02175
1.02308
1.02325
1.0223
1.02154
1.02048
1.01964
1.02031
1.01993
1.02102
1.02234
1.02206
1.02048
1.02185
1.01803
1.01579
1.01609
1.01902
1.01881
1.02029
1.01746
1.01802
1.01779
1.01798
1.01782
1.01825
1.01909
1.02047
1.0216
1.02156
1.02193
1.01962
1.01932
1.01929
1.01738
1.01718
1.0177
1.01691
1.01736
1.01866
1.01787
1.01949
1.02042
1.01978
1.02032
1.019
1.01906
1.01843
1.01693
1.01701
1.01727
1.01782
1.0182
1.01756
1.01744
1.01724
1.01568
1.01739
1.01823
1.0173
1.01688
1.01634
1.01625
1.01735
1.01708
1.01698
1.01952
1.01933
1.01806
1.01711
1.01708
1.01894
1.01916
1.01692
1.01492
1.01465
1.01679
1.01832
1.01809
1.01818
1.01747
1.01822
1.01838
1.01796
1.01701
1.01722
1.01756
1.01855
1.02044
1.0202
1.01985
1.02059
1.01991
1.02093
1.01952
1.01957
1.0194
1.01956
1.01902
1.01972
1.02252
1.02236
1.0232
1.02445
1.02466
1.02425
1.02425
1.02508
1.02499
1.02479
1.02467
1.02486
1.02369
1.02167
1.0212
1.02286
1.02445
1.02532
1.02473
1.02367
1.02499
1.02524
1.02529
1.02327
1.02351
1.02424
1.0235
1.0248
1.02329
1.02332
1.0224
1.02309
1.02107
1.02095
1.02044
1.02022
1.02024
1.02188
1.02094
1.02155
1.01946
1.02107
1.02021
1.01951
1.02039
1.02038
1.0195
1.01931
1.0174
1.01427
1.01461
1.01444
1.01359
1.01479
1.01388
1.01507
1.01428
1.01558
1.01625
1.0172
1.01806
1.01681
1.01599
1.01515
1.01478
1.01616
1.0162
1.01573
1.01416
1.01303
1.01278
1.01401
1.01399
1.01498
1.01577
1.01585
1.01492
1.01576
1.016
1.01639
1.01713
1.0146
1.01357
1.01425
1.01343
1.01319
1.01316
1.01215
1.01127
1.01392
1.01527
1.01466
1.01526
1.01554
1.01774
1.02027
1.01981
1.01966
1.01819
1.01853
1.02057
1.01994
1.01901
1.02084
1.02024
1.0189
1.01782
1.01825
1.01843
1.02036
1.01998
1.02053
1.0218
1.02087
1.01918
1.02076
1.02099
1.02065
1.02155
1.02166
1.02165
1.02169
1.02302
1.0213
1.02164
1.02313
1.02407
1.02486
1.02635
1.02622
1.02634
1.02628
1.02901
1.02837
1.02825
1.02918
1.02882
1.02963
1.0295
1.02763
1.02578
1.02507
1.02474
1.02454
1.02534
1.02478
1.02631
1.02746
1.0271
1.0278
1.02656
1.02746
1.02766
1.0297
1.03067
1.03046
1.03005
1.02846
1.0287
1.02817
1.02767
1.02848
1.02797
1.02682
1.02752
1.02671
1.0296
1.03048
1.0287
1.02803
1.02604
1.02525
1.02492
1.02433
1.02481
1.02483
1.02414
1.02331
1.02367
1.02493
1.02648
1.02752
1.02627
1.02327
1.02299
1.02377
1.02259
1.02084
1.02075
1.0189
1.01876
1.0193
1.02249
1.02237
1.02154
1.0223
1.02214
1.02193
1.02149
1.02089
1.02201
1.02252
1.02115
1.02034
1.0202
1.02084
1.02261
1.02069
1.01906
1.01733
1.01752
1.01808
1.02141
1.02161
1.0214
1.02201
1.02322
1.0234
1.02202
1.0238
1.02064
1.02141
1.01932
1.0188
1.01992
1.02121
1.02105
1.02209
1.02369
1.02424
1.02327
1.02448
1.02403
1.02467
1.02568
1.02478
1.0268
1.02633
1.02631
1.02566
1.02662
1.02567
1.02533
1.02581
1.02486
1.02531
1.02638
1.02546
1.02544
1.02421
1.02187
1.02249
1.02241
1.02127
1.02216
1.02287
1.02404
1.02183
1.02245
1.02259
1.02189
1.02102
1.01976
1.02119
1.01877
1.01934
1.01902
1.01834
1.01978
1.01903
1.01866
1.01915
1.01918
1.01934
1.02158
1.01913
1.01875
1.01943
1.02065
1.02263
1.02407
1.02324
1.02327
1.02273
1.0231
1.02337
1.02185
1.01987
1.01854
1.0173
1.01645
1.01784
1.0172
1.01724
1.01641
1.01854
1.01734
1.0168
1.0172
1.01883
1.01793
1.01685
1.01601
1.01701
1.01675
1.01756
1.01831
1.02057
1.02007
1.01871
1.01879
1.01733
1.01727
1.01689
1.01915
1.0181
1.01639
1.01638
1.01533
1.01501
1.0159
1.01559
1.01706
1.01688
1.01717
1.01737
1.01732
1.02032
1.02089
1.01964
1.02064
1.02305
1.02457
1.02371
1.02306
1.02276
1.02424
1.02547
1.02425
1.02341
1.02304
1.02156
1.02299
1.02304
1.02244
1.02186
1.02494
1.02515
1.02418
1.02344
1.022
1.02309
1.02305
1.02214
1.0228
1.02265
1.0241
1.02421
1.02515
1.02642
1.02729
1.02727
1.02716
1.02598
1.02687
1.02623
1.0261
1.02552
1.0275
1.02581
1.025
1.02335
1.02242
1.02222
1.02372
1.02378
1.0231
1.02111
1.02243
1.02213
1.02187
1.02213
1.02089
1.02219
1.0227
1.0217
1.02318
1.02296
1.02472
1.02288
1.02303
1.02164
1.02329
1.02197
1.02364
1.02308
1.02387
1.02427
1.02427
1.02332
1.02198
1.02304
1.02451
1.02391
1.02353
1.02434
1.02352
1.02453
1.02503
1.02632
1.02768
1.02751
1.02702
1.02708
1.02799
1.02656
1.02845
1.02948
1.03139
1.03133
1.03099
1.03064
1.03037
1.02983
1.03033
1.03062
1.0301
1.03057
1.02847
1.02919
1.03015
1.03032
1.03118
1.03199
1.0318
1.03086
1.03197
1.03278
1.03189
1.0297
1.0299
1.03083
1.02853
1.02967
1.03176
1.03146
1.02957
1.02967
1.0297
1.0302
1.03155
1.0307
1.02887
1.02954
1.02857
1.02965
1.02941
1.02856
1.0303
1.03178
1.03142
1.03098
1.03094
1.0315
1.0317
1.03185
1.03192
1.0315
1.02927
1.02747
1.02699
1.02693
1.02536
1.02484
1.02504
1.02645
1.02702
1.0281
1.02871
1.02985
1.03024
1.03183
1.03255
1.03256
1.03188
1.03342
1.03267
1.03532
1.03449
1.03568
1.03569
1.03692
1.03825
1.03965
1.03918
1.03868
1.03984
1.04037
1.03813
1.0375
1.0374
1.03742
1.03758
1.03674
1.03732
1.03683
1.03573
1.03499
1.03465
1.03132
1.02956
1.03064
1.03103
1.03142
1.03109
1.03002
1.02895
1.02803
1.02913
1.03026
1.03028
1.02907
1.02931
1.02967
1.02988
1.03283
1.03407
1.03315
1.02949
1.02827
1.02836
1.03001
1.03028
1.03068
1.03025
1.03011
1.02856
1.02733
1.03009
1.03129
1.03191
1.03267
1.03226
1.03217
1.03082
1.03177
1.03114
1.0299
1.0309
1.03155
1.03055
1.03003
1.02934
1.02853
1.02861
1.02884
1.02835
1.02956
1.03053
1.02688
1.02743
1.0269
1.02723
1.02616
1.0244
1.02467
1.02324
1.02279
1.02245
1.02319
1.02231
1.02133
1.02021
1.02158
1.02085
1.01892
1.01895
1.01703
1.01747
1.01678
1.01592
1.01656
1.01625
1.01475
1.01593
1.01607
1.01681
1.01767
1.01787
1.01884
1.02
1.01974
1.01961
1.01892
1.01876
1.01979
1.02069
1.02326
1.02265
1.02116
1.02315
1.0233
1.02599
1.02636
1.02582
1.02537
1.0266
1.02812
1.02852
1.02791
1.02715
1.02692
1.02788
1.02644
1.02768
1.02648
1.026
1.02444
1.02553
1.02459
1.024
1.02432
1.02251
1.02173
1.02268
1.02112
1.0202
1.02033
1.01843
1.02009
1.02056
1.02073
1.02074
1.02273
1.02295
1.02205
1.02037
1.01955
1.02055
1.01925
1.01889
1.01945
1.01883
1.01897
1.02067
1.0216
1.02035
1.01956
1.0193
1.01792
1.01912
1.02001
1.02053
1.02156
1.02201
1.02237
1.02274
1.02346
1.02307
1.0217
1.02103
1.02294
1.02306
1.02203
1.02211
1.02196
1.02257
1.02097
1.02074
1.02004
1.02068
1.02134
1.02162
1.02118
1.02161
1.02228
1.02374
1.02383
1.02548
1.02506
1.02588
1.02642
1.02546
1.02448
1.02598
1.02833
1.02847
1.03086
1.02941
1.03075
1.03241
1.0323
1.03272
1.03239
1.03174
1.03137
1.02976
1.0298
1.03209
1.03028
1.03144
1.03312
1.03163
1.03182
1.0307
1.03134
1.03275
1.03251
1.03356
1.03247
1.03257
1.03153
1.02997
1.02922
1.02847
1.02832
1.02906
1.02773
1.02714
1.02501
1.02365
1.02145
1.02103
1.02162
1.02124
1.02013
1.02057
1.02043
1.02055
1.0211
1.02109
1.01971
1.01856
1.01983
1.01959
1.01851
1.01598
1.01455
1.01473
1.01301
1.01525
1.01611
1.0159
1.01804
1.01919
1.01867
1.01903
1.01759
1.01826
1.01981
1.02014
1.02042
1.02084
1.02188
1.02041
1.02156
1.02021
1.02012
1.01851
1.01885
1.02079
1.02146
1.02175
1.0212
1.02179
1.02384
1.02298
1.02276
1.02203
1.0223
1.02247
1.02385
1.02327
1.02284
1.02256
1.02242
1.0228
1.02332
1.02322
1.02247
1.02266
1.02219
1.02045
1.02139
1.02249
1.02035
1.01996
1.02083
1.01896
1.02005
1.01977
1.02103
1.02261
1.02248
1.02174
1.02424
1.02335
1.02326
1.02494
1.02507
1.02622
1.02585
1.02514
1.02474
1.02392
1.02451
1.02315
1.02466
1.02688
1.02504
1.02555
1.02699
1.02901
1.02796
1.03044
1.03046
1.03043
1.03217
1.03242
1.03313
1.0342
1.03414
1.03622
1.03413
1.03345
1.03385
1.03272
1.03395
1.03476
1.03463
1.03564
1.03521
1.03496
